# Ep lEiso
38.872 -8.928
40.362 -8.982
43.921 -8.979
45.046 -8.865
45.558 -8.939
46.363 -9.171
46.863 -9.119
47.304 -9.005
47.753 -9.113
47.770 -9.186
48.087 -9.014
48.635 -9.114
48.838 -8.851
49.170 -8.982
49.439 -9.100
49.551 -9.281
50.034 -9.022
50.111 -8.879
50.296 -9.314
50.345 -9.142
50.478 -8.991
50.500 -9.057
50.567 -9.223
50.661 -8.979
50.740 -9.070
50.859 -9.242
50.863 -8.992
50.938 -9.183
51.001 -9.175
51.048 -9.519
51.488 -9.533
51.509 -9.550
51.543 -9.344
51.677 -9.306
51.838 -9.549
51.855 -9.614
52.007 -9.446
52.076 -9.491
52.084 -9.608
52.192 -9.483
52.240 -9.582
52.278 -9.553
52.348 -9.635
52.360 -9.642
52.379 -9.588
52.426 -9.527
52.537 -9.681
52.711 -9.553
52.724 -9.591
52.735 -9.656
52.750 -9.598
52.779 -9.700
52.851 -9.668
52.880 -9.647
52.968 -9.602
52.980 -9.663
53.018 -9.675
53.229 -9.596
53.266 -9.676
53.388 -9.725
53.388 -9.722
53.454 -9.704
53.505 -9.698
53.591 -9.672
53.596 -9.732
53.659 -9.717
53.697 -9.628
53.821 -9.549
53.833 -9.607
53.877 -9.634
53.941 -9.701
53.942 -9.702
53.957 -9.635
53.986 -9.678
54.035 -9.723
54.069 -9.664
54.088 -9.595
54.174 -9.671
54.237 -9.655
54.240 -9.649
54.272 -9.689
54.282 -9.592
54.295 -9.684
54.325 -9.656
54.361 -9.663
54.376 -9.668
54.391 -9.679
54.468 -9.642
54.478 -9.676
54.492 -9.674
54.506 -9.667
54.540 -9.617
54.543 -9.631
54.547 -9.603
54.600 -9.604
54.613 -9.652
54.650 -9.735
54.732 -9.602
54.760 -9.677
54.761 -9.657
54.788 -9.697
54.791 -9.708
54.794 -9.730
54.798 -9.672
54.809 -9.626
54.824 -9.615
54.828 -9.667
54.863 -9.641
54.899 -9.649
54.911 -9.725
54.930 -9.701
54.932 -9.725
54.953 -9.664
54.980 -9.679
54.983 -9.657
55.000 -9.648
55.020 -9.591
55.199 -9.696
55.202 -9.586
55.225 -9.641
55.250 -9.692
55.256 -9.648
55.261 -9.653
55.283 -9.744
55.295 -9.629
55.302 -9.623
55.364 -9.735
55.370 -9.688
55.388 -9.620
55.414 -9.717
55.427 -9.676
55.459 -9.704
55.473 -9.666
55.498 -9.757
55.502 -9.673
55.555 -9.673
55.561 -9.584
55.612 -9.662
55.616 -9.694
55.646 -9.596
55.667 -9.626
55.673 -9.595
55.678 -9.636
55.727 -9.637
55.733 -9.622
55.741 -9.685
55.798 -9.713
55.805 -9.658
55.890 -9.666
55.894 -9.725
55.894 -9.567
55.975 -9.648
55.992 -9.738
56.019 -9.684
56.050 -9.701
56.097 -9.658
56.111 -9.687
56.114 -9.594
56.158 -9.663
56.171 -9.774
56.179 -9.739
56.199 -9.649
56.201 -9.683
56.217 -9.730
56.227 -9.642
56.265 -9.654
56.294 -9.636
56.377 -9.636
56.385 -9.623
56.402 -9.625
56.412 -9.643
56.433 -9.661
56.434 -9.676
56.483 -9.700
56.497 -9.565
56.503 -9.700
56.519 -9.603
56.521 -9.547
56.537 -9.622
56.545 -9.727
56.562 -9.640
56.596 -9.576
56.603 -9.724
56.613 -9.667
56.614 -9.629
56.666 -9.664
56.704 -9.622
56.720 -9.637
56.725 -9.576
56.754 -9.669
56.765 -9.634
56.778 -9.647
56.778 -9.652
56.793 -9.731
56.839 -9.748
56.865 -9.552
56.889 -9.614
56.901 -9.673
56.910 -9.628
56.916 -9.680
56.921 -9.706
56.929 -9.596
56.971 -9.732
56.983 -9.602
57.008 -9.725
57.014 -9.641
57.017 -9.730
57.030 -9.644
57.045 -9.666
57.055 -9.709
57.072 -9.636
57.078 -9.530
57.088 -9.623
57.135 -9.650
57.166 -9.703
57.173 -9.666
57.174 -9.700
57.182 -9.548
57.198 -9.558
57.205 -9.616
57.241 -9.603
57.358 -9.676
57.361 -9.609
57.368 -9.669
57.369 -9.633
57.404 -9.621
57.419 -9.539
57.429 -9.643
57.429 -9.668
57.439 -9.615
57.493 -9.636
57.496 -9.680
57.505 -9.603
57.575 -9.674
57.604 -9.645
57.625 -9.600
57.683 -9.622
57.722 -9.582
57.726 -9.720
57.762 -9.636
57.767 -9.648
57.795 -9.639
57.798 -9.593
57.813 -9.657
57.819 -9.686
57.819 -9.635
57.848 -9.628
57.869 -9.627
57.929 -9.685
57.930 -9.730
57.956 -9.728
57.976 -9.654
57.978 -9.703
58.026 -9.565
58.026 -9.629
58.026 -9.610
58.036 -9.679
58.041 -9.596
58.059 -9.654
58.074 -9.624
58.080 -9.640
58.081 -9.733
58.094 -9.636
58.154 -9.675
58.231 -9.575
58.232 -9.669
58.245 -9.666
58.288 -9.651
58.297 -9.571
58.303 -9.559
58.308 -9.638
58.326 -9.733
58.345 -9.676
58.347 -9.662
58.350 -9.575
58.355 -9.545
58.387 -9.753
58.402 -9.576
58.422 -9.689
58.427 -9.667
58.428 -9.563
58.433 -9.667
58.442 -9.707
58.456 -9.642
58.473 -9.687
58.482 -9.582
58.498 -9.735
58.503 -9.611
58.549 -9.689
58.550 -9.637
58.570 -9.660
58.571 -9.698
58.617 -9.592
58.672 -9.603
58.687 -9.528
58.715 -9.719
58.757 -9.658
58.771 -9.538
58.838 -9.675
58.866 -9.680
58.872 -9.677
58.874 -9.699
58.892 -9.613
58.911 -9.544
58.915 -9.696
58.934 -9.682
58.941 -9.715
58.974 -9.688
58.976 -9.654
58.977 -9.696
59.000 -9.642
59.014 -9.698
59.020 -9.727
59.031 -9.639
59.046 -9.658
59.062 -9.673
59.074 -9.692
59.096 -9.647
59.097 -9.558
59.100 -9.604
59.182 -9.615
59.198 -9.700
59.259 -9.519
59.261 -9.671
59.285 -9.684
59.297 -9.625
59.335 -9.616
59.345 -9.578
59.356 -9.627
59.361 -9.695
59.362 -9.587
59.363 -9.636
59.372 -9.653
59.379 -9.619
59.383 -9.675
59.397 -9.550
59.443 -9.569
59.487 -9.596
59.498 -9.645
59.526 -9.615
59.546 -9.624
59.579 -9.691
59.579 -9.587
59.599 -9.571
59.612 -9.651
59.632 -9.627
59.650 -9.700
59.651 -9.620
59.659 -9.662
59.679 -9.683
59.686 -9.656
59.688 -9.590
59.694 -9.654
59.716 -9.676
59.730 -9.670
59.742 -9.577
59.786 -9.631
59.795 -9.570
59.847 -9.666
59.849 -9.563
59.883 -9.604
59.886 -9.657
59.894 -9.583
59.895 -9.509
59.898 -9.663
59.909 -9.591
59.933 -9.664
60.028 -9.656
60.034 -9.686
60.034 -9.613
60.078 -9.647
60.131 -9.669
60.140 -9.698
60.156 -9.503
60.159 -9.523
60.172 -9.698
60.179 -9.532
60.183 -9.662
60.184 -9.671
60.233 -9.686
60.294 -9.542
60.311 -9.588
60.330 -9.692
60.358 -9.679
60.372 -9.626
60.375 -9.523
60.423 -9.537
60.456 -9.595
60.479 -9.685
60.502 -9.616
60.517 -9.680
60.520 -9.551
60.524 -9.685
60.540 -9.626
60.559 -9.555
60.578 -9.618
60.591 -9.623
60.598 -9.715
60.606 -9.601
60.610 -9.634
60.610 -9.514
60.638 -9.621
60.642 -9.627
60.648 -9.540
60.656 -9.667
60.687 -9.599
60.693 -9.646
60.696 -9.704
60.720 -9.633
60.730 -9.574
60.741 -9.622
60.766 -9.520
60.777 -9.579
60.793 -9.508
60.882 -9.576
60.891 -9.556
60.907 -9.609
60.917 -9.617
60.921 -9.561
60.924 -9.616
60.932 -9.555
60.952 -9.664
60.993 -9.652
61.007 -9.669
61.010 -9.579
61.010 -9.682
61.014 -9.679
61.019 -9.645
61.030 -9.578
61.032 -9.615
61.033 -9.564
61.033 -9.653
61.047 -9.607
61.054 -9.668
61.093 -9.568
61.109 -9.530
61.113 -9.608
61.118 -9.612
61.123 -9.684
61.141 -9.653
61.145 -9.580
61.156 -9.528
61.157 -9.527
61.160 -9.672
61.207 -9.680
61.209 -9.641
61.252 -9.609
61.253 -9.650
61.255 -9.502
61.273 -9.610
61.274 -9.680
61.299 -9.711
61.308 -9.570
61.309 -9.681
61.313 -9.665
61.333 -9.667
61.352 -9.657
61.358 -9.584
61.365 -9.632
61.376 -9.530
61.401 -9.600
61.428 -9.619
61.434 -9.544
61.440 -9.642
61.452 -9.593
61.465 -9.561
61.484 -9.559
61.518 -9.646
61.539 -9.647
61.546 -9.700
61.559 -9.525
61.561 -9.577
61.590 -9.651
61.593 -9.667
61.616 -9.577
61.629 -9.572
61.653 -9.659
61.687 -9.608
61.709 -9.570
61.723 -9.658
61.747 -9.599
61.747 -9.620
61.749 -9.593
61.753 -9.626
61.783 -9.694
61.786 -9.668
61.878 -9.642
61.879 -9.539
61.886 -9.582
61.918 -9.513
61.953 -9.664
61.956 -9.617
61.962 -9.467
61.968 -9.523
61.970 -9.556
61.992 -9.616
62.004 -9.665
62.020 -9.643
62.024 -9.707
62.030 -9.648
62.035 -9.644
62.037 -9.565
62.038 -9.549
62.040 -9.595
62.047 -9.597
62.055 -9.549
62.106 -9.652
62.119 -9.649
62.122 -9.597
62.166 -9.727
62.170 -9.663
62.181 -9.672
62.195 -9.620
62.201 -9.643
62.269 -9.588
62.272 -9.613
62.276 -9.574
62.302 -9.580
62.311 -9.499
62.342 -9.631
62.376 -9.527
62.378 -9.693
62.392 -9.486
62.422 -9.716
62.442 -9.655
62.450 -9.620
62.470 -9.560
62.485 -9.597
62.492 -9.663
62.495 -9.603
62.503 -9.555
62.539 -9.589
62.544 -9.585
62.553 -9.584
62.564 -9.492
62.568 -9.653
62.575 -9.680
62.587 -9.620
62.612 -9.583
62.616 -9.567
62.618 -9.617
62.619 -9.629
62.620 -9.578
62.624 -9.489
62.626 -9.647
62.647 -9.620
62.660 -9.589
62.664 -9.548
62.688 -9.517
62.724 -9.555
62.727 -9.606
62.735 -9.665
62.747 -9.542
62.757 -9.577
62.759 -9.601
62.801 -9.530
62.813 -9.587
62.837 -9.580
62.839 -9.599
62.842 -9.526
62.844 -9.618
62.845 -9.603
62.848 -9.661
62.857 -9.602
62.881 -9.536
62.884 -9.641
62.886 -9.681
62.890 -9.622
62.913 -9.639
62.920 -9.610
62.969 -9.680
62.982 -9.674
62.998 -9.664
63.006 -9.600
63.016 -9.591
63.037 -9.563
63.047 -9.654
63.056 -9.559
63.101 -9.607
63.142 -9.692
63.156 -9.589
63.227 -9.642
63.240 -9.594
63.248 -9.562
63.263 -9.602
63.270 -9.690
63.280 -9.603
63.296 -9.611
63.314 -9.610
63.319 -9.607
63.339 -9.573
63.351 -9.550
63.359 -9.507
63.362 -9.562
63.365 -9.677
63.378 -9.661
63.395 -9.554
63.395 -9.502
63.406 -9.628
63.407 -9.613
63.421 -9.478
63.435 -9.616
63.457 -9.530
63.529 -9.601
63.537 -9.499
63.572 -9.487
63.576 -9.630
63.583 -9.591
63.591 -9.572
63.643 -9.613
63.646 -9.601
63.656 -9.608
63.665 -9.667
63.666 -9.622
63.723 -9.585
63.724 -9.618
63.731 -9.489
63.761 -9.649
63.761 -9.498
63.778 -9.605
63.803 -9.610
63.817 -9.562
63.836 -9.712
63.856 -9.563
63.872 -9.711
63.881 -9.708
63.927 -9.502
63.931 -9.599
63.948 -9.575
63.955 -9.577
63.955 -9.502
63.979 -9.668
64.003 -9.598
64.008 -9.594
64.038 -9.634
64.040 -9.536
64.070 -9.597
64.089 -9.591
64.100 -9.591
64.109 -9.580
64.154 -9.556
64.161 -9.553
64.163 -9.557
64.194 -9.614
64.207 -9.556
64.219 -9.592
64.235 -9.531
64.241 -9.620
64.260 -9.604
64.262 -9.572
64.298 -9.614
64.300 -9.608
64.305 -9.655
64.318 -9.640
64.330 -9.663
64.346 -9.595
64.351 -9.526
64.353 -9.587
64.360 -9.578
64.373 -9.544
64.375 -9.658
64.451 -9.474
64.451 -9.504
64.452 -9.572
64.453 -9.623
64.457 -9.672
64.463 -9.674
64.474 -9.608
64.480 -9.552
64.480 -9.510
64.482 -9.570
64.484 -9.578
64.503 -9.512
64.548 -9.516
64.570 -9.569
64.586 -9.609
64.587 -9.566
64.601 -9.707
64.653 -9.582
64.659 -9.633
64.660 -9.563
64.662 -9.675
64.683 -9.637
64.685 -9.712
64.705 -9.584
64.740 -9.547
64.741 -9.620
64.744 -9.596
64.751 -9.653
64.776 -9.642
64.811 -9.543
64.813 -9.594
64.825 -9.597
64.869 -9.569
64.870 -9.610
64.875 -9.539
64.877 -9.687
64.887 -9.557
64.887 -9.624
64.888 -9.672
64.919 -9.656
64.926 -9.564
64.950 -9.568
64.951 -9.649
64.956 -9.563
64.963 -9.574
64.979 -9.609
64.988 -9.530
65.009 -9.586
65.027 -9.634
65.051 -9.567
65.109 -9.525
65.148 -9.534
65.149 -9.573
65.155 -9.700
65.155 -9.561
65.170 -9.598
65.176 -9.610
65.179 -9.602
65.183 -9.446
65.209 -9.528
65.221 -9.634
65.227 -9.640
65.242 -9.567
65.264 -9.547
65.294 -9.624
65.304 -9.623
65.319 -9.555
65.355 -9.626
65.368 -9.474
65.371 -9.520
65.378 -9.640
65.415 -9.617
65.416 -9.671
65.450 -9.555
65.478 -9.674
65.521 -9.477
65.524 -9.575
65.582 -9.624
65.632 -9.577
65.635 -9.480
65.646 -9.561
65.659 -9.588
65.665 -9.637
65.669 -9.660
65.783 -9.557
65.804 -9.576
65.804 -9.508
65.814 -9.614
65.816 -9.633
65.844 -9.628
65.896 -9.690
65.908 -9.537
65.934 -9.680
65.935 -9.619
65.965 -9.588
65.965 -9.559
65.977 -9.558
65.981 -9.456
66.009 -9.624
66.021 -9.555
66.033 -9.538
66.033 -9.560
66.059 -9.641
66.070 -9.604
66.081 -9.585
66.089 -9.521
66.101 -9.569
66.118 -9.551
66.133 -9.638
66.170 -9.574
66.179 -9.435
66.181 -9.569
66.189 -9.582
66.236 -9.558
66.251 -9.582
66.290 -9.610
66.311 -9.493
66.316 -9.524
66.319 -9.582
66.366 -9.541
66.378 -9.573
66.385 -9.606
66.386 -9.486
66.412 -9.529
66.458 -9.492
66.504 -9.610
66.512 -9.570
66.514 -9.641
66.547 -9.590
66.548 -9.597
66.587 -9.620
66.621 -9.592
66.623 -9.557
66.625 -9.480
66.626 -9.597
66.649 -9.624
66.652 -9.612
66.688 -9.526
66.689 -9.633
66.705 -9.533
66.753 -9.524
66.771 -9.526
66.804 -9.565
66.838 -9.553
66.844 -9.579
66.846 -9.673
66.871 -9.620
66.873 -9.575
66.873 -9.460
66.880 -9.473
66.901 -9.490
66.915 -9.495
66.976 -9.526
66.984 -9.461
67.004 -9.627
67.091 -9.508
67.098 -9.513
67.113 -9.536
67.124 -9.580
67.168 -9.552
67.220 -9.532
67.229 -9.561
67.233 -9.556
67.242 -9.561
67.266 -9.569
67.307 -9.527
67.320 -9.531
67.335 -9.528
67.362 -9.558
67.368 -9.590
67.369 -9.447
67.386 -9.617
67.394 -9.565
67.444 -9.548
67.496 -9.631
67.571 -9.502
67.588 -9.471
67.653 -9.514
67.731 -9.551
67.738 -9.522
67.743 -9.663
67.763 -9.545
67.784 -9.512
67.817 -9.462
67.824 -9.475
67.827 -9.537
67.830 -9.478
67.842 -9.459
67.843 -9.507
67.894 -9.612
67.929 -9.469
67.944 -9.531
67.994 -9.624
67.997 -9.507
68.020 -9.593
68.047 -9.489
68.054 -9.517
68.061 -9.556
68.061 -9.528
68.205 -9.505
68.220 -9.587
68.250 -9.530
68.265 -9.655
68.281 -9.666
68.490 -9.567
68.531 -9.577
68.541 -9.564
68.613 -9.588
68.616 -9.450
68.632 -9.527
68.643 -9.530
68.779 -9.533
68.833 -9.525
68.887 -9.562
68.912 -9.516
68.913 -9.557
68.950 -9.440
68.999 -9.496
69.116 -9.612
69.133 -9.436
69.168 -9.431
69.192 -9.627
69.221 -9.531
69.246 -9.487
69.340 -9.581
69.385 -9.472
69.391 -9.504
69.452 -9.578
69.472 -9.449
69.494 -9.525
69.544 -9.532
69.665 -9.604
69.727 -9.559
69.752 -9.598
69.883 -9.609
69.911 -9.522
70.006 -9.553
70.110 -9.601
70.148 -9.493
70.205 -9.619
70.260 -9.561
70.376 -9.641
70.388 -9.471
70.394 -9.567
70.395 -9.497
70.481 -9.552
70.544 -9.488
70.567 -9.516
70.664 -9.555
70.732 -9.509
70.820 -9.562
70.865 -9.470
70.970 -9.585
71.026 -9.539
71.082 -9.484
71.091 -9.585
71.105 -9.469
71.107 -9.516
71.142 -9.524
71.171 -9.554
71.415 -9.526
71.498 -9.509
71.563 -9.520
71.566 -9.599
71.568 -9.533
71.592 -9.526
71.700 -9.459
71.715 -9.560
71.782 -9.544
71.795 -9.526
71.958 -9.577
72.001 -9.535
72.157 -9.540
72.180 -9.529
72.538 -9.385
72.580 -9.565
72.611 -9.443
72.621 -9.559
72.638 -9.409
72.761 -9.435
72.870 -9.546
72.888 -9.534
72.958 -9.523
72.976 -9.454
72.978 -9.506
73.008 -9.556
73.111 -9.574
73.363 -9.522
73.374 -9.459
73.427 -9.429
73.598 -9.503
73.651 -9.515
73.676 -9.524
73.745 -9.450
73.875 -9.550
73.919 -9.478
74.228 -9.507
74.382 -9.467
74.485 -9.516
74.560 -9.504
74.643 -9.376
74.848 -9.528
75.148 -9.466
75.238 -9.532
75.264 -9.524
75.302 -9.426
75.323 -9.493
75.502 -9.462
75.525 -9.478
75.555 -9.476
75.927 -9.444
76.132 -9.492
76.363 -9.418
76.443 -9.456
77.092 -9.507
77.428 -9.416
77.429 -9.481
77.820 -9.321
77.886 -9.432
79.491 -9.412
79.792 -9.500
80.323 -9.432
80.604 -9.304
80.778 -9.348
80.861 -9.412
80.966 -9.384
81.456 -9.398
81.617 -9.324
83.328 -9.374
83.351 -9.456
83.626 -9.413
84.056 -9.353
84.893 -9.391
84.961 -9.410
89.149 -9.272
92.156 -9.270
94.483 -9.356
121.204 -9.176
145.158 -9.161
