# Ep lEiso
174.008 -8.376
186.369 -8.347
211.559 -8.223
222.596 -8.200
226.765 -8.207
232.956 -8.179
236.807 -8.143
240.206 -8.120
245.422 -8.170
245.628 -8.168
249.309 -8.135
255.436 -8.129
256.901 -8.092
259.922 -8.101
262.859 -8.118
264.073 -8.067
269.340 -8.085
270.175 -8.065
272.194 -8.054
272.727 -8.094
274.169 -8.071
274.410 -8.079
275.342 -8.032
276.876 -8.056
278.163 -8.062
280.098 -8.078
280.176 -8.073
281.399 -8.062
282.425 -8.054
283.196 -8.066
288.750 -8.089
288.999 -8.030
289.417 -8.058
291.027 -7.994
292.961 -8.060
293.163 -8.088
295.523 -7.986
296.745 -8.003
296.882 -8.065
298.771 -7.987
299.611 -8.037
300.285 -8.028
301.498 -8.057
301.719 -8.060
302.044 -8.028
302.872 -8.040
304.820 -8.036
307.858 -7.975
308.101 -7.997
308.282 -8.035
308.551 -7.998
309.061 -7.982
310.321 -8.016
310.833 -8.016
312.363 -7.979
312.565 -8.016
313.119 -8.021
316.658 -7.954
317.415 -8.006
319.869 -7.990
319.876 -7.987
321.208 -8.016
322.240 -8.011
323.970 -7.990
324.074 -7.959
325.358 -8.017
326.128 -7.958
328.627 -7.903
328.872 -7.940
329.752 -7.955
331.052 -7.996
331.064 -7.997
331.379 -7.953
331.951 -7.980
332.955 -8.006
333.624 -7.968
334.025 -7.970
335.756 -7.968
337.025 -7.956
337.080 -7.952
337.891 -7.976
338.161 -7.962
338.519 -7.972
339.313 -7.952
340.186 -7.955
340.557 -7.958
340.895 -7.964
342.731 -7.937
342.959 -7.958
343.290 -7.957
343.628 -7.951
344.435 -7.919
344.497 -7.928
344.595 -7.910
345.841 -7.908
346.158 -7.938
347.036 -7.913
348.969 -7.902
349.631 -7.948
349.658 -7.935
350.304 -7.959
350.370 -7.965
350.444 -7.978
350.544 -7.943
350.789 -7.914
351.149 -7.907
351.239 -7.939
352.070 -7.921
352.936 -7.925
353.214 -7.970
353.662 -7.955
353.709 -7.970
354.203 -7.931
354.835 -7.940
354.904 -7.926
355.320 -7.920
355.797 -7.894
360.034 -7.941
360.096 -7.874
360.643 -7.907
361.338 -7.937
361.517 -7.910
361.667 -7.912
362.320 -7.967
362.670 -7.897
362.875 -7.893
364.711 -7.958
364.905 -7.930
365.398 -7.888
366.121 -7.921
366.474 -7.921
367.372 -7.937
367.747 -7.913
368.440 -7.968
368.537 -7.916
369.992 -7.915
370.180 -7.860
371.581 -7.907
371.666 -7.926
372.502 -7.865
373.087 -7.883
373.234 -7.888
373.373 -7.889
374.731 -7.888
374.903 -7.879
375.103 -7.918
376.696 -7.888
376.888 -7.899
379.204 -7.902
379.313 -7.884
379.323 -7.840
381.564 -7.888
382.013 -7.891
382.764 -7.909
383.604 -7.866
384.901 -7.891
385.340 -7.890
385.442 -7.850
386.863 -7.892
387.272 -7.853
387.536 -7.885
388.205 -7.882
388.256 -7.856
388.804 -7.877
389.098 -7.876
390.323 -7.881
391.216 -7.869
393.816 -7.864
394.075 -7.856
394.590 -7.856
394.907 -7.867
395.573 -7.877
395.615 -7.886
397.150 -7.898
397.560 -7.814
397.750 -7.878
398.273 -7.836
398.335 -7.802
398.833 -7.847
399.072 -7.825
399.618 -7.857
400.683 -7.816
400.887 -7.840
401.192 -7.871
401.240 -7.847
402.866 -7.866
404.064 -7.839
404.551 -7.847
404.702 -7.809
405.613 -7.865
405.978 -7.843
406.358 -7.828
406.370 -7.853
406.838 -7.848
408.294 -7.873
409.113 -7.787
409.907 -7.824
410.342 -7.860
410.635 -7.832
410.847 -7.864
411.024 -7.823
411.306 -7.811
412.800 -7.830
413.226 -7.812
414.096 -7.790
414.308 -7.835
414.393 -7.819
414.855 -7.836
415.379 -7.849
415.734 -7.817
416.329 -7.799
416.534 -7.762
416.883 -7.821
418.516 -7.836
419.591 -7.868
419.842 -7.845
419.888 -7.816
420.174 -7.768
420.722 -7.774
420.946 -7.811
422.209 -7.801
426.288 -7.843
426.419 -7.799
426.637 -7.839
426.675 -7.815
427.917 -7.806
428.437 -7.751
428.780 -7.819
428.789 -7.835
429.121 -7.800
431.023 -7.812
431.119 -7.841
431.436 -7.789
433.896 -7.834
435.004 -7.813
435.804 -7.782
438.008 -7.794
439.491 -7.765
439.654 -7.793
441.005 -7.799
441.196 -7.807
442.257 -7.800
442.385 -7.769
442.978 -7.811
443.182 -7.829
443.199 -7.796
444.284 -7.790
445.078 -7.788
447.365 -7.823
447.399 -7.852
448.407 -7.759
449.163 -7.800
449.227 -7.832
451.053 -7.740
451.064 -7.781
451.079 -7.769
451.457 -7.814
451.622 -7.759
452.329 -7.796
452.901 -7.776
453.116 -7.786
453.162 -7.798
453.648 -7.783
455.955 -7.806
459.052 -7.738
459.082 -7.756
459.601 -7.796
461.381 -7.784
461.746 -7.732
461.966 -7.725
462.175 -7.775
462.933 -7.798
463.701 -7.781
463.776 -7.769
463.905 -7.733
464.101 -7.713
465.399 -7.753
466.015 -7.732
466.837 -7.803
467.034 -7.788
467.082 -7.722
467.276 -7.788
467.628 -7.746
468.227 -7.771
468.934 -7.771
469.297 -7.730
469.947 -7.736
470.159 -7.746
472.034 -7.787
472.076 -7.758
472.909 -7.771
472.926 -7.797
474.841 -7.721
477.075 -7.723
477.725 -7.669
478.866 -7.800
480.681 -7.753
481.304 -7.667
484.185 -7.761
485.399 -7.766
485.656 -7.764
485.749 -7.780
486.545 -7.716
487.365 -7.664
487.552 -7.779
488.378 -7.769
488.681 -7.757
490.136 -7.775
490.204 -7.749
490.264 -7.781
491.277 -7.740
491.853 -7.661
492.113 -7.674
492.604 -7.739
493.260 -7.754
493.978 -7.746
494.499 -7.781
495.456 -7.746
495.500 -7.677
495.609 -7.712
499.207 -7.684
499.959 -7.760
502.723 -7.452
502.807 -7.678
503.920 -7.679
504.445 -7.569
506.208 -7.450
506.665 -7.422
507.161 -7.508
507.404 -7.644
507.442 -7.418
507.472 -7.521
507.882 -7.693
508.215 -7.467
508.403 -7.586
509.011 -7.289
511.146 -7.291
513.148 -7.359
513.664 -7.478
514.961 -7.405
515.896 -7.426
517.405 -7.588
517.427 -7.337
518.352 -7.641
518.984 -7.491
519.902 -7.433
520.762 -7.607
520.797 -7.416
521.165 -7.516
522.125 -7.567
522.475 -7.504
522.578 -7.347
522.865 -7.498
523.923 -7.550
524.600 -7.537
525.160 -7.316
527.248 -7.444
527.692 -7.300
530.157 -7.525
530.284 -7.282
531.881 -7.379
532.061 -7.504
532.452 -7.329
532.490 -7.495
532.625 -7.515
533.168 -7.347
534.319 -7.588
538.979 -7.479
539.269 -7.542
539.291 -7.475
541.431 -7.456
544.075 -7.498
544.557 -7.556
545.333 -7.454
545.501 -7.304
546.147 -7.553
546.483 -7.458
546.702 -7.479
546.739 -7.515
549.200 -7.526
552.231 -7.236
553.113 -7.330
554.066 -7.542
555.507 -7.513
556.216 -7.406
556.385 -7.449
558.812 -7.348
560.518 -7.531
561.708 -7.525
562.877 -7.387
563.696 -7.517
563.836 -7.254
564.033 -7.526
564.868 -7.569
565.852 -7.263
566.853 -7.392
567.499 -7.401
567.893 -7.590
568.307 -7.357
568.526 -7.424
568.532 -7.439
569.976 -7.396
570.210 -7.555
570.514 -7.428
570.938 -7.491
572.571 -7.352
572.875 -7.447
573.041 -7.562
574.279 -7.410
574.822 -7.296
575.419 -7.522
576.751 -7.412
577.293 -7.298
578.193 -7.468
582.951 -7.292
583.420 -7.259
584.297 -7.349
584.827 -7.363
585.017 -7.267
585.214 -7.541
585.609 -7.256
586.688 -7.443
588.940 -7.423
589.675 -7.452
589.833 -7.297
589.875 -7.474
590.061 -7.469
590.348 -7.410
590.944 -7.296
591.063 -7.360
591.084 -7.272
591.096 -7.425
591.856 -7.345
592.248 -7.449
594.363 -7.274
595.291 -7.333
595.466 -7.336
595.766 -7.342
596.007 -7.456
597.024 -7.407
597.224 -7.292
597.849 -7.500
597.928 -7.206
598.060 -7.458
600.650 -7.482
600.785 -7.389
603.156 -7.504
603.241 -7.407
603.348 -7.356
604.343 -7.329
604.385 -7.432
605.669 -7.478
606.106 -7.273
606.179 -7.437
606.386 -7.413
607.352 -7.419
608.270 -7.407
608.573 -7.295
608.905 -7.368
609.477 -7.211
610.678 -7.321
612.015 -7.411
612.321 -7.232
612.611 -7.387
613.231 -7.309
613.880 -7.259
614.799 -7.426
616.525 -7.375
617.570 -7.439
617.925 -7.451
618.570 -7.202
618.664 -7.275
620.107 -7.380
620.254 -7.217
621.437 -7.277
622.064 -7.402
623.286 -7.392
625.016 -7.418
626.104 -7.264
626.824 -7.386
628.020 -7.299
628.021 -7.328
628.149 -7.291
628.359 -7.335
629.871 -7.422
630.026 -7.387
634.744 -7.351
634.792 -7.218
635.108 -7.273
636.776 -7.231
638.588 -7.383
638.735 -7.321
639.035 -7.426
639.336 -7.343
639.454 -7.314
640.590 -7.316
641.241 -7.378
642.048 -7.349
642.280 -7.428
642.564 -7.354
642.819 -7.348
642.914 -7.250
642.975 -7.210
643.085 -7.287
643.451 -7.289
643.862 -7.211
646.549 -7.355
647.224 -7.350
647.363 -7.290
649.732 -7.424
649.954 -7.354
650.573 -7.356
651.319 -7.299
651.689 -7.318
655.770 -7.270
655.941 -7.296
656.205 -7.254
657.786 -7.258
658.330 -7.315
660.224 -7.311
662.299 -7.197
662.406 -7.376
663.281 -7.153
665.068 -7.398
666.342 -7.334
666.805 -7.296
668.049 -7.231
668.974 -7.300
669.413 -7.345
669.614 -7.279
670.135 -7.226
672.311 -7.266
672.618 -7.262
673.214 -7.261
673.874 -7.153
674.102 -7.345
674.560 -7.377
675.300 -7.304
676.880 -7.257
677.129 -7.238
677.276 -7.295
677.334 -7.310
677.341 -7.250
677.635 -7.351
677.744 -7.329
679.045 -7.295
679.871 -7.257
680.126 -7.211
681.641 -7.174
683.858 -7.330
684.080 -7.266
684.542 -7.327
685.289 -7.315
685.951 -7.232
686.081 -7.256
688.774 -7.184
689.519 -7.243
691.075 -7.235
691.204 -7.255
691.394 -7.181
691.462 -7.273
691.577 -7.258
691.762 -7.316
692.350 -7.258
693.848 -7.192
694.013 -7.296
694.135 -7.362
694.401 -7.278
695.857 -7.294
696.317 -7.266
699.427 -7.332
700.291 -7.325
701.328 -7.313
701.819 -7.253
702.480 -7.244
703.895 -7.217
704.489 -7.301
705.102 -7.212
707.991 -7.254
710.625 -7.326
711.553 -7.235
716.163 -7.276
717.079 -7.235
717.606 -7.208
718.570 -7.240
719.063 -7.313
719.710 -7.241
720.799 -7.246
721.935 -7.244
722.306 -7.242
723.612 -7.213
724.385 -7.195
724.906 -7.160
725.095 -7.204
725.286 -7.295
726.137 -7.282
727.287 -7.197
727.291 -7.156
727.984 -7.254
728.085 -7.242
729.002 -7.137
729.947 -7.243
731.373 -7.176
736.251 -7.229
736.796 -7.151
739.131 -7.141
739.412 -7.251
739.867 -7.221
740.454 -7.207
743.942 -7.238
744.133 -7.229
744.811 -7.151
745.441 -7.281
745.507 -7.245
749.310 -7.216
749.396 -7.243
749.877 -7.261
751.886 -7.267
751.895 -7.145
753.034 -7.230
754.747 -7.233
755.701 -7.194
757.036 -7.311
758.455 -7.193
759.570 -7.308
760.183 -7.304
763.387 -7.143
763.692 -7.217
764.861 -7.198
765.309 -7.199
765.332 -7.142
766.998 -7.266
768.659 -7.212
769.023 -7.209
771.087 -7.237
771.169 -7.164
773.205 -7.222
774.470 -7.202
775.212 -7.201
775.844 -7.193
779.018 -7.174
779.546 -7.172
779.689 -7.175
781.879 -7.213
782.815 -7.172
783.710 -7.196
784.844 -7.154
785.306 -7.214
786.699 -7.202
786.836 -7.181
789.407 -7.207
789.549 -7.203
789.916 -7.234
790.813 -7.223
791.680 -7.237
792.817 -7.192
793.166 -7.146
793.312 -7.186
793.828 -7.180
794.731 -7.158
794.873 -7.231
800.084 -7.111
800.095 -7.130
800.161 -7.172
800.223 -7.204
800.527 -7.235
800.945 -7.235
801.688 -7.194
802.121 -7.159
802.144 -7.193
802.229 -7.190
802.420 -7.175
803.695 -7.134
806.930 -7.146
808.582 -7.254
809.816 -7.220
809.896 -7.195
810.882 -7.285
814.804 -7.237
815.238 -7.269
815.334 -7.230
815.471 -7.295
817.081 -7.283
817.184 -7.327
818.738 -7.264
821.239 -7.223
821.316 -7.302
821.521 -7.290
821.987 -7.326
823.821 -7.332
826.335 -7.293
826.408 -7.322
827.310 -7.330
830.432 -7.335
830.534 -7.359
830.881 -7.321
831.028 -7.406
831.728 -7.384
831.759 -7.375
831.766 -7.403
834.020 -7.409
834.528 -7.372
836.244 -7.414
836.309 -7.420
836.679 -7.374
837.148 -7.396
838.299 -7.410
838.925 -7.370
840.524 -7.407
841.910 -7.381
843.835 -7.394
848.340 -7.367
851.354 -7.371
851.458 -7.393
851.882 -7.466
851.912 -7.386
852.980 -7.407
853.410 -7.413
853.637 -7.408
853.955 -7.318
855.907 -7.364
856.777 -7.424
857.226 -7.427
858.327 -7.385
859.972 -7.372
862.149 -7.372
862.856 -7.412
863.975 -7.373
866.689 -7.411
867.598 -7.325
867.872 -7.351
868.328 -7.417
871.082 -7.402
871.195 -7.432
873.708 -7.366
875.716 -7.430
878.897 -7.320
879.135 -7.373
883.753 -7.396
887.861 -7.368
888.138 -7.316
888.949 -7.359
889.991 -7.373
890.426 -7.400
890.729 -7.412
899.502 -7.352
901.103 -7.361
901.168 -7.324
901.928 -7.382
902.053 -7.392
904.180 -7.389
908.183 -7.421
909.125 -7.336
911.128 -7.414
911.239 -7.333
913.534 -7.362
913.559 -7.346
914.429 -7.345
914.755 -7.288
916.883 -7.381
917.824 -7.342
918.750 -7.332
918.756 -7.344
920.724 -7.344
921.621 -7.336
922.471 -7.356
923.061 -7.320
924.007 -7.304
925.311 -7.336
926.484 -7.384
929.294 -7.347
930.037 -7.268
930.190 -7.344
930.940 -7.351
934.702 -7.335
935.899 -7.348
939.040 -7.322
940.727 -7.295
941.161 -7.312
941.415 -7.306
945.155 -7.303
946.107 -7.337
946.739 -7.308
946.762 -7.287
948.903 -7.311
952.600 -7.288
956.262 -7.352
956.955 -7.330
957.059 -7.370
959.778 -7.339
959.807 -7.343
963.001 -7.355
965.687 -7.298
965.870 -7.317
965.995 -7.273
966.145 -7.340
967.987 -7.354
968.209 -7.347
971.113 -7.297
971.195 -7.357
972.501 -7.300
976.357 -7.293
977.770 -7.293
980.462 -7.313
983.213 -7.305
983.653 -7.320
983.856 -7.373
985.633 -7.342
985.724 -7.316
985.768 -7.251
986.239 -7.289
987.749 -7.267
988.727 -7.269
993.837 -7.283
994.489 -7.288
996.206 -7.338
1003.566 -7.267
1004.175 -7.269
1005.429 -7.281
1006.360 -7.304
1010.130 -7.286
1014.480 -7.272
1015.262 -7.287
1015.625 -7.285
1016.397 -7.287
1018.458 -7.289
1021.906 -7.265
1022.996 -7.266
1024.272 -7.264
1026.593 -7.278
1027.037 -7.294
1027.142 -7.221
1028.575 -7.272
1029.272 -7.279
1033.496 -7.268
1037.946 -7.306
1044.281 -7.238
1045.725 -7.222
1050.703 -7.241
1056.366 -7.256
1056.900 -7.241
1057.285 -7.310
1058.696 -7.252
1060.252 -7.235
1062.841 -7.210
1063.472 -7.216
1063.681 -7.245
1064.025 -7.217
1065.029 -7.225
1065.173 -7.231
1069.773 -7.280
1072.912 -7.209
1074.276 -7.238
1078.771 -7.282
1079.073 -7.225
1081.148 -7.222
1083.575 -7.214
1084.274 -7.227
1084.856 -7.246
1084.877 -7.232
1097.849 -7.215
1099.275 -7.233
1101.976 -7.213
1103.253 -7.288
1104.764 -7.293
1123.443 -7.201
1126.580 -7.240
1127.298 -7.232
1132.739 -7.242
1132.955 -7.172
1134.154 -7.210
1134.989 -7.211
1145.216 -7.207
1149.314 -7.201
1153.826 -7.217
1156.287 -7.183
1156.397 -7.213
1159.978 -7.154
1164.746 -7.179
1176.191 -7.229
1177.878 -7.143
1181.223 -7.139
1183.566 -7.233
1186.383 -7.185
1188.829 -7.162
1197.969 -7.203
1202.363 -7.148
1202.967 -7.163
1208.879 -7.196
1210.881 -7.133
1213.055 -7.168
1216.975 -7.170
1226.411 -7.200
1231.250 -7.176
1233.164 -7.194
1243.454 -7.195
1245.598 -7.153
1253.012 -7.164
1261.102 -7.183
1264.364 -7.131
1270.543 -7.188
1276.331 -7.158
1288.766 -7.190
1290.037 -7.111
1290.732 -7.155
1290.821 -7.122
1300.015 -7.144
1306.760 -7.111
1309.299 -7.123
1319.642 -7.120
1325.595 -7.114
1332.802 -7.136
1336.474 -7.092
1345.042 -7.143
1349.660 -7.120
1354.265 -7.093
1354.995 -7.101
1356.162 -7.085
1356.248 -7.107
1359.183 -7.110
1361.556 -7.075
1381.507 -7.103
1388.334 -7.093
1393.641 -7.097
1393.873 -7.134
1394.050 -7.102
1396.002 -7.099
1405.248 -7.064
1406.981 -7.056
1415.129 -7.100
1416.692 -7.092
1436.395 -7.108
1441.580 -7.046
1457.045 -7.083
1459.051 -7.059
1490.474 -6.998
1494.141 -7.077
1496.915 -7.022
1497.744 -7.073
1499.255 -7.006
1510.046 -7.013
1519.615 -7.058
1521.241 -7.051
1527.382 -7.044
1528.964 -7.014
1529.082 -7.036
1531.754 -7.032
1540.738 -7.060
1562.900 -7.029
1563.850 -7.002
1568.510 -6.988
1583.560 -7.013
1590.523 -7.015
1593.480 -7.017
1600.181 -6.985
1612.881 -6.986
1617.101 -6.992
1647.188 -6.994
1662.137 -6.974
1672.150 -6.990
1679.482 -6.960
1687.509 -6.929
1707.429 -6.985
1736.627 -6.951
1745.366 -6.976
1747.886 -6.972
1751.592 -6.931
1753.633 -6.958
1771.054 -6.940
1773.246 -6.946
1775.989 -6.945
1799.480 -6.925
1812.462 -6.917
1833.508 -6.906
1842.628 -6.919
1916.251 -6.920
1954.297 -6.872
1954.410 -6.898
1996.349 -6.822
2000.924 -6.867
2112.630 -6.832
2137.923 -6.863
2214.179 -6.817
2241.027 -6.757
2255.563 -6.773
2262.496 -6.799
2271.264 -6.785
2312.075 -6.783
2325.578 -6.783
2468.295 -6.742
2470.203 -6.778
2487.795 -6.756
2507.718 -6.727
2546.482 -6.738
2549.692 -6.720
2920.140 -6.677
3086.409 -6.688
3216.397 -6.769
4491.944 -6.584
4978.287 -6.628
