# Ep lEiso
1.002 119.588
1.004 119.753
1.017 119.743
1.025 120.014
1.029 119.701
1.038 119.720
1.044 120.224
1.049 119.739
1.057 119.592
1.057 119.880
1.063 119.764
1.073 119.613
1.076 120.085
1.084 119.864
1.091 119.656
1.094 119.653
1.108 119.799
1.110 119.681
1.115 120.156
1.117 119.577
1.120 119.859
1.121 119.736
1.123 120.379
1.128 119.862
1.131 119.861
1.136 119.574
1.136 119.650
1.139 119.773
1.142 119.850
1.144 119.664
1.164 119.772
1.164 119.899
1.166 119.598
1.172 120.462
1.179 120.002
1.180 119.719
1.189 120.160
1.193 120.166
1.194 119.677
1.201 119.788
1.204 119.598
1.207 119.714
1.211 120.075
1.212 119.996
1.213 119.664
1.217 119.464
1.224 119.725
1.236 120.239
1.237 119.937
1.238 119.525
1.239 119.898
1.241 120.116
1.246 119.605
1.248 119.590
1.254 120.067
1.255 119.538
1.257 119.625
1.274 120.295
1.278 119.560
1.290 119.712
1.290 119.758
1.297 119.551
1.302 119.554
1.311 119.602
1.311 120.027
1.318 119.465
1.321 119.673
1.334 120.676
1.335 119.667
1.340 119.933
1.347 119.636
1.347 119.577
1.348 119.926
1.351 119.620
1.356 120.008
1.360 119.673
1.362 119.630
1.371 119.614
1.378 119.751
1.378 119.800
1.382 119.591
1.384 119.641
1.386 119.563
1.390 119.741
1.395 119.682
1.397 119.636
1.399 119.544
1.410 119.856
1.412 119.576
1.414 119.588
1.416 119.650
1.421 119.772
1.421 119.764
1.422 120.179
1.429 120.166
1.431 119.774
1.437 120.082
1.449 119.641
1.453 119.565
1.453 119.730
1.457 119.526
1.458 119.321
1.458 119.649
1.459 119.611
1.460 119.981
1.463 119.713
1.463 119.646
1.468 119.853
1.474 119.789
1.476 119.601
1.478 119.620
1.479 119.763
1.482 119.675
1.486 119.548
1.486 119.724
1.489 119.792
1.492 120.120
1.520 119.408
1.520 119.664
1.524 119.834
1.528 119.429
1.529 119.774
1.530 119.733
1.535 119.704
1.537 119.662
1.538 119.533
1.551 119.708
1.552 119.774
1.555 119.969
1.561 119.530
1.563 119.685
1.570 119.695
1.572 119.602
1.577 119.671
1.578 119.698
1.589 119.542
1.590 119.533
1.600 119.623
1.601 119.369
1.607 120.139
1.612 119.899
1.613 119.671
1.614 119.815
1.624 119.806
1.625 119.919
1.627 119.504
1.639 119.581
1.640 119.633
1.658 119.558
1.659 119.777
1.659 120.345
1.676 119.689
1.680 119.654
1.686 119.401
1.692 119.588
1.702 119.599
1.706 119.612
1.707 119.569
1.718 119.557
1.721 119.651
1.723 119.634
1.728 119.667
1.729 119.872
1.733 119.718
1.736 119.725
1.746 119.629
1.754 119.770
1.776 119.769
1.778 119.669
1.782 119.682
1.785 119.714
1.791 119.573
1.791 119.461
1.804 119.690
1.808 119.589
1.809 119.727
1.814 120.023
1.815 119.579
1.819 119.701
1.821 119.678
1.826 119.733
1.836 119.613
1.837 119.925
1.840 119.528
1.841 119.822
1.855 119.554
1.866 119.869
1.870 119.759
1.871 119.475
1.879 119.512
1.883 119.779
1.886 119.682
1.886 119.642
1.890 119.692
1.904 119.892
1.912 119.538
1.919 119.927
1.923 119.481
1.926 119.490
1.928 119.580
1.929 119.683
1.932 120.057
1.946 119.738
1.950 119.623
1.959 119.534
1.961 119.705
1.962 119.654
1.966 119.686
1.971 119.517
1.974 119.583
1.980 119.737
1.982 119.608
1.985 119.831
2.001 119.625
2.012 119.466
2.015 119.491
2.015 119.708
2.018 119.560
2.023 119.577
2.026 119.866
2.038 119.526
2.080 119.382
2.081 119.887
2.083 119.805
2.084 119.703
2.096 119.786
2.101 119.633
2.105 119.612
2.105 119.704
2.108 119.828
2.128 119.658
2.129 119.323
2.133 119.808
2.159 120.040
2.171 119.577
2.180 119.917
2.204 119.751
2.220 120.053
2.222 119.731
2.236 119.642
2.238 119.559
2.250 119.620
2.251 119.965
2.258 119.488
2.260 119.562
2.260 119.650
2.273 119.704
2.282 119.709
2.309 119.715
2.309 119.674
2.321 119.554
2.329 119.514
2.330 119.160
2.351 119.512
2.351 119.698
2.352 119.832
2.356 119.691
2.358 119.936
2.366 119.516
2.373 119.732
2.375 119.619
2.376 119.489
2.381 119.648
2.408 119.653
2.446 119.602
2.446 119.873
2.453 119.433
2.475 119.538
2.479 119.714
2.482 119.701
2.485 119.633
2.494 119.717
2.504 119.547
2.505 119.673
2.506 119.769
2.509 119.683
2.525 119.623
2.532 119.622
2.543 119.465
2.545 119.432
2.546 119.609
2.548 119.428
2.552 119.521
2.560 119.600
2.569 119.585
2.573 120.018
2.581 119.688
2.584 119.618
2.607 119.622
2.608 119.637
2.619 119.481
2.619 119.477
2.644 119.750
2.674 119.586
2.683 119.728
2.698 119.560
2.722 119.484
2.731 119.488
2.769 119.351
2.785 119.526
2.788 119.566
2.790 119.644
2.800 119.771
2.811 119.615
2.813 119.599
2.824 119.756
2.829 119.390
2.850 119.907
2.851 119.458
2.851 119.681
2.866 119.539
2.874 119.584
2.878 119.605
2.885 119.548
2.894 119.408
2.905 119.477
2.912 119.584
2.926 119.489
2.927 119.569
2.928 119.782
2.980 119.677
2.990 119.625
3.030 119.662
3.031 119.590
3.047 119.700
3.054 119.588
3.079 119.649
3.086 119.451
3.094 119.572
3.097 119.846
3.098 119.703
3.098 119.502
3.105 119.384
3.110 119.625
3.113 119.638
3.122 119.627
3.155 119.467
3.186 119.786
3.194 119.442
3.214 119.653
3.228 119.593
3.252 119.597
3.252 119.853
3.266 119.483
3.276 119.403
3.290 119.572
3.303 119.366
3.304 119.622
3.309 119.553
3.324 119.664
3.329 119.366
3.331 119.560
3.335 119.382
3.351 119.670
3.361 119.405
3.370 119.510
3.403 119.539
3.411 119.659
3.452 119.514
3.454 119.578
3.481 119.721
3.484 119.357
3.490 119.865
3.491 119.692
3.493 119.318
3.502 119.791
3.521 119.710
3.598 119.503
3.603 119.875
3.603 119.630
3.638 119.574
3.682 119.548
3.690 119.578
3.702 119.625
3.705 119.685
3.716 119.645
3.721 119.669
3.725 119.621
3.725 119.600
3.767 119.443
3.821 119.356
3.837 119.414
3.854 119.396
3.880 119.772
3.893 119.447
3.896 119.586
3.939 119.649
3.970 119.661
3.991 119.600
4.012 119.502
4.026 119.578
4.029 119.602
4.032 119.747
4.047 119.432
4.064 119.374
4.082 119.479
4.093 119.445
4.100 119.659
4.108 119.597
4.111 119.365
4.112 119.582
4.137 119.457
4.141 119.416
4.146 119.548
4.154 119.594
4.182 119.604
4.188 119.607
4.191 119.429
4.214 119.367
4.225 119.601
4.236 119.446
4.262 119.286
4.273 119.742
4.290 119.374
4.382 119.760
4.391 119.424
4.408 119.533
4.419 119.511
4.422 119.642
4.426 119.487
4.434 119.413
4.454 119.510
4.497 119.242
4.511 119.595
4.514 119.484
4.515 119.409
4.519 119.457
4.524 119.293
4.536 119.503
4.538 119.489
4.538 119.523
4.538 119.574
4.553 119.548
4.560 119.360
4.600 119.449
4.618 119.547
4.621 119.536
4.627 119.512
4.632 119.555
4.651 119.602
4.654 119.722
4.666 119.558
4.668 119.657
4.670 119.755
4.719 119.590
4.721 119.421
4.769 119.517
4.771 119.243
4.773 119.451
4.794 119.508
4.795 119.435
4.825 119.502
4.835 119.381
4.837 119.390
4.842 119.379
4.865 119.583
4.887 119.487
4.894 119.655
4.902 119.493
4.916 119.906
4.945 119.533
4.976 119.402
4.984 119.919
4.991 119.650
5.005 119.579
5.021 119.567
5.042 119.498
5.083 119.402
5.108 119.551
5.116 119.313
5.131 119.422
5.133 119.679
5.167 119.357
5.171 119.441
5.198 119.487
5.213 119.525
5.241 119.331
5.281 119.458
5.307 119.707
5.323 119.402
5.351 119.512
5.351 119.373
5.354 119.549
5.359 119.334
5.393 119.275
5.397 119.409
5.520 119.361
5.521 119.351
5.530 119.606
5.573 119.383
5.620 119.468
5.624 119.331
5.631 119.393
5.639 119.304
5.642 119.361
5.671 119.343
5.688 119.617
5.709 119.152
5.715 119.374
5.722 119.501
5.729 119.450
5.731 119.618
5.733 119.647
5.736 119.483
5.745 119.470
5.755 119.667
5.824 119.508
5.841 119.421
5.845 119.462
5.905 119.298
5.910 119.518
5.926 119.443
5.945 119.393
5.954 119.436
6.056 119.508
6.060 119.421
6.067 119.368
6.106 119.527
6.120 119.546
6.166 119.435
6.218 119.309
6.220 119.432
6.245 119.353
6.296 119.227
6.332 119.330
6.345 119.301
6.380 119.293
6.405 119.443
6.418 119.632
6.423 119.398
6.438 119.523
6.499 119.472
6.508 119.496
6.524 119.499
6.543 119.476
6.549 119.507
6.562 119.451
6.583 119.244
6.626 119.494
6.633 119.605
6.637 119.266
6.638 119.582
6.638 119.530
6.647 119.273
6.650 119.355
6.685 119.242
6.708 119.457
6.715 119.307
6.756 119.308
6.817 119.352
6.823 119.338
6.836 119.335
6.856 119.182
6.875 119.532
6.878 119.371
6.950 119.242
6.970 119.458
7.011 119.508
7.015 119.378
7.020 119.223
7.022 119.483
7.025 119.352
7.030 119.147
7.045 119.358
7.085 119.338
7.090 119.552
7.093 119.357
7.100 119.220
7.139 119.402
7.151 119.300
7.234 119.445
7.256 119.513
7.287 119.411
7.302 119.363
7.322 119.420
7.365 119.603
7.383 119.485
7.401 119.625
7.489 119.305
7.569 119.390
7.597 119.419
7.734 119.354
7.761 119.375
7.776 119.242
7.804 119.324
7.819 119.442
7.838 119.315
7.869 119.263
7.902 119.269
7.913 119.288
7.951 119.495
7.974 119.343
7.989 119.318
7.995 119.341
8.000 119.460
8.025 119.353
8.059 119.602
8.059 119.265
8.079 119.151
8.082 119.242
8.109 119.381
8.136 119.269
8.178 119.222
8.314 119.291
8.329 119.210
8.394 119.380
8.402 119.458
8.415 119.330
8.431 119.441
8.528 119.367
8.534 119.239
8.552 119.191
8.570 119.594
8.572 119.324
8.697 119.309
8.700 119.095
8.716 119.173
8.783 119.489
8.783 119.174
8.820 119.172
8.874 119.332
8.904 119.452
8.946 119.266
8.991 119.444
9.026 119.462
9.045 119.288
9.146 119.525
9.156 119.195
9.193 119.356
9.207 119.339
9.208 119.453
9.260 119.494
9.313 119.201
9.324 119.224
9.389 119.272
9.392 119.202
9.456 119.201
9.496 119.241
9.519 119.242
9.539 119.314
9.634 119.464
9.650 119.486
9.654 119.458
9.719 119.085
9.746 119.384
9.773 119.227
9.806 119.620
9.820 119.146
9.861 119.149
9.865 119.353
9.941 119.084
9.945 119.219
9.956 119.291
9.982 119.324
10.008 119.383
10.041 119.202
10.051 119.276
10.056 119.253
10.071 119.307
10.098 119.522
10.102 119.447
10.255 119.259
10.256 119.315
10.258 119.340
10.260 119.023
10.269 119.302
10.281 119.546
10.308 119.203
10.324 119.467
10.325 119.114
10.328 119.350
10.335 119.300
10.382 119.230
10.496 119.199
10.551 119.349
10.593 119.108
10.596 119.367
10.629 119.078
10.761 119.264
10.776 119.188
10.779 119.380
10.784 119.030
10.838 119.232
10.841 119.500
10.894 119.249
10.978 119.463
10.981 119.322
10.988 119.170
11.003 119.320
11.065 119.441
11.150 119.473
11.152 119.168
11.183 119.146
11.288 119.307
11.291 119.055
11.303 119.490
11.308 119.135
11.332 119.377
11.333 119.054
11.333 119.473
11.409 119.201
11.426 119.326
11.484 119.291
11.486 118.996
11.499 119.321
11.514 119.251
11.553 119.032
11.574 119.521
11.626 119.167
11.668 119.434
11.727 119.277
11.865 119.237
11.958 119.467
11.961 119.217
11.974 119.264
11.975 119.295
12.007 119.052
12.021 118.979
12.028 119.031
12.037 119.025
12.097 119.499
12.124 119.389
12.138 119.137
12.171 119.249
12.222 119.381
12.288 119.355
12.310 119.283
12.344 119.324
12.427 119.246
12.455 119.156
12.464 119.242
12.478 119.373
12.579 119.363
12.584 119.094
12.685 119.322
12.766 119.088
12.895 119.503
12.904 119.193
13.077 119.439
13.224 119.181
13.234 119.222
13.263 119.276
13.300 119.107
13.316 119.019
13.327 119.497
13.642 119.285
13.699 119.164
13.701 119.004
13.729 118.919
13.733 118.796
13.809 119.324
13.953 119.098
13.987 119.397
14.059 119.146
14.063 119.423
14.145 119.060
14.146 119.247
14.177 119.254
14.189 119.186
14.265 119.120
14.299 119.268
14.332 119.377
14.332 119.234
14.403 119.224
14.435 119.307
14.465 119.063
14.487 119.283
14.521 119.160
14.567 119.281
14.609 119.364
14.710 119.123
14.736 119.290
14.741 119.153
14.764 119.066
14.881 119.221
14.918 119.058
15.016 119.336
15.068 119.474
15.082 119.440
15.090 119.054
15.206 119.321
15.236 119.110
15.256 119.445
15.256 119.551
15.323 119.398
15.438 119.167
15.584 118.862
15.615 119.119
15.619 119.017
15.738 118.987
15.740 118.944
15.880 119.169
15.998 118.971
16.006 119.197
16.012 119.070
16.018 118.940
16.099 119.253
16.109 118.841
16.236 119.381
16.240 118.712
16.297 119.337
16.467 119.384
16.529 119.371
16.647 119.128
16.768 119.197
16.787 119.042
16.796 119.130
16.874 118.793
16.878 119.063
16.880 119.067
16.901 119.344
16.967 119.001
17.010 119.535
17.203 119.348
17.227 119.293
17.291 119.263
17.563 119.438
17.585 119.408
17.631 119.283
17.666 119.039
17.805 119.191
17.966 119.297
17.995 119.143
18.008 119.167
18.037 119.140
18.113 119.098
18.240 119.312
18.280 119.292
18.328 119.304
18.413 119.153
18.430 118.996
18.434 118.911
18.487 119.192
18.512 119.119
18.668 119.200
18.833 118.803
19.067 119.410
19.120 119.054
19.304 119.338
19.525 119.162
19.554 119.291
19.574 118.653
19.650 119.181
19.733 119.331
19.864 119.050
19.891 118.958
19.900 119.213
19.915 119.323
19.959 119.401
19.965 119.345
20.165 118.857
20.301 119.160
20.360 119.226
20.555 118.782
20.569 119.329
20.659 119.340
20.764 119.409
20.794 119.275
20.820 119.091
20.821 119.225
21.384 119.317
21.446 119.143
21.563 119.316
21.618 118.574
21.684 118.518
22.495 119.320
22.631 118.917
22.662 118.986
22.898 118.862
22.908 118.858
22.960 119.171
22.996 119.156
23.440 119.140
23.618 119.180
23.792 118.995
23.874 119.333
23.878 119.018
23.998 119.252
24.158 119.328
24.542 118.735
24.598 119.364
24.711 119.366
24.789 118.661
24.884 119.152
24.966 119.379
25.411 118.876
25.642 119.428
25.673 119.259
25.983 118.869
26.088 119.016
26.202 119.132
26.407 119.085
26.902 118.689
27.156 118.907
27.256 118.699
27.796 118.615
27.908 119.055
28.297 118.876
28.721 118.609
28.876 119.316
29.112 118.494
29.334 118.781
29.809 118.888
29.857 119.213
29.884 118.724
29.887 119.080
30.238 118.779
30.496 119.097
30.593 118.730
30.988 118.730
31.216 118.951
31.491 118.661
31.631 119.123
31.958 118.512
32.135 118.733
32.311 119.167
32.339 118.913
32.383 119.084
32.387 118.839
32.499 118.787
32.589 119.161
33.858 118.740
34.367 118.822
34.763 119.337
34.781 118.908
34.794 118.684
34.939 118.719
35.603 119.075
35.691 119.167
36.103 118.594
36.182 118.690
37.180 119.177
37.442 119.118
38.225 119.221
38.326 118.640
39.917 119.481
40.103 118.429
40.243 119.140
40.285 118.463
40.361 119.341
40.908 119.189
41.392 118.537
41.474 118.613
41.785 119.310
41.865 119.076
41.871 118.773
42.006 118.817
42.461 119.133
43.583 118.682
43.631 119.048
43.867 119.228
45.432 118.784
45.987 118.715
46.206 118.665
46.702 119.068
47.643 118.983
47.955 118.887
50.184 118.699
51.292 118.890
52.033 118.625
52.577 118.983
53.171 119.328
54.647 118.635
56.810 118.811
57.457 118.887
57.644 118.514
57.918 118.989
58.069 118.658
59.360 119.137
59.522 118.712
59.726 118.960
62.790 118.870
65.165 118.941
67.828 119.019
68.757 118.835
76.262 118.999
80.141 119.075
80.152 118.742
84.427 119.577
84.894 119.223
110.687 119.128
115.682 119.015
124.603 119.050
131.302 119.611
134.929 119.420
136.659 119.152
138.847 119.272
149.030 119.221
152.399 119.518
189.204 119.338
190.155 119.048
198.928 119.212
208.864 119.421
228.195 119.305
229.766 119.434
323.714 119.664
398.793 119.659
431.985 119.770
779.886 119.702
1086.271 119.576
