# Ep lEiso
86.379 -10.800
93.011 -10.634
104.272 -10.551
109.348 -10.311
111.730 -10.522
114.412 -10.494
116.080 -10.115
117.552 -9.975
119.811 -10.560
119.900 -10.349
121.494 -10.426
124.259 -10.523
125.280 -10.479
127.007 -10.324
128.294 -10.468
128.826 -10.466
131.134 -10.343
131.500 -10.426
132.384 -10.072
132.618 -10.496
133.249 -10.284
133.355 -10.373
133.764 -9.899
134.435 -10.274
135.000 -10.271
135.847 -10.476
135.881 -10.420
136.417 -10.344
136.867 -10.266
137.205 -10.401
140.347 -10.301
140.495 -10.123
140.744 -10.425
141.540 -9.787
142.428 -10.120
142.520 -10.327
143.604 -9.786
144.165 -9.990
144.227 -10.348
145.094 -9.866
145.480 -10.400
145.789 -10.313
146.346 -10.045
146.447 -10.103
146.597 -10.345
146.977 -10.490
147.871 -10.294
149.265 -9.909
149.377 -10.130
149.460 -10.432
149.584 -10.158
149.817 -9.997
150.396 -10.368
150.631 -10.378
151.333 -10.024
151.430 -10.412
151.738 -10.346
153.704 -9.845
154.125 -10.382
155.446 -10.264
155.449 -10.231
156.092 -10.380
156.590 -10.376
157.425 -10.338
157.475 -10.025
158.095 -10.435
158.467 -10.051
159.673 -9.541
159.791 -10.281
160.216 -10.084
160.844 -10.300
160.849 -10.343
161.001 -10.086
161.277 -10.310
161.762 -10.023
162.085 -10.268
162.279 -10.299
163.114 -10.307
163.726 -10.205
163.753 -10.168
164.145 -10.321
164.275 -10.283
164.448 -10.340
164.831 -10.208
165.288 -10.250
165.490 -10.283
165.673 -10.350
166.672 -10.117
166.796 -10.322
166.976 -10.313
167.160 -10.266
167.599 -10.175
167.633 -10.181
167.686 -9.877
168.363 -9.883
168.536 -10.171
168.992 -9.942
169.967 -10.260
170.300 -10.314
170.314 -10.193
170.640 -10.191
170.673 -10.103
170.710 -10.249
170.761 -10.277
170.884 -10.005
171.066 -9.943
171.111 -10.249
171.531 -10.095
171.967 -10.139
172.107 -10.277
172.333 -10.261
172.357 -10.156
172.606 -10.219
172.925 -10.309
172.960 -10.180
173.169 -10.127
173.410 -9.884
175.547 -10.384
175.578 -9.757
175.854 -10.068
176.204 -10.361
176.295 -10.107
176.370 -10.136
176.699 -10.155
176.876 -10.185
176.979 -9.969
177.905 -10.197
178.003 -10.097
178.258 -9.952
178.650 -10.272
178.841 -10.157
179.327 -10.147
179.530 -10.214
179.905 -10.161
179.957 -10.141
180.745 -10.251
180.847 -10.257
181.603 -10.187
181.647 -10.373
182.086 -9.807
182.393 -9.981
182.470 -10.148
182.543 -10.042
183.256 -10.046
183.346 -9.963
183.451 -10.267
184.287 -10.207
184.388 -10.168
185.603 -10.218
185.660 -10.057
185.666 -9.640
186.842 -10.117
187.077 -10.141
187.471 -10.325
187.912 -10.186
188.593 -10.175
188.823 -10.165
188.876 -10.196
189.622 -10.201
189.837 -10.132
189.976 -10.143
190.326 -10.118
190.353 -9.771
190.641 -10.079
190.795 -10.074
191.462 -10.141
191.950 -10.036
193.370 -10.031
193.512 -10.103
193.792 -10.093
193.964 -10.069
194.325 -10.170
194.349 -10.252
195.182 -10.081
195.405 -9.619
195.508 -10.052
195.792 -9.833
195.826 -9.521
196.096 -10.068
196.226 -9.745
196.523 -10.043
197.101 -9.679
197.212 -9.899
197.378 -10.190
197.404 -9.974
198.287 -10.166
198.938 -9.932
199.202 -10.012
199.284 -9.673
199.779 -10.190
199.978 -9.994
200.184 -10.064
200.190 -10.094
200.444 -10.056
201.235 -9.905
201.680 -9.539
202.112 -9.876
202.348 -10.202
202.507 -9.956
202.622 -10.128
202.718 -10.052
202.871 -9.777
203.696 -10.007
203.932 -10.091
204.414 -9.630
204.532 -10.028
204.579 -10.065
204.835 -10.040
205.125 -10.163
205.322 -9.903
205.652 -9.999
205.765 -9.415
205.959 -9.928
206.864 -10.075
207.460 -10.187
207.599 -10.167
207.624 -10.008
207.783 -9.514
208.086 -9.566
208.210 -9.888
208.910 -10.132
211.171 -10.219
211.243 -9.849
211.364 -10.186
211.385 -9.983
212.074 -9.917
212.362 -9.462
212.552 -10.040
212.557 -10.177
212.741 -9.881
213.795 -9.998
213.848 -10.244
214.024 -9.817
215.401 -9.713
216.027 -10.052
216.479 -9.803
217.724 -9.925
218.561 -9.704
218.654 -9.940
219.417 -10.005
219.525 -10.066
220.123 -9.426
220.196 -9.768
220.531 -10.118
220.646 -10.064
220.656 -9.999
221.269 -9.959
221.717 -9.956
223.009 -9.952
223.028 -9.981
223.597 -9.750
224.024 -10.022
224.061 -10.359
225.105 -9.621
225.112 -9.959
225.120 -9.861
225.337 -9.963
225.432 -9.783
225.838 -10.088
226.166 -9.929
226.290 -10.011
226.316 -10.105
226.595 -9.988
227.919 -9.976
229.697 -10.003
229.715 -9.804
230.013 -10.125
231.035 -10.042
231.244 -9.626
231.370 -9.920
231.490 -9.969
231.926 -9.905
232.366 -10.028
232.410 -9.935
232.483 -9.644
232.596 -9.487
233.347 -9.967
233.706 -9.647
234.185 -9.650
234.300 -10.104
234.328 -9.576
234.441 -10.107
234.646 -9.772
234.994 -9.979
235.402 -9.989
235.612 -9.670
235.988 -9.911
236.111 -9.963
237.195 -9.956
237.219 -9.944
237.701 -10.057
237.711 -10.061
238.818 -9.857
240.111 -9.765
240.486 -9.389
241.156 -9.568
242.225 -10.046
242.593 -9.446
244.288 -9.850
244.996 -10.015
245.146 -9.986
245.200 -9.929
245.664 -9.835
246.143 -9.483
246.252 -9.962
246.734 -9.634
246.910 -9.881
247.761 -9.730
247.801 -10.060
247.837 -9.895
248.437 -9.936
248.778 -9.455
248.932 -9.939
249.222 -9.977
249.611 -10.076
250.036 -10.020
250.344 -9.938
250.911 -10.014
250.937 -9.545
251.002 -9.785
253.122 -9.838
253.562 -9.765
255.200 -9.314
255.250 -9.568
255.912 -10.191
256.224 -9.877
257.272 -9.823
257.544 -9.621
257.839 -9.877
257.983 -10.103
258.006 -9.780
258.024 -9.928
258.268 -10.013
258.466 -9.836
258.578 -9.462
258.939 -9.832
260.213 -9.568
261.407 -9.713
261.715 -9.965
262.488 -9.810
263.046 -9.854
263.946 -9.719
263.959 -9.663
264.510 -9.586
264.892 -9.994
265.447 -9.870
265.967 -10.021
265.987 -9.833
266.210 -10.048
266.787 -9.802
266.995 -10.021
267.057 -9.684
267.228 -10.009
267.859 -9.798
268.263 -9.992
268.598 -9.618
269.857 -9.887
270.126 -9.578
271.620 -9.892
271.696 -9.530
272.664 -9.732
272.771 -9.999
273.006 -9.625
273.029 -9.253
273.110 -10.026
273.438 -9.666
274.132 -9.737
276.948 -9.730
277.125 -9.606
277.138 -9.786
278.437 -9.731
280.033 -9.939
280.326 -9.439
280.798 -9.216
280.900 -9.318
281.292 -9.750
281.496 -9.365
281.629 -9.767
281.652 -9.806
283.148 -9.895
284.980 -9.432
285.518 -9.671
286.099 -9.906
286.979 -9.619
287.412 -9.857
287.515 -9.311
288.991 -9.704
290.035 -9.693
290.765 -9.736
291.479 -9.806
291.977 -9.749
292.063 -9.463
292.183 -9.624
292.693 -9.855
293.294 -9.485
293.907 -9.799
294.304 -9.816
294.546 -9.658
294.799 -9.704
294.932 -9.873
294.936 -9.252
295.818 -9.804
295.962 -9.834
296.148 -9.388
296.407 -9.702
297.408 -9.692
297.595 -9.690
297.696 -9.540
298.454 -9.865
298.786 -9.694
299.153 -9.808
299.972 -9.291
300.304 -9.590
300.794 -9.600
303.349 -9.551
303.601 -9.453
304.073 -9.718
304.357 -9.761
304.458 -9.480
304.564 -9.752
304.776 -9.448
305.355 -9.735
306.564 -9.932
306.959 -9.673
307.044 -9.754
307.066 -9.934
307.166 -9.774
307.320 -9.894
307.640 -9.569
307.704 -9.750
307.715 -9.500
307.721 -9.936
308.129 -9.707
308.340 -10.007
309.476 -9.520
309.973 -9.708
310.068 -9.716
310.229 -9.734
310.358 -9.702
310.904 -9.668
311.011 -9.579
311.345 -9.531
311.388 -9.316
311.459 -9.555
312.848 -9.676
312.921 -9.800
314.193 -9.728
314.239 -9.929
314.296 -9.197
314.829 -9.733
314.852 -9.787
315.602 -9.733
315.871 -9.533
315.916 -9.808
316.044 -9.814
316.637 -9.651
317.200 -9.783
317.386 -9.581
317.589 -9.820
317.939 -9.294
318.679 -9.657
319.501 -9.751
319.689 -9.371
319.867 -9.568
320.247 -9.619
320.645 -9.460
321.210 -9.449
322.274 -9.884
322.917 -9.634
323.134 -9.808
323.529 -9.280
323.587 -9.538
324.475 -9.785
324.566 -9.332
325.297 -9.543
325.684 -9.518
326.437 -9.788
327.499 -9.693
328.170 -9.509
328.616 -9.732
329.358 -9.650
329.358 -9.751
329.438 -9.622
329.568 -9.780
330.503 -9.821
330.598 -9.723
333.510 -9.854
333.540 -9.354
333.737 -9.562
334.771 -9.398
335.892 -9.393
335.983 -9.740
336.166 -8.974
336.352 -9.255
336.424 -9.713
337.122 -9.719
337.522 -9.418
338.026 -9.854
338.172 -9.691
338.350 -9.736
338.510 -9.854
338.569 -9.461
338.608 -9.383
338.676 -9.611
338.906 -9.620
339.161 -9.387
340.825 -9.590
341.243 -9.396
341.329 -9.624
342.797 -9.451
342.932 -9.375
343.310 -9.636
343.772 -9.672
344.003 -9.753
346.561 -9.585
346.668 -9.696
346.833 -9.521
347.814 -9.544
348.150 -9.166
349.317 -9.637
350.598 -9.289
350.666 -9.636
351.222 -9.091
352.357 -9.775
353.151 -9.694
353.440 -9.713
354.215 -9.424
354.791 -9.600
355.064 -9.917
355.189 -9.630
355.513 -9.536
356.869 -9.564
357.060 -9.545
357.431 -9.540
357.842 -9.083
357.984 -9.887
358.270 -9.396
358.725 -9.719
359.722 -9.535
359.879 -9.453
359.971 -9.702
360.008 -9.470
360.012 -9.507
360.198 -9.060
360.267 -9.852
361.088 -9.718
361.609 -9.560
361.769 -9.357
362.725 -9.199
364.124 -9.392
364.264 -9.645
364.556 -9.648
365.027 -9.151
365.444 -9.502
365.523 -9.620
367.176 -9.268
367.633 -9.555
368.601 -9.516
368.683 -9.611
368.805 -9.250
368.848 -9.533
368.921 -9.629
369.039 -9.242
369.415 -9.622
370.370 -9.291
370.475 -9.807
370.554 -9.617
370.723 -9.716
371.652 -9.577
371.946 -9.651
373.919 -9.535
374.453 -9.482
375.094 -9.552
375.398 -9.586
375.806 -9.541
376.681 -9.401
377.047 -9.485
377.426 -9.380
379.212 -9.603
380.912 -9.436
381.517 -9.513
384.467 -9.555
385.041 -9.539
385.372 -9.392
385.976 -9.574
386.285 -9.487
386.691 -9.580
387.374 -9.617
388.086 -9.610
388.319 -9.596
389.138 -9.443
389.623 -9.340
389.950 -9.146
390.068 -9.393
390.188 -9.346
390.721 -9.544
391.443 -9.360
391.445 -9.607
391.879 -9.690
391.943 -9.623
392.518 -9.022
393.131 -9.631
394.081 -9.252
397.190 -9.547
397.536 -9.124
399.021 -9.075
399.200 -9.663
399.489 -9.502
399.862 -9.426
402.080 -9.585
402.201 -9.538
402.632 -9.564
403.033 -9.798
403.075 -9.619
405.493 -9.468
405.548 -9.597
405.853 -9.092
407.130 -9.706
407.136 -9.535
407.837 -9.531
408.892 -9.543
409.509 -9.365
410.373 -9.469
411.292 -9.368
412.014 -9.605
412.411 -9.455
414.484 -9.147
414.682 -9.505
415.439 -9.414
415.729 -9.423
415.744 -9.145
416.822 -9.337
417.897 -9.498
418.133 -9.485
419.469 -9.631
419.522 -9.273
420.840 -9.495
421.659 -9.473
422.139 -9.472
422.548 -9.432
424.507 -9.349
424.827 -9.337
424.913 -9.353
426.240 -9.553
426.807 -9.350
427.349 -9.476
428.097 -9.261
428.403 -9.566
429.324 -9.507
429.415 -9.397
431.115 -9.533
431.209 -9.514
431.451 -9.420
432.044 -9.618
432.618 -9.528
433.370 -9.458
433.600 -9.219
433.697 -9.429
434.038 -9.398
434.635 -9.279
434.729 -9.668
438.174 -9.027
438.182 -9.129
438.225 -9.359
438.266 -9.529
438.467 -9.695
438.743 -9.559
439.235 -9.474
439.521 -9.284
439.536 -9.146
439.593 -9.455
439.719 -9.373
440.562 -9.148
442.630 -9.155
443.639 -9.326
444.392 -9.452
444.441 -9.312
445.042 -9.772
447.437 -9.353
447.702 -9.516
447.760 -9.288
447.844 -9.651
448.827 -9.521
448.890 -9.764
449.838 -9.349
451.526 -9.231
451.578 -9.467
451.718 -9.390
452.034 -9.577
453.280 -9.544
454.987 -9.222
455.037 -9.389
455.650 -9.401
457.770 -9.311
457.840 -9.451
458.076 -9.210
458.175 -9.407
458.651 -9.272
458.672 -9.501
458.677 -9.593
460.208 -9.422
460.553 -9.299
461.719 -9.318
461.763 -9.598
462.014 -9.300
462.333 -9.340
463.115 -9.462
463.540 -9.186
464.579 -9.386
465.434 -9.234
466.623 -9.322
469.404 -9.173
471.265 -9.209
471.329 -9.353
471.590 -9.326
471.609 -9.308
472.268 -9.449
472.534 -9.491
472.674 -9.461
472.870 -8.880
474.076 -9.187
474.612 -9.251
474.890 -9.398
475.569 -9.333
476.584 -9.254
478.025 -9.266
478.522 -9.536
479.307 -9.280
481.212 -9.540
481.850 -8.970
482.043 -9.141
482.363 -9.240
484.296 -9.494
484.376 -9.397
486.140 -9.258
487.549 -9.692
489.782 -8.965
489.949 -9.322
492.948 -9.489
495.510 -9.312
495.683 -8.962
496.188 -9.255
496.838 -9.350
497.109 -9.526
497.298 -9.608
502.768 -9.230
503.767 -9.297
503.808 -9.051
504.281 -9.435
504.359 -9.505
505.686 -9.485
508.182 -9.708
508.769 -9.150
510.018 -9.437
510.087 -9.447
511.697 -9.335
511.715 -9.228
512.349 -9.223
512.587 -8.848
514.139 -9.469
514.825 -9.212
515.500 -9.149
515.505 -9.231
516.940 -9.235
517.594 -9.396
518.213 -9.326
518.644 -9.084
519.333 -8.980
520.284 -9.198
521.139 -9.148
523.188 -9.286
523.709 -8.753
523.806 -9.268
524.280 -9.318
526.660 -9.224
527.418 -9.319
529.404 -9.426
530.472 -8.970
530.747 -9.090
530.907 -9.318
533.273 -9.156
533.875 -9.282
534.275 -9.081
534.290 -8.936
535.644 -9.107
537.983 -8.959
540.300 -9.426
540.738 -9.268
540.804 -9.331
542.524 -9.348
542.543 -9.374
544.563 -9.471
546.262 -9.356
546.378 -9.211
546.457 -8.900
546.552 -9.375
547.717 -9.173
547.858 -9.438
549.695 -9.086
549.747 -9.522
550.573 -9.112
553.368 -9.073
554.451 -9.078
556.513 -9.233
558.621 -9.181
558.958 -9.284
559.114 -9.224
560.475 -9.447
560.545 -9.265
560.578 -8.802
560.939 -8.853
562.097 -8.918
562.846 -8.940
566.215 -9.055
566.635 -9.091
567.742 -9.447
572.486 -8.973
572.878 -8.992
573.686 -9.077
574.286 -9.243
576.716 -9.131
579.520 -9.049
580.024 -9.155
580.258 -9.138
580.755 -9.155
582.084 -9.181
584.306 -9.023
585.009 -9.035
585.831 -9.024
587.327 -9.127
587.613 -9.238
587.681 -8.732
588.604 -9.332
589.054 -9.147
591.776 -9.081
594.645 -9.359
598.727 -8.908
599.659 -8.803
603.070 -8.947
607.678 -9.068
608.112 -8.971
608.425 -9.444
609.573 -9.051
610.838 -8.985
612.820 -8.773
613.236 -8.814
613.373 -9.021
613.599 -8.824
614.260 -8.762
614.355 -8.923
617.383 -9.273
619.449 -8.795
620.347 -9.001
623.306 -9.314
623.505 -8.922
624.871 -9.211
626.468 -8.862
626.928 -8.957
627.311 -9.086
627.325 -8.991
635.864 -8.915
636.803 -9.190
638.581 -8.912
639.421 -9.421
640.416 -9.457
652.711 -9.124
654.776 -9.155
655.249 -9.109
658.830 -9.184
658.972 -8.724
659.762 -8.979
660.311 -8.988
667.422 -8.988
671.012 -8.957
674.530 -9.072
676.195 -8.921
676.270 -9.055
678.693 -8.668
681.920 -8.849
689.667 -9.216
690.808 -8.643
693.072 -8.623
694.658 -9.256
696.564 -8.943
698.220 -8.797
704.406 -9.096
707.380 -8.739
707.789 -8.843
711.790 -9.076
713.145 -8.661
714.616 -8.901
717.270 -8.922
723.656 -9.150
726.931 -9.091
728.226 -9.128
735.191 -9.159
736.642 -8.879
741.660 -8.976
747.135 -9.126
749.959 -8.779
754.285 -9.175
758.338 -8.985
767.044 -9.226
767.934 -8.693
768.420 -8.992
768.482 -8.773
774.920 -8.940
779.642 -8.733
781.419 -8.818
788.661 -8.932
792.829 -8.787
797.875 -8.949
800.446 -8.664
806.444 -9.015
809.677 -8.874
812.902 -8.701
813.413 -9.011
814.229 -8.654
814.290 -8.800
816.345 -8.825
818.006 -8.916
831.975 -8.822
836.754 -8.769
840.470 -8.803
840.632 -9.042
840.756 -8.840
842.123 -8.818
848.352 -8.612
849.175 -8.922
853.373 -8.869
854.515 -8.815
868.922 -8.961
872.713 -8.566
884.022 -8.836
885.488 -8.800
908.465 -8.352
911.146 -8.872
913.175 -8.517
913.781 -8.852
914.885 -8.417
922.776 -8.485
929.773 -8.794
930.962 -8.756
935.452 -8.722
936.608 -8.777
936.695 -8.672
938.649 -8.809
945.218 -8.851
961.423 -8.687
962.117 -8.516
965.525 -8.737
976.530 -8.620
979.930 -8.786
981.274 -8.669
984.318 -8.805
990.088 -8.736
992.663 -8.547
1015.995 -8.609
1027.588 -8.499
1035.352 -8.623
1041.039 -8.590
1047.263 -8.248
1062.711 -8.642
1085.354 -8.466
1092.131 -8.638
1094.085 -8.617
1096.959 -8.355
1098.541 -8.533
1112.051 -8.442
1113.751 -8.487
1115.878 -8.480
1134.095 -8.389
1144.163 -8.353
1155.445 -8.314
1159.385 -8.415
1204.110 -8.545
1236.034 -8.286
1236.128 -8.469
1271.320 -8.003
1275.159 -8.326
1368.892 -8.264
1386.431 -8.544
1417.470 -8.330
1428.399 -7.918
1434.697 -8.064
1441.164 -8.079
1449.342 -8.189
1487.405 -8.077
1499.999 -8.017
1633.108 -8.210
1634.887 -8.568
1651.295 -8.422
1669.877 -8.216
1706.031 -8.571
1708.969 -8.463
1948.399 -7.999
2127.789 -8.018
2207.098 -7.835
3050.685 -7.887
3598.958 -7.996
