# Ep lEiso
67.872 -9.053
70.064 -9.084
75.396 -8.882
77.192 -8.888
77.760 -8.946
79.053 -8.998
79.857 -8.812
80.567 -8.766
81.374 -8.967
81.400 -8.964
81.868 -8.895
82.679 -8.926
82.979 -8.831
83.597 -8.876
84.197 -8.917
84.446 -8.808
85.318 -8.881
85.442 -8.827
85.742 -8.982
85.821 -8.918
86.036 -8.859
86.072 -8.883
86.210 -8.753
86.438 -8.852
86.629 -8.850
86.917 -8.903
86.929 -8.888
87.110 -8.860
87.263 -8.843
87.377 -8.879
88.412 -8.967
88.453 -8.978
88.522 -8.930
88.786 -8.906
89.103 -8.906
89.137 -8.986
89.524 -8.711
89.724 -8.767
89.747 -8.941
90.057 -8.736
90.195 -8.879
90.305 -8.856
90.505 -8.943
90.541 -8.952
90.594 -8.866
90.730 -8.904
91.050 -8.902
91.537 -8.756
91.572 -8.813
91.597 -8.917
91.636 -8.820
91.709 -8.778
91.890 -8.873
91.963 -8.875
92.183 -8.782
92.213 -8.883
92.309 -8.897
92.924 -8.731
93.055 -8.872
93.482 -8.839
93.483 -8.830
93.714 -8.915
93.893 -8.903
94.194 -8.854
94.212 -8.770
94.426 -8.932
94.549 -8.775
94.947 -8.623
94.986 -8.732
95.126 -8.782
95.333 -8.912
95.335 -8.914
95.385 -8.781
95.476 -8.868
95.636 -8.959
95.742 -8.839
95.806 -8.850
96.082 -8.854
96.284 -8.819
96.292 -8.807
96.422 -8.895
96.465 -8.848
96.522 -8.884
96.648 -8.821
96.799 -8.837
96.865 -8.849
96.925 -8.874
97.237 -8.786
97.275 -8.862
97.331 -8.858
97.388 -8.840
97.525 -8.806
97.536 -8.808
97.552 -8.695
97.764 -8.696
97.817 -8.802
97.966 -8.717
98.294 -8.688
98.406 -8.852
98.410 -8.808
98.520 -8.862
98.531 -8.917
98.544 -8.828
98.561 -8.838
98.602 -8.872
98.663 -8.714
98.678 -8.828
98.819 -8.770
98.966 -8.786
99.013 -8.836
99.089 -8.830
99.097 -8.791
99.181 -8.814
99.286 -8.848
99.297 -8.800
99.365 -8.781
99.443 -8.691
100.137 -8.881
100.147 -8.649
100.237 -8.765
100.350 -8.874
100.380 -8.780
100.404 -8.791
100.511 -8.799
100.568 -8.811
100.602 -8.731
100.903 -8.798
100.934 -8.780
101.017 -8.727
101.144 -8.846
101.206 -8.804
101.363 -8.905
101.427 -8.826
101.546 -8.806
101.563 -8.840
101.813 -8.840
101.845 -8.842
102.086 -8.816
102.100 -8.885
102.244 -8.675
102.345 -8.739
102.370 -8.801
102.394 -8.762
102.627 -8.762
102.657 -8.732
102.691 -8.866
102.965 -8.768
102.998 -8.807
103.393 -8.826
103.411 -8.767
103.413 -8.612
103.793 -8.791
103.869 -8.800
103.996 -8.869
104.139 -8.818
104.359 -8.815
104.433 -8.812
104.451 -8.676
104.692 -8.826
104.761 -8.745
104.806 -8.805
104.919 -8.794
104.927 -8.666
105.020 -8.779
105.069 -8.776
105.283 -8.798
105.440 -8.757
105.896 -8.750
105.942 -8.720
106.032 -8.725
106.088 -8.761
106.205 -8.798
106.212 -8.828
106.481 -8.854
106.553 -8.592
106.586 -8.811
106.677 -8.671
106.688 -8.555
106.775 -8.710
106.817 -8.637
106.913 -8.747
107.099 -8.612
107.135 -8.827
107.188 -8.800
107.197 -8.720
107.481 -8.790
107.690 -8.704
107.776 -8.734
107.802 -8.609
107.961 -8.801
108.025 -8.729
108.092 -8.755
108.094 -8.766
108.175 -8.752
108.430 -8.698
108.573 -8.563
108.712 -8.689
108.788 -8.810
108.839 -8.807
108.876 -8.731
108.907 -8.755
108.957 -8.653
109.222 -8.740
109.298 -8.771
109.453 -8.601
109.491 -8.749
109.506 -8.697
109.589 -8.754
109.682 -8.800
109.746 -8.704
109.852 -8.740
109.889 -8.524
109.951 -8.715
110.243 -8.771
110.435 -8.813
110.480 -8.806
110.488 -8.747
110.539 -8.565
110.638 -8.583
110.678 -8.701
110.904 -8.789
111.636 -8.819
111.659 -8.682
111.699 -8.807
111.705 -8.732
111.928 -8.709
112.022 -8.541
112.084 -8.756
112.086 -8.806
112.146 -8.697
112.489 -8.742
112.506 -8.833
112.564 -8.701
113.011 -8.639
113.214 -8.762
113.360 -8.666
113.763 -8.705
114.035 -8.623
114.066 -8.710
114.314 -8.734
114.349 -8.757
114.545 -8.520
114.568 -8.646
114.677 -8.776
114.715 -8.833
114.718 -8.732
114.919 -8.717
115.065 -8.716
115.488 -8.714
115.495 -8.725
115.682 -8.640
115.822 -8.769
115.834 -8.865
116.171 -8.762
116.173 -8.711
116.175 -8.674
116.239 -8.708
116.266 -8.642
116.381 -8.756
116.474 -8.697
116.509 -8.728
116.517 -8.763
116.596 -8.720
116.974 -8.719
117.483 -8.733
117.488 -8.659
117.573 -8.779
117.867 -8.750
117.927 -8.596
117.963 -8.706
117.998 -8.724
118.123 -8.701
118.250 -8.747
118.263 -8.713
118.284 -8.606
118.317 -8.548
118.532 -8.752
118.634 -8.608
118.771 -8.606
118.804 -8.774
118.812 -8.578
118.845 -8.773
118.903 -8.648
119.003 -8.723
119.120 -8.725
119.180 -8.607
119.289 -8.697
119.324 -8.716
119.636 -8.715
119.643 -8.710
119.782 -8.753
119.785 -8.754
120.106 -8.680
120.481 -8.647
120.591 -8.509
120.783 -8.731
121.090 -8.749
121.196 -8.525
121.685 -8.776
121.891 -8.728
121.935 -8.717
121.951 -8.696
122.086 -8.662
122.226 -8.531
122.257 -8.708
122.398 -8.587
122.449 -8.765
122.698 -8.623
122.709 -8.745
122.720 -8.685
122.894 -8.722
122.993 -8.524
123.037 -8.704
123.122 -8.719
123.235 -8.756
123.358 -8.737
123.447 -8.708
123.612 -8.737
123.619 -8.564
123.638 -8.653
124.260 -8.673
124.390 -8.646
124.865 -8.477
124.879 -8.571
125.073 -8.803
125.165 -8.687
125.474 -8.669
125.554 -8.594
125.640 -8.689
125.683 -8.773
125.690 -8.654
125.695 -8.709
125.766 -8.741
125.825 -8.675
125.858 -8.537
125.964 -8.675
126.336 -8.578
126.691 -8.629
126.782 -8.721
127.011 -8.662
127.177 -8.677
127.444 -8.625
127.448 -8.605
127.611 -8.574
127.723 -8.725
127.886 -8.678
128.040 -8.733
128.046 -8.664
128.113 -8.743
128.286 -8.652
128.349 -8.733
128.368 -8.608
128.419 -8.729
128.609 -8.651
128.730 -8.722
128.830 -8.584
129.205 -8.686
129.284 -8.572
129.726 -8.692
129.749 -8.558
130.040 -8.635
130.073 -8.734
130.144 -8.596
130.151 -8.458
130.176 -8.744
130.275 -8.611
130.485 -8.637
131.335 -8.636
131.388 -8.591
131.392 -8.657
131.781 -8.641
132.265 -8.676
132.356 -8.533
132.501 -8.449
132.533 -8.487
132.654 -8.645
132.716 -8.503
132.758 -8.651
132.764 -8.665
133.225 -8.694
133.787 -8.518
133.950 -8.607
134.127 -8.695
134.394 -8.589
134.525 -8.676
134.556 -8.474
135.016 -8.617
135.343 -8.611
135.571 -8.626
135.793 -8.651
135.948 -8.630
135.975 -8.524
136.012 -8.583
136.171 -8.668
136.357 -8.532
136.547 -8.652
136.670 -8.661
136.744 -8.602
136.822 -8.619
136.863 -8.681
136.864 -8.451
137.136 -8.654
137.180 -8.665
137.237 -8.500
137.317 -8.616
137.624 -8.611
137.683 -8.610
137.715 -8.554
137.959 -8.674
138.066 -8.610
138.184 -8.652
138.446 -8.460
138.552 -8.570
138.728 -8.573
139.656 -8.561
139.748 -8.652
139.918 -8.622
140.020 -8.637
140.057 -8.533
140.095 -8.634
140.172 -8.521
140.380 -8.626
140.814 -8.698
140.956 -8.601
140.986 -8.631
140.994 -8.652
141.030 -8.638
141.085 -8.683
141.200 -8.625
141.224 -8.629
141.228 -8.536
141.231 -8.698
141.386 -8.613
141.466 -8.664
141.897 -8.640
142.085 -8.613
142.120 -8.617
142.181 -8.623
142.230 -8.611
142.435 -8.599
142.476 -8.566
142.602 -8.548
142.618 -8.469
142.645 -8.557
143.166 -8.602
143.193 -8.648
143.668 -8.621
143.685 -8.695
143.707 -8.424
143.905 -8.623
143.914 -8.643
144.193 -8.624
144.292 -8.552
144.309 -8.654
144.356 -8.657
144.575 -8.601
144.783 -8.654
144.852 -8.581
144.927 -8.625
145.056 -8.479
145.327 -8.613
145.649 -8.646
145.723 -8.505
145.793 -8.578
145.942 -8.596
146.099 -8.536
146.319 -8.531
146.733 -8.638
146.983 -8.596
147.067 -8.660
147.221 -8.464
147.244 -8.559
147.587 -8.649
147.622 -8.621
147.902 -8.558
148.051 -8.548
148.340 -8.646
148.748 -8.609
149.004 -8.539
149.173 -8.621
149.453 -8.589
149.453 -8.627
149.483 -8.579
149.533 -8.637
149.886 -8.651
149.922 -8.614
151.086 -8.621
151.098 -8.476
151.177 -8.554
151.596 -8.495
152.050 -8.495
152.086 -8.624
152.161 -8.340
152.236 -8.445
152.265 -8.615
152.547 -8.618
152.709 -8.507
152.910 -8.668
152.967 -8.607
153.038 -8.573
153.101 -8.586
153.125 -8.522
153.140 -8.493
153.167 -8.577
153.258 -8.580
153.359 -8.493
154.019 -8.565
154.185 -8.493
154.219 -8.577
154.801 -8.511
154.855 -8.559
155.004 -8.578
155.185 -8.591
155.275 -8.621
156.286 -8.555
156.332 -8.596
156.403 -8.592
156.822 -8.538
156.966 -8.398
157.465 -8.572
158.011 -8.442
158.040 -8.571
158.270 -8.370
158.741 -8.438
159.071 -8.596
159.190 -8.603
159.512 -8.497
159.751 -8.563
159.864 -8.512
159.916 -8.575
160.051 -8.541
160.613 -8.553
160.692 -8.547
160.846 -8.545
161.017 -8.377
161.076 -8.464
161.194 -8.493
161.382 -8.489
161.782 -8.544
161.845 -8.514
161.882 -8.606
161.896 -8.520
161.898 -8.534
161.972 -8.368
162.000 -8.582
162.329 -8.612
162.538 -8.553
162.602 -8.477
162.987 -8.418
163.617 -8.487
163.680 -8.581
163.812 -8.582
164.024 -8.462
164.211 -8.527
164.247 -8.570
164.991 -8.437
165.197 -8.543
165.626 -8.528
165.662 -8.563
165.715 -8.429
165.733 -8.534
165.765 -8.570
165.816 -8.427
165.979 -8.567
166.392 -8.445
166.438 -8.513
166.472 -8.566
166.545 -8.522
166.947 -8.552
167.074 -8.579
167.928 -8.537
168.159 -8.517
168.437 -8.544
168.568 -8.556
168.745 -8.540
169.123 -8.488
169.282 -8.520
169.446 -8.481
170.219 -8.564
170.923 -8.537
171.172 -8.528
172.544 -8.539
172.814 -8.531
172.969 -8.476
173.253 -8.543
173.399 -8.510
173.590 -8.544
173.910 -8.556
174.245 -8.553
174.355 -8.547
174.739 -8.489
174.967 -8.450
175.121 -8.377
175.176 -8.469
175.233 -8.451
175.484 -8.523
175.823 -8.454
175.824 -8.545
176.028 -8.575
176.058 -8.550
176.328 -8.327
176.607 -8.540
177.027 -8.411
178.403 -8.525
178.556 -8.546
179.213 -8.335
179.292 -8.475
179.421 -8.509
179.586 -8.509
180.567 -8.548
180.621 -8.528
180.812 -8.540
180.989 -8.429
181.007 -8.503
182.207 -8.503
182.236 -8.561
182.393 -8.332
183.051 -8.451
183.055 -8.537
183.416 -8.536
183.947 -8.381
184.243 -8.458
184.657 -8.507
185.097 -8.458
185.443 -8.489
185.633 -8.498
186.627 -8.431
186.721 -8.520
187.084 -8.476
187.223 -8.480
187.230 -8.344
187.747 -8.436
188.262 -8.514
188.375 -8.508
189.015 -8.493
189.040 -8.401
189.672 -8.501
190.064 -8.498
190.294 -8.498
190.490 -8.477
191.429 -8.434
191.582 -8.427
191.623 -8.435
192.259 -8.534
192.531 -8.453
192.791 -8.495
193.119 -8.387
193.254 -8.515
193.692 -8.513
193.739 -8.458
194.628 -8.528
194.677 -8.491
194.803 -8.471
195.113 -8.461
195.412 -8.444
195.805 -8.492
195.926 -8.371
195.976 -8.478
196.154 -8.462
196.466 -8.403
196.515 -8.423
198.315 -8.279
198.319 -8.330
198.342 -8.446
198.363 -8.532
198.468 -8.456
198.612 -8.390
198.869 -8.482
199.018 -8.410
199.026 -8.340
199.056 -8.441
199.122 -8.455
199.562 -8.472
200.642 -8.348
201.169 -8.435
201.563 -8.499
201.588 -8.429
201.903 -8.336
203.153 -8.452
203.292 -8.472
203.322 -8.419
203.366 -8.514
203.880 -8.458
203.912 -8.385
204.408 -8.452
205.205 -8.391
205.230 -8.429
205.295 -8.470
205.444 -8.429
206.029 -8.395
206.830 -8.383
206.853 -8.466
207.141 -8.471
208.137 -8.424
208.169 -8.468
208.280 -8.374
208.327 -8.471
208.575 -8.404
208.587 -8.358
208.590 -8.378
209.463 -8.449
209.660 -8.415
210.325 -8.423
210.350 -8.346
210.493 -8.414
210.675 -8.433
211.121 -8.491
211.363 -8.358
211.956 -8.452
212.444 -8.379
213.122 -8.419
214.708 -8.426
215.769 -8.361
215.805 -8.429
215.955 -8.416
215.965 -8.407
216.341 -8.472
216.493 -8.436
216.572 -8.477
216.684 -8.206
217.372 -8.348
217.678 -8.406
217.836 -8.270
218.224 -8.414
218.803 -8.377
219.569 -8.382
219.818 -8.277
220.212 -8.389
221.168 -8.408
221.487 -8.247
221.584 -8.233
221.745 -8.408
222.714 -8.372
222.754 -8.445
223.639 -8.381
224.346 -8.444
225.466 -8.246
225.549 -8.413
227.073 -8.343
228.666 -8.406
228.773 -8.241
229.088 -8.378
229.492 -8.422
229.660 -8.445
229.778 -8.315
233.179 -8.366
233.800 -8.388
233.825 -8.270
234.120 -8.453
234.168 -8.278
234.993 -8.376
236.545 -8.393
236.910 -8.370
237.687 -8.375
237.730 -8.407
238.620 -8.395
238.630 -8.344
238.967 -8.341
239.093 -8.162
239.918 -8.373
240.283 -8.366
240.642 -8.300
240.644 -8.339
241.407 -8.386
241.755 -8.413
242.085 -8.379
242.314 -8.344
242.680 -8.353
243.186 -8.315
243.641 -8.291
244.730 -8.352
245.007 -8.103
245.058 -8.342
245.311 -8.365
246.576 -8.317
246.979 -8.360
248.036 -8.405
248.603 -8.195
248.749 -8.249
248.835 -8.353
250.093 -8.183
250.465 -8.333
250.735 -8.392
250.744 -8.176
251.656 -8.255
253.231 -8.190
254.792 -8.401
255.087 -8.331
255.131 -8.359
256.289 -8.368
256.302 -8.379
257.662 -8.317
258.807 -8.373
258.885 -8.309
258.938 -8.171
259.002 -8.382
259.787 -8.339
259.881 -8.410
261.118 -8.337
261.153 -8.367
261.710 -8.268
263.352 -8.254
263.955 -8.314
265.101 -8.329
266.273 -8.308
266.461 -8.355
266.547 -8.328
267.304 -8.354
267.343 -8.348
267.362 -8.141
267.562 -8.164
268.206 -8.194
268.623 -8.205
270.496 -8.261
270.730 -8.277
271.345 -8.287
273.983 -8.230
274.201 -8.311
274.650 -8.309
274.984 -8.357
276.335 -8.308
277.894 -8.273
278.174 -8.324
278.304 -8.316
278.581 -8.324
279.319 -8.338
280.793 -8.265
281.299 -8.271
281.892 -8.266
282.970 -8.315
283.176 -8.270
283.225 -8.126
283.891 -8.300
284.214 -8.324
286.176 -8.293
288.244 -8.274
291.186 -8.210
291.857 -8.159
294.169 -8.229
296.800 -8.289
297.048 -8.241
297.227 -8.270
297.882 -8.281
298.605 -8.248
299.737 -8.142
299.974 -8.163
300.052 -8.266
300.182 -8.168
300.559 -8.136
300.613 -8.217
302.342 -8.205
303.522 -8.281
304.035 -8.256
305.724 -8.265
305.838 -8.217
306.618 -8.212
307.530 -8.186
307.792 -8.234
308.011 -8.300
308.019 -8.252
312.895 -8.213
313.431 -8.275
314.446 -8.257
314.926 -8.266
315.494 -8.194
324.179 -8.261
325.779 -8.140
326.145 -8.300
328.921 -8.234
329.031 -8.105
329.643 -8.242
330.069 -8.247
335.285 -8.245
337.376 -8.228
339.424 -8.282
340.393 -8.208
340.437 -8.070
341.848 -8.070
343.726 -8.168
348.236 -8.221
348.901 -8.055
350.219 -8.044
351.142 -8.233
352.252 -8.217
353.216 -8.195
356.818 -8.104
358.549 -8.105
358.787 -8.162
361.117 -8.154
361.906 -8.210
362.762 -8.193
364.307 -8.204
368.098 -8.248
370.858 -8.231
371.950 -8.194
377.818 -8.092
379.041 -8.175
383.269 -8.227
387.883 -8.153
389.578 -8.117
392.147 -8.180
394.552 -8.232
399.721 -8.184
400.249 -8.071
400.538 -8.158
400.575 -8.116
404.397 -8.184
407.200 -8.095
408.255 -8.143
412.554 -8.145
415.029 -8.128
418.024 -8.161
419.551 -8.059
423.112 -8.101
425.031 -8.181
426.945 -8.126
427.249 -8.114
427.734 -8.055
427.770 -8.139
428.989 -8.154
429.976 -8.024
440.241 -8.154
444.699 -8.123
448.165 -8.143
448.317 -8.091
448.433 -8.113
449.707 -8.152
455.517 -8.030
456.285 -8.096
459.895 -8.069
460.588 -8.072
469.318 -7.988
471.616 -8.006
478.468 -8.093
479.357 -8.082
493.281 -7.881
494.905 -8.045
496.135 -7.982
496.502 -8.097
497.171 -7.921
501.953 -7.964
506.193 -8.025
506.913 -8.035
509.635 -7.923
510.335 -7.992
510.388 -8.081
511.572 -8.067
515.552 -7.972
525.372 -7.965
525.793 -7.989
528.872 -7.936
540.546 -8.051
544.154 -8.067
545.579 -8.080
548.809 -7.957
554.929 -7.974
556.963 -8.001
571.464 -8.044
578.669 -7.976
583.494 -7.953
587.028 -8.036
590.897 -7.817
600.497 -7.995
614.570 -7.963
618.782 -7.987
619.996 -8.003
621.782 -7.892
622.766 -8.009
631.162 -7.951
632.218 -7.980
633.540 -7.976
644.862 -7.919
651.119 -7.923
660.927 -7.870
665.874 -7.938
705.811 -7.877
726.449 -7.849
726.510 -7.902
749.260 -7.671
751.741 -7.875
812.335 -7.833
823.674 -7.881
846.226 -7.869
863.516 -7.627
872.876 -7.809
877.341 -7.821
882.987 -7.769
909.268 -7.786
917.964 -7.796
1009.871 -7.718
1011.099 -7.846
1022.428 -7.775
1035.258 -7.682
1060.221 -7.736
1062.250 -7.763
1242.475 -7.551
1381.074 -7.542
1442.349 -7.645
2126.219 -7.452
2340.389 -7.485
