# Ep lEiso
1.003 -9.923
1.007 -10.006
1.027 -9.753
1.040 -9.782
1.046 -9.884
1.061 -9.988
1.070 -9.712
1.078 -9.653
1.091 -9.973
1.091 -9.969
1.100 -9.860
1.115 -9.909
1.121 -9.754
1.132 -9.826
1.144 -9.893
1.148 -9.711
1.169 -9.845
1.172 -9.759
1.180 -10.021
1.182 -9.917
1.187 -9.824
1.188 -9.864
1.192 -9.654
1.198 -9.823
1.203 -9.823
1.210 -9.917
1.210 -9.892
1.215 -9.851
1.219 -9.826
1.222 -9.887
1.250 -10.049
1.251 -10.066
1.253 -9.907
1.262 -9.950
1.272 -9.950
1.273 -10.083
1.285 -9.626
1.291 -9.718
1.292 -10.008
1.302 -9.664
1.306 -9.904
1.310 -9.866
1.316 -10.013
1.317 -10.029
1.319 -9.882
1.323 -9.948
1.334 -10.034
1.350 -9.691
1.351 -9.791
1.352 -9.972
1.353 -9.803
1.356 -10.081
1.362 -9.900
1.365 -9.904
1.373 -9.747
1.374 -9.921
1.378 -9.946
1.400 -9.670
1.405 -9.913
1.420 -10.058
1.420 -9.847
1.429 -9.993
1.435 -9.976
1.446 -9.897
1.447 -10.073
1.455 -10.027
1.460 -9.769
1.476 -9.540
1.477 -9.709
1.483 -9.786
1.491 -9.978
1.491 -9.981
1.493 -9.788
1.497 -9.913
1.503 -10.040
1.507 -9.871
1.510 -9.885
1.521 -9.890
1.531 -9.845
1.532 -9.829
1.539 -9.944
1.542 -9.883
1.545 -9.930
1.552 -9.850
1.561 -9.871
1.565 -9.886
1.569 -9.917
1.588 -9.815
1.591 -9.908
1.594 -9.905
1.598 -9.884
1.606 -9.751
1.607 -9.789
1.608 -9.711
1.621 -9.716
1.624 -9.846
1.634 -9.745
1.654 -9.717
1.661 -9.918
1.661 -9.863
1.668 -9.970
1.669 -9.998
1.670 -10.057
1.671 -9.903
1.673 -9.945
1.677 -9.755
1.678 -9.892
1.687 -9.945
1.696 -9.847
1.699 -10.044
1.704 -9.983
1.704 -10.045
1.709 -9.885
1.716 -9.927
1.717 -9.869
1.721 -9.847
1.726 -9.739
1.771 -9.971
1.772 -9.693
1.777 -9.832
1.785 -9.964
1.787 -9.851
1.788 -9.864
1.795 -10.097
1.799 -9.808
1.801 -9.793
1.820 -10.079
1.823 -9.961
1.828 -9.791
1.836 -9.934
1.840 -9.934
1.850 -10.006
1.855 -9.912
1.862 -10.143
1.863 -9.930
1.880 -9.933
1.882 -9.936
1.898 -9.908
1.899 -9.991
1.908 -9.742
1.915 -9.820
1.917 -9.840
1.918 -9.848
1.934 -9.852
1.936 -9.815
1.938 -9.976
1.956 -10.051
1.958 -9.909
1.984 -9.935
1.986 -9.865
1.986 -9.682
2.011 -9.895
2.016 -9.906
2.025 -9.988
2.034 -10.035
2.049 -9.926
2.054 -10.001
2.055 -9.763
2.071 -9.941
2.076 -9.846
2.079 -9.917
2.087 -9.907
2.087 -9.802
2.093 -10.113
2.097 -9.889
2.111 -9.921
2.122 -9.876
2.152 -9.879
2.155 -9.845
2.161 -9.853
2.165 -9.897
2.173 -9.942
2.174 -9.978
2.192 -10.038
2.197 -9.707
2.199 -9.964
2.205 -9.801
2.206 -9.666
2.214 -9.848
2.218 -9.764
2.227 -9.894
2.245 -9.933
2.249 -9.834
2.254 -9.960
2.255 -9.867
2.282 -9.953
2.302 -9.854
2.310 -9.889
2.312 -9.743
2.327 -9.968
2.333 -9.883
2.340 -9.830
2.340 -9.927
2.348 -9.911
2.372 -10.017
2.386 -9.961
2.399 -9.839
2.406 -9.980
2.411 -9.874
2.415 -9.997
2.418 -9.843
2.422 -9.798
2.448 -9.882
2.455 -9.815
2.470 -9.739
2.473 -9.911
2.475 -10.025
2.482 -9.918
2.491 -9.971
2.497 -9.851
2.508 -9.902
2.511 -9.651
2.517 -9.873
2.545 -9.939
2.563 -10.067
2.567 -9.981
2.568 -9.875
2.573 -9.700
2.582 -9.953
2.586 -9.862
2.607 -9.834
2.677 -10.014
2.679 -9.855
2.683 -10.000
2.683 -9.913
2.704 -9.886
2.713 -9.692
2.719 -9.941
2.719 -10.000
2.725 -9.873
2.757 -9.927
2.759 -10.032
2.764 -9.849
2.806 -10.024
2.825 -9.954
2.839 -9.847
2.877 -9.901
2.902 -9.807
2.905 -9.908
2.928 -9.936
2.931 -9.963
2.950 -9.944
2.952 -9.835
2.962 -9.986
2.965 -10.052
2.966 -9.935
2.984 -9.918
2.998 -9.917
3.037 -10.050
3.038 -10.154
3.059 -9.830
3.076 -9.980
3.078 -10.091
3.120 -10.027
3.120 -9.922
3.121 -9.880
3.130 -10.036
3.133 -9.848
3.150 -9.979
3.163 -9.911
3.168 -9.947
3.169 -9.987
3.180 -9.938
3.234 -10.025
3.305 -9.896
3.306 -10.012
3.318 -10.005
3.359 -9.972
3.368 -9.796
3.373 -9.921
3.378 -9.942
3.395 -10.025
3.413 -10.026
3.415 -9.996
3.418 -9.807
3.422 -10.026
3.452 -10.193
3.466 -9.946
3.485 -10.054
3.490 -10.005
3.491 -10.007
3.496 -10.006
3.504 -10.091
3.517 -9.953
3.534 -10.048
3.542 -9.823
3.557 -10.150
3.562 -9.992
3.605 -10.053
3.606 -9.941
3.625 -9.989
3.625 -10.071
3.669 -9.906
3.721 -9.869
3.736 -9.913
3.762 -10.114
3.804 -9.988
3.818 -9.987
3.884 -10.029
3.912 -10.042
3.917 -10.037
3.920 -10.083
3.938 -9.900
3.956 -9.948
3.961 -10.080
3.979 -10.051
3.986 -10.016
4.019 -10.067
4.021 -9.994
4.022 -10.084
4.048 -9.970
4.065 -10.094
4.073 -10.160
4.087 -9.970
4.107 -10.014
4.128 -10.050
4.143 -10.095
4.172 -9.999
4.173 -10.027
4.176 -9.904
4.282 -9.944
4.304 -9.917
4.385 -9.955
4.387 -10.079
4.420 -10.110
4.435 -9.981
4.487 -9.965
4.500 -9.883
4.515 -9.991
4.522 -10.140
4.523 -9.905
4.524 -10.013
4.536 -10.050
4.546 -9.978
4.551 -10.100
4.569 -9.979
4.631 -9.876
4.689 -9.941
4.704 -10.047
4.741 -9.986
4.768 -10.007
4.812 -9.955
4.812 -9.932
4.839 -9.902
4.857 -10.072
4.884 -10.023
4.909 -10.179
4.910 -10.010
4.920 -10.100
4.948 -9.976
4.958 -10.092
4.961 -9.953
4.969 -10.088
4.999 -10.136
5.019 -10.125
5.035 -9.931
5.094 -10.050
5.107 -9.923
5.180 -10.128
5.185 -9.914
5.242 -10.004
5.248 -10.115
5.262 -9.961
5.264 -10.110
5.268 -10.128
5.288 -9.980
5.328 -10.135
5.493 -10.134
5.504 -10.200
5.504 -10.013
5.580 -10.032
5.672 -10.185
5.689 -9.920
5.717 -9.829
5.722 -9.872
5.745 -10.053
5.757 -10.039
5.764 -10.181
5.766 -10.078
5.852 -10.121
5.957 -9.934
5.987 -10.039
6.020 -10.263
6.070 -10.028
6.095 -10.129
6.101 -9.900
6.184 -10.070
6.242 -10.069
6.283 -10.089
6.323 -10.121
6.351 -10.264
6.356 -9.978
6.362 -10.274
6.391 -10.145
6.428 -9.992
6.469 -10.133
6.496 -10.144
6.512 -10.077
6.529 -10.097
6.538 -10.170
6.538 -9.904
6.598 -10.143
6.607 -10.156
6.620 -9.965
6.637 -10.101
6.704 -10.099
6.717 -10.098
6.723 -10.332
6.774 -10.177
6.796 -10.048
6.820 -10.154
6.875 -9.929
6.897 -10.061
6.933 -10.023
7.126 -10.062
7.144 -10.019
7.180 -10.139
7.201 -10.159
7.209 -10.033
7.216 -10.156
7.232 -10.019
7.275 -10.150
7.365 -10.243
7.395 -10.281
7.401 -10.079
7.403 -10.310
7.410 -10.304
7.421 -10.228
7.445 -10.080
7.450 -10.163
7.451 -10.049
7.451 -10.248
7.481 -10.145
7.497 -10.283
7.580 -10.062
7.617 -9.976
7.624 -10.154
7.636 -10.162
7.645 -10.327
7.685 -10.258
7.693 -10.092
7.718 -10.071
7.721 -9.971
7.726 -10.303
7.844 -10.327
7.850 -10.237
7.960 -10.143
7.964 -10.268
7.968 -9.916
8.014 -10.176
8.016 -10.346
8.081 -10.059
8.104 -10.086
8.107 -10.359
8.118 -10.253
8.169 -10.153
8.217 -10.043
8.233 -10.127
8.250 -10.249
8.280 -9.991
8.342 -10.175
8.412 -10.225
8.428 -10.032
8.443 -10.133
8.475 -10.160
8.508 -10.080
8.556 -10.075
8.645 -10.303
8.698 -10.308
8.716 -10.267
8.749 -9.990
8.754 -10.126
8.828 -10.259
8.836 -10.019
8.896 -10.132
8.928 -10.120
8.990 -10.351
9.078 -10.219
9.134 -10.119
9.176 -10.098
9.246 -10.198
9.246 -10.255
9.253 -10.183
9.266 -10.271
9.354 -10.297
9.363 -10.321
9.635 -10.331
9.638 -10.035
9.656 -10.160
9.752 -10.067
9.856 -10.431
9.864 -10.284
9.881 -9.814
9.899 -9.988
9.905 -10.092
9.970 -10.280
10.007 -10.095
10.053 -10.370
10.066 -10.267
10.082 -10.386
10.097 -10.372
10.102 -10.123
10.106 -10.073
10.112 -10.218
10.133 -10.224
10.156 -10.075
10.307 -10.398
10.345 -10.080
10.353 -10.229
10.486 -10.117
10.498 -10.065
10.532 -10.187
10.578 -10.266
10.601 -10.322
10.858 -10.217
10.869 -10.294
10.885 -10.174
10.984 -10.193
11.017 -10.365
11.134 -10.365
11.263 -10.021
11.269 -10.402
11.323 -10.410
11.434 -10.381
11.511 -10.329
11.539 -10.345
11.615 -10.141
11.671 -10.273
11.697 -10.507
11.710 -10.299
11.741 -10.130
11.873 -10.263
11.892 -10.250
11.928 -10.250
11.969 -10.251
11.984 -10.512
12.015 -10.146
12.064 -10.137
12.167 -10.251
12.184 -10.188
12.193 -10.379
12.197 -10.427
12.198 -10.230
12.217 -9.886
12.224 -10.495
12.310 -10.393
12.364 -10.270
12.381 -10.111
12.480 -10.160
12.626 -10.134
12.640 -10.338
12.671 -10.340
12.720 -10.078
12.763 -10.221
12.771 -10.318
12.943 -10.025
12.991 -10.264
13.090 -10.231
13.098 -10.194
13.111 -10.007
13.115 -10.390
13.122 -10.328
13.134 -10.571
13.172 -10.325
13.267 -10.043
13.278 -10.489
13.285 -10.325
13.302 -10.412
13.398 -10.485
13.430 -10.364
13.642 -10.278
13.700 -10.235
13.769 -10.604
13.802 -10.335
13.846 -10.298
13.940 -10.181
13.979 -10.572
14.020 -10.168
14.212 -10.381
14.387 -10.206
14.449 -10.230
14.752 -10.546
14.813 -10.342
14.849 -10.206
14.913 -10.375
14.946 -10.294
14.990 -10.380
15.062 -10.415
15.138 -10.410
15.163 -10.396
15.251 -10.249
15.302 -10.150
15.337 -9.961
15.350 -10.201
15.363 -10.705
15.420 -10.636
15.497 -10.166
15.497 -10.409
15.543 -10.492
15.550 -10.425
15.611 -9.954
15.674 -10.437
15.770 -10.056
16.084 -10.389
16.119 -10.453
16.271 -10.334
16.289 -10.556
16.319 -10.375
16.357 -10.292
16.584 -10.519
16.596 -10.464
16.640 -10.503
16.681 -10.801
16.686 -10.580
16.933 -10.431
16.939 -10.601
16.970 -10.726
17.101 -10.300
17.101 -10.183
17.173 -10.557
17.278 -10.104
17.337 -10.334
17.419 -10.485
17.506 -10.335
17.574 -10.692
17.612 -10.465
17.808 -10.252
17.827 -10.546
17.899 -10.400
17.926 -10.415
17.928 -9.958
18.030 -10.269
18.132 -10.542
18.154 -10.520
18.281 -10.779
18.286 -10.147
18.410 -10.546
18.486 -10.520
18.531 -10.526
18.569 -10.466
18.751 -10.371
18.781 -10.360
18.789 -10.385
18.912 -10.710
18.965 -10.423
19.016 -10.614
19.080 -10.334
19.106 -10.757
19.184 -10.694
19.192 -10.553
19.337 -10.755
19.345 -10.405
19.366 -10.626
19.416 -10.867
19.464 -10.584
19.527 -10.694
19.546 -10.423
19.554 -10.663
19.582 -10.629
19.632 -10.497
19.640 -10.543
19.926 -10.225
19.926 -10.342
19.930 -10.605
19.933 -10.801
19.950 -10.629
19.973 -10.478
20.014 -10.689
20.038 -10.526
20.039 -10.367
20.044 -10.408
20.054 -10.629
20.124 -10.375
20.296 -10.392
20.379 -10.496
20.442 -10.745
20.446 -10.584
20.494 -10.379
20.687 -10.659
20.709 -10.842
20.713 -10.592
20.720 -10.799
20.799 -10.855
20.804 -11.118
20.881 -10.677
21.004 -10.563
21.008 -10.642
21.018 -10.728
21.041 -10.644
21.131 -10.583
21.255 -10.574
21.259 -10.475
21.303 -10.750
21.453 -10.666
21.458 -10.799
21.475 -10.569
21.482 -10.757
21.515 -10.628
21.517 -10.539
21.517 -10.577
21.625 -10.771
21.649 -10.654
21.732 -10.617
21.735 -10.939
21.752 -10.598
21.775 -10.693
21.830 -10.809
21.860 -10.547
21.933 -10.737
21.994 -10.592
22.077 -10.676
22.270 -10.534
22.398 -10.418
22.403 -10.706
22.421 -10.680
22.422 -10.663
22.467 -10.796
22.486 -10.837
22.495 -10.808
22.509 -10.255
22.592 -10.547
22.629 -10.608
22.648 -10.389
22.694 -10.440
22.764 -10.611
22.857 -10.624
22.887 -10.884
22.933 -10.641
23.046 -10.898
23.084 -10.349
23.096 -10.515
23.115 -10.612
23.229 -10.864
23.234 -10.770
23.338 -10.503
23.422 -11.071
23.554 -10.359
23.564 -10.714
23.739 -10.897
23.888 -10.734
23.899 -10.386
23.928 -10.681
23.966 -10.780
23.982 -10.958
23.993 -11.040
24.310 -10.685
24.368 -10.756
24.370 -10.505
24.397 -10.899
24.402 -10.970
24.478 -10.955
24.622 -10.795
24.656 -10.619
24.728 -10.372
24.732 -10.603
24.814 -10.818
24.815 -10.707
24.846 -10.703
24.857 -10.312
24.933 -10.783
24.967 -10.694
25.000 -10.629
25.000 -10.715
25.070 -10.721
25.102 -10.890
25.133 -10.818
25.154 -10.566
25.187 -10.459
25.234 -10.687
25.275 -10.636
25.375 -10.782
25.400 -10.228
25.405 -10.434
25.428 -10.817
25.544 -10.723
25.581 -10.823
25.678 -10.656
25.729 -10.471
25.743 -10.596
25.751 -10.550
25.865 -10.555
25.895 -10.810
25.914 -10.604
25.915 -10.454
25.981 -10.637
26.094 -10.488
26.207 -10.973
26.228 -10.811
26.231 -10.875
26.314 -10.895
26.315 -10.922
26.413 -11.024
26.496 -10.908
26.502 -10.759
26.505 -10.438
26.510 -10.928
26.567 -10.721
26.573 -10.995
26.663 -10.634
26.665 -11.084
26.706 -10.662
26.824 -10.627
26.868 -10.634
26.951 -10.802
27.036 -10.753
27.049 -10.863
27.055 -10.800
27.110 -11.042
27.113 -10.848
27.114 -10.354
27.129 -10.408
27.176 -10.481
27.206 -10.505
27.342 -10.637
27.359 -10.361
27.404 -10.699
27.596 -10.560
27.612 -10.583
27.645 -10.910
27.669 -10.868
27.768 -10.749
27.882 -10.687
27.903 -10.819
27.912 -10.803
27.933 -10.833
27.987 -10.871
28.078 -10.681
28.107 -10.681
28.141 -10.653
28.202 -10.839
28.214 -10.979
28.217 -10.414
28.255 -10.841
28.273 -10.899
28.385 -10.833
28.504 -10.793
28.670 -10.651
28.704 -10.536
28.821 -10.708
28.955 -10.857
28.968 -10.745
28.977 -10.814
29.011 -10.841
29.048 -10.711
29.106 -10.518
29.118 -10.568
29.122 -10.813
29.128 -10.580
29.148 -10.650
29.151 -10.698
29.240 -11.120
29.301 -10.554
29.327 -10.801
29.415 -10.827
29.421 -10.713
29.461 -10.704
29.509 -10.644
29.522 -10.760
29.534 -10.637
29.534 -10.803
29.790 -10.724
29.819 -10.873
29.872 -10.726
29.898 -10.527
29.928 -10.980
30.305 -10.725
30.370 -11.066
30.385 -11.010
30.496 -10.849
30.501 -10.559
30.525 -10.871
30.543 -10.884
30.756 -10.898
30.842 -10.867
30.927 -11.010
30.968 -10.730
30.970 -10.526
31.029 -10.529
31.107 -10.753
31.298 -10.884
31.327 -10.517
31.384 -10.497
31.424 -10.920
31.471 -10.888
31.513 -10.715
31.669 -10.650
31.746 -10.658
31.757 -10.785
31.861 -10.571
31.896 -10.572
31.934 -10.865
32.003 -10.893
32.171 -11.001
32.260 -11.005
32.295 -10.894
32.484 -10.683
32.524 -10.870
32.660 -10.994
32.816 -10.844
32.874 -10.644
32.961 -10.723
33.043 -11.035
33.219 -10.941
33.237 -10.695
33.247 -11.037
33.248 -10.794
33.382 -11.011
33.485 -10.765
33.523 -10.873
33.680 -10.887
33.771 -10.855
33.881 -10.935
33.936 -10.715
34.067 -10.816
34.142 -10.995
34.219 -10.788
34.231 -10.859
34.250 -10.733
34.252 -10.912
34.300 -10.949
34.340 -10.675
34.672 -10.754
34.786 -10.926
34.874 -10.587
34.878 -10.871
34.881 -11.019
34.914 -10.996
35.073 -10.766
35.095 -10.708
35.198 -11.074
35.218 -11.012
35.468 -10.708
35.534 -10.746
35.730 -10.685
35.756 -10.907
36.177 -10.539
36.231 -11.156
36.271 -10.740
36.284 -11.136
36.306 -10.624
36.465 -10.714
36.606 -10.764
36.630 -11.045
36.720 -10.648
36.744 -10.781
36.746 -10.953
36.785 -10.642
36.917 -10.750
37.244 -10.751
37.259 -10.800
37.342 -10.702
37.610 -10.940
37.693 -10.978
37.726 -11.005
37.800 -10.775
37.941 -10.819
37.988 -10.873
38.321 -10.976
38.487 -10.857
38.597 -10.733
38.679 -10.794
38.782 -10.576
39.063 -11.005
39.475 -10.644
39.598 -10.832
39.634 -11.079
39.686 -10.762
39.715 -10.982
39.960 -10.654
39.991 -10.942
40.030 -10.936
40.361 -10.845
40.575 -10.808
40.854 -10.762
40.951 -10.893
41.735 -10.800
42.140 -10.755
42.141 -10.997
42.607 -10.397
42.678 -10.660
44.414 -10.805
44.739 -10.913
45.459 -10.906
45.780 -10.409
45.954 -10.584
46.037 -10.598
46.141 -10.727
46.630 -10.571
46.791 -10.492
48.765 -10.726
48.804 -11.076
49.169 -10.900
49.582 -10.663
50.385 -10.845
50.450 -10.683
55.086 -10.373
58.937 -10.456
61.302 -10.322
115.340 -10.327
190.520 -10.298
