# Ep lEiso
1.046 119.800
1.101 119.686
1.405 119.968
1.612 119.908
1.756 119.785
2.083 119.806
2.311 119.903
2.566 119.916
2.957 119.628
2.973 119.768
3.304 119.667
3.954 119.627
4.216 119.745
4.863 119.643
5.538 119.554
5.860 119.457
7.362 119.509
7.618 119.569
8.264 119.314
8.445 119.398
8.934 119.466
9.016 119.426
9.333 119.326
9.894 119.436
10.375 119.421
11.108 119.304
11.139 119.328
11.624 119.352
12.032 119.364
12.337 119.292
14.773 119.039
14.870 119.008
15.033 119.095
15.531 119.107
15.999 119.067
16.048 118.871
16.619 119.364
16.825 119.352
16.846 118.922
17.124 119.402
17.247 119.062
17.347 119.110
17.525 118.911
17.558 118.890
17.606 119.078
17.727 118.992
18.003 118.990
18.292 119.267
18.315 119.152
18.332 118.947
18.357 119.136
18.406 118.822
18.525 119.020
18.574 119.013
18.719 119.178
18.739 118.989
18.803 118.959
19.206 119.227
19.266 118.979
19.459 119.025
19.459 119.040
19.564 118.891
19.645 118.907
19.781 118.982
19.789 118.808
19.890 118.852
19.950 119.103
20.146 119.318
20.165 119.154
20.234 119.078
20.335 118.891
20.336 118.888
20.354 119.074
20.386 118.953
20.443 118.831
20.481 118.993
20.504 118.979
20.603 119.078
20.675 119.018
20.678 119.034
20.724 118.922
20.739 118.983
20.760 118.936
20.805 119.015
20.859 118.996
20.882 118.981
20.904 118.950
21.022 119.054
21.036 118.961
21.058 118.965
21.079 118.985
21.131 119.122
21.135 119.083
21.141 119.162
21.221 119.159
21.241 119.027
21.298 118.798
21.410 119.164
21.442 118.956
21.444 119.013
21.475 118.901
21.478 118.872
21.482 118.810
21.487 118.972
21.499 118.928
21.516 119.128
21.520 118.984
21.561 119.056
21.603 119.034
21.616 118.823
21.638 118.888
21.640 118.822
21.664 118.994
21.695 118.949
21.698 119.012
21.719 119.037
21.742 119.154
21.948 118.903
21.951 119.214
21.977 119.059
22.011 118.912
22.020 119.039
22.027 119.024
22.059 118.761
22.076 119.090
22.086 119.107
22.175 118.781
22.184 118.916
22.209 119.114
22.246 118.830
22.265 118.948
22.312 118.866
22.331 118.975
22.360 118.699
22.364 118.948
22.423 118.934
22.431 118.928
22.488 118.951
22.492 118.853
22.526 119.143
22.550 119.045
22.556 119.021
22.562 119.011
22.617 118.996
22.624 119.039
22.633 118.844
22.698 118.740
22.706 118.911
22.801 118.862
22.805 118.948
22.806 119.171
22.897 118.894
22.916 118.607
22.947 118.770
22.981 118.979
23.034 118.832
23.052 118.735
23.056 119.032
23.115 118.799
23.131 118.992
23.142 118.824
23.170 118.832
23.172 119.023
23.194 118.848
23.206 118.849
23.248 118.810
23.279 118.867
23.370 118.867
23.379 118.910
23.397 118.901
23.408 118.844
23.431 118.787
23.433 118.742
23.486 118.666
23.500 119.091
23.507 118.762
23.525 118.971
23.527 119.144
23.545 118.911
23.553 119.019
23.572 118.852
23.609 119.054
23.616 118.931
23.627 118.769
23.629 118.889
23.685 118.779
23.727 118.908
23.744 118.863
23.749 119.052
23.781 118.762
23.794 118.871
23.807 118.941
23.807 118.815
23.824 118.836
23.875 118.700
23.903 119.021
23.931 118.932
23.946 118.749
23.956 118.887
23.964 118.727
23.970 118.927
23.980 118.986
24.027 118.879
24.039 118.966
24.066 119.066
24.072 118.841
24.075 118.921
24.088 118.834
24.104 118.763
24.115 118.921
24.133 119.004
24.139 119.185
24.150 118.894
24.199 118.808
24.231 118.639
24.239 118.754
24.240 118.893
24.249 119.125
24.265 119.095
24.272 118.911
24.310 118.949
24.433 118.713
24.437 118.926
24.444 118.732
24.445 118.848
24.482 118.885
24.498 119.146
24.508 118.812
24.509 118.733
24.519 118.904
24.576 118.833
24.579 118.690
24.588 118.937
24.663 118.995
24.697 118.798
24.719 118.943
24.778 118.871
24.817 119.002
24.822 118.862
24.858 118.823
24.863 118.787
24.891 118.813
24.895 118.964
24.910 118.754
24.916 118.662
24.916 118.825
24.945 118.849
24.967 119.008
25.028 118.663
25.028 118.515
25.055 118.974
25.075 118.762
25.077 118.604
25.126 119.051
25.126 118.843
25.127 118.903
25.137 118.679
25.141 118.950
25.160 118.761
25.175 118.857
25.181 118.806
25.182 118.748
25.195 118.819
25.256 118.691
25.339 119.012
25.340 118.707
25.353 118.717
25.396 118.763
25.404 119.032
25.410 118.840
25.415 118.807
25.433 118.676
25.451 118.763
25.453 118.720
25.456 119.021
25.461 119.127
25.492 118.752
25.507 119.020
25.527 118.629
25.531 118.698
25.533 119.071
25.537 118.695
25.546 118.932
25.560 118.783
25.577 118.774
25.586 119.006
25.601 118.962
25.606 118.790
25.651 118.636
25.652 118.799
25.672 118.711
25.672 118.562
25.718 118.975
25.771 118.932
25.787 119.237
25.814 118.746
25.857 118.696
25.872 118.697
25.939 118.605
25.966 118.716
25.971 118.740
25.973 118.973
25.991 118.871
26.009 119.024
26.013 118.759
26.031 119.043
26.037 118.626
26.069 118.957
26.071 118.670
26.072 118.813
26.094 118.723
26.107 118.613
26.113 118.765
26.123 118.729
26.138 118.640
26.153 118.685
26.165 118.754
26.186 118.683
26.187 119.090
26.189 118.881
26.267 118.816
26.283 118.876
26.343 118.809
26.345 118.550
26.369 118.491
26.380 118.763
26.419 118.803
26.428 118.978
26.439 118.754
26.444 118.557
26.445 118.837
26.445 118.709
26.454 118.919
26.460 118.787
26.464 118.533
26.477 118.789
26.520 119.016
26.560 118.890
26.571 118.671
26.597 118.806
26.616 118.767
26.646 118.885
26.646 118.933
26.665 119.001
26.678 118.646
26.696 118.753
26.714 118.622
26.714 118.785
26.722 118.599
26.741 118.812
26.748 118.622
26.750 118.915
26.756 118.632
26.777 118.816
26.790 118.561
26.801 118.972
26.843 118.734
26.852 119.001
26.900 118.720
26.903 119.034
26.933 118.853
26.936 118.621
26.944 118.945
26.944 118.835
26.947 118.596
26.957 118.909
26.979 118.590
27.067 118.613
27.072 118.957
27.072 118.800
27.113 118.839
27.162 118.531
27.171 118.771
27.185 118.620
27.188 119.190
27.200 118.815
27.207 118.847
27.211 118.800
27.211 118.766
27.257 118.689
27.312 118.637
27.328 118.875
27.345 118.665
27.371 118.907
27.383 118.700
27.386 118.602
27.429 118.833
27.459 118.842
27.480 118.805
27.501 118.744
27.515 118.794
27.517 118.809
27.521 118.434
27.536 118.702
27.553 119.019
27.570 118.735
27.582 118.714
27.588 118.851
27.596 118.811
27.599 118.664
27.600 118.630
27.625 118.724
27.629 118.698
27.634 118.656
27.641 118.813
27.669 118.821
27.674 118.612
27.677 118.954
27.698 118.671
27.707 118.820
27.717 118.721
27.740 118.619
27.749 118.910
27.764 118.901
27.843 118.922
27.851 118.707
27.866 118.777
27.874 118.740
27.878 118.984
27.881 118.747
27.887 119.012
27.905 118.762
27.942 118.591
27.954 118.520
27.957 118.746
27.958 118.590
27.961 118.728
27.965 118.624
27.975 118.758
27.977 118.749
27.977 118.966
27.978 118.587
27.990 118.785
27.996 118.524
28.030 118.646
28.045 118.779
28.048 118.772
28.053 118.756
28.057 118.783
28.073 118.578
28.076 118.888
28.086 118.929
28.087 118.846
28.089 118.908
28.131 118.799
28.133 118.626
28.170 118.751
28.172 118.576
28.173 118.709
28.189 118.745
28.190 118.665
28.212 118.740
28.220 118.908
28.221 118.669
28.225 118.611
28.242 118.791
28.258 118.665
28.264 118.838
28.269 118.735
28.280 119.077
28.301 118.762
28.324 118.680
28.330 119.010
28.335 118.839
28.346 118.794
28.357 118.933
28.373 118.745
28.403 118.564
28.421 118.782
28.428 118.630
28.439 119.089
28.440 118.865
28.465 118.650
28.468 118.714
28.488 118.860
28.499 118.882
28.520 118.512
28.550 118.730
28.568 118.891
28.580 118.696
28.601 118.768
28.601 118.680
28.603 118.792
28.606 118.655
28.632 118.619
28.635 118.705
28.714 118.581
28.714 119.016
28.720 118.833
28.747 118.692
28.777 118.747
28.780 118.659
28.785 118.879
28.790 118.583
28.792 118.679
28.810 118.668
28.821 118.926
28.834 118.547
28.838 118.689
28.843 118.650
28.847 118.547
28.849 118.888
28.850 118.956
28.851 118.758
28.857 118.751
28.864 118.953
28.908 118.522
28.919 118.945
28.921 118.747
28.959 118.897
28.963 118.963
28.973 118.736
28.985 118.705
28.991 118.634
29.056 118.781
29.059 118.684
29.063 118.836
29.088 118.817
29.096 118.602
29.126 118.610
29.159 119.038
29.160 118.571
29.174 118.685
29.202 118.605
29.222 118.672
29.229 118.654
29.248 118.901
29.263 118.745
29.269 118.468
29.272 118.717
29.280 118.797
29.314 118.765
29.319 118.780
29.328 118.783
29.338 118.768
29.342 118.478
29.349 118.904
29.360 118.621
29.384 118.781
29.388 118.852
29.390 118.636
29.391 118.581
29.391 118.805
29.395 118.640
29.397 118.505
29.417 118.621
29.429 118.759
29.433 118.935
29.456 118.879
29.489 118.903
29.493 118.682
29.500 118.678
29.511 118.955
29.521 118.799
29.523 118.696
29.562 118.605
29.573 118.740
29.596 118.771
29.598 118.688
29.601 119.001
29.602 118.755
29.604 118.672
29.606 119.007
29.615 118.676
29.637 118.960
29.640 118.510
29.641 118.676
29.645 118.588
29.667 118.705
29.674 118.640
29.719 118.734
29.732 118.778
29.746 118.714
29.753 118.684
29.763 118.721
29.783 118.840
29.792 118.765
29.800 118.855
29.842 118.654
29.880 118.798
29.893 118.731
29.958 118.695
29.971 118.709
29.978 118.837
29.992 118.678
29.998 118.754
30.007 118.674
30.023 118.641
30.038 118.647
30.044 118.659
30.062 118.792
30.072 118.882
30.080 119.050
30.082 118.835
30.085 118.877
30.097 118.704
30.112 118.865
30.112 118.650
30.121 118.577
30.122 118.636
30.134 118.725
30.145 118.626
30.163 118.955
30.220 118.675
30.226 118.624
30.254 118.734
30.257 118.784
30.262 118.704
30.269 118.775
30.310 118.603
30.313 118.649
30.320 118.620
30.328 118.877
30.329 118.705
30.374 118.698
30.375 118.561
30.380 118.612
30.404 118.814
30.404 118.614
30.417 118.613
30.436 118.592
30.447 118.793
30.462 118.676
30.478 118.790
30.490 118.522
30.497 118.691
30.533 118.844
30.537 118.634
30.550 118.738
30.555 118.727
30.555 119.047
30.574 118.827
30.593 118.641
30.597 118.656
30.621 118.688
30.621 118.902
30.645 118.644
30.659 118.670
30.667 118.671
30.675 118.717
30.709 118.815
30.715 118.829
30.716 118.811
30.740 118.575
30.750 118.816
30.759 118.666
30.771 118.917
30.776 118.615
30.791 118.618
30.793 118.748
30.821 118.578
30.822 118.664
30.826 118.710
30.836 118.732
30.845 118.575
30.857 118.655
30.861 118.938
30.863 118.688
30.868 118.723
30.878 118.860
30.880 118.812
30.936 119.140
30.937 118.898
30.937 118.747
30.938 118.545
30.941 118.723
30.946 118.506
30.954 118.660
30.959 118.829
30.959 118.604
30.960 118.755
30.962 118.723
30.976 118.679
31.010 118.960
31.027 118.757
31.039 118.604
31.040 118.769
31.050 118.553
31.090 118.706
31.095 118.511
31.096 118.781
31.097 118.557
31.113 118.687
31.114 118.858
31.130 118.699
31.156 118.836
31.157 118.747
31.159 118.649
31.164 118.746
31.182 118.823
31.208 118.845
31.209 118.651
31.218 118.637
31.251 118.741
31.252 118.581
31.256 118.858
31.257 118.632
31.264 118.786
31.265 118.894
31.265 118.848
31.288 118.614
31.294 118.755
31.311 118.734
31.312 118.415
31.316 118.753
31.321 118.709
31.333 118.570
31.339 118.882
31.355 118.657
31.368 118.828
31.387 118.726
31.430 118.886
31.459 118.842
31.460 118.682
31.465 118.712
31.465 118.732
31.475 118.576
31.479 118.529
31.481 118.562
31.485 118.558
31.503 118.859
31.512 118.788
31.516 118.627
31.527 118.697
31.543 118.780
31.564 118.763
31.571 119.006
31.581 118.742
31.608 118.693
31.617 118.636
31.620 118.883
31.625 118.774
31.652 118.769
31.653 118.597
31.678 118.743
31.698 118.593
31.730 118.858
31.732 118.660
31.775 118.817
31.811 118.653
31.813 118.679
31.820 118.713
31.830 118.606
31.834 118.549
31.837 118.854
31.917 118.719
31.932 118.642
31.932 118.916
31.939 118.485
31.940 118.802
31.960 118.744
31.996 118.600
32.005 118.790
32.023 118.631
32.024 118.807
32.045 118.575
32.045 118.694
32.053 118.699
32.056 118.656
32.076 118.613
32.084 118.708
32.093 118.777
32.093 118.686
32.112 118.680
32.120 118.733
32.128 118.578
32.134 118.844
32.143 118.639
32.155 118.716
32.167 118.769
32.194 118.615
32.200 118.722
32.202 118.635
32.208 118.579
32.239 118.678
32.249 118.574
32.275 118.752
32.289 118.947
32.293 118.818
32.295 118.866
32.326 118.742
32.334 118.607
32.339 118.821
32.339 118.976
32.357 118.791
32.388 118.945
32.418 118.448
32.424 118.614
32.425 118.548
32.449 118.528
32.449 118.501
32.477 118.647
32.501 118.809
32.503 118.667
32.504 118.991
32.505 118.900
32.521 118.705
32.523 118.787
32.549 118.793
32.550 118.532
32.561 118.764
32.595 118.799
32.607 118.791
32.631 118.624
32.655 118.673
32.659 118.564
32.661 118.626
32.677 118.565
32.677 118.579
32.678 119.067
32.682 118.778
32.695 118.941
32.704 118.917
32.743 118.787
32.747 118.747
32.760 118.726
32.816 118.860
32.821 118.838
32.831 118.745
32.839 118.562
32.869 118.678
32.904 118.761
32.910 118.642
32.913 118.661
32.919 118.640
32.935 118.608
32.963 118.777
32.971 118.762
32.982 118.772
33.000 118.653
33.004 118.803
33.005 119.095
33.016 118.685
33.022 118.627
33.055 118.693
33.091 118.733
33.141 118.873
33.153 118.575
33.193 118.818
33.239 118.669
33.244 118.781
33.247 118.712
33.260 118.685
33.274 118.760
33.295 118.573
33.299 118.957
33.301 118.713
33.303 118.808
33.311 118.875
33.312 118.827
33.344 118.851
33.367 118.667
33.376 118.724
33.408 118.699
33.410 118.812
33.425 118.821
33.442 118.880
33.447 118.765
33.452 118.609
33.452 118.723
33.544 118.800
33.554 118.653
33.573 118.692
33.582 118.589
33.593 118.548
33.727 118.801
33.752 118.467
33.758 118.553
33.801 118.697
33.803 119.000
33.813 118.677
33.820 118.664
33.902 118.652
33.935 118.685
33.967 118.533
33.983 118.722
33.983 118.552
34.006 119.041
34.035 118.805
34.106 118.666
34.117 119.054
34.138 119.076
34.152 118.628
34.170 118.662
34.185 118.845
34.242 118.914
34.269 118.906
34.273 118.771
34.311 118.783
34.326 118.589
34.342 118.687
34.370 118.656
34.439 118.542
34.475 118.537
34.489 118.656
34.564 118.879
34.580 118.681
34.634 118.549
34.693 118.709
34.715 118.790
34.748 118.838
34.779 118.505
34.845 118.605
34.852 118.868
34.855 118.664
34.856 118.762
34.905 118.593
34.941 118.793
34.954 118.678
35.017 118.663
35.056 118.697
35.103 118.611
35.127 118.848
35.183 118.739
35.214 118.547
35.244 118.670
35.249 118.698
35.256 118.837
35.257 118.640
35.276 118.601
35.292 118.851
35.422 118.574
35.467 118.639
35.502 118.584
35.504 118.706
35.505 118.655
35.518 118.560
35.576 118.834
35.584 118.679
35.620 118.734
35.627 118.541
35.715 118.905
35.738 118.860
35.819 118.641
35.830 118.667
36.014 118.755
36.035 118.722
36.051 118.868
36.056 118.598
36.065 118.536
36.128 118.901
36.183 118.749
36.193 118.498
36.229 118.678
36.238 118.820
36.238 118.610
36.254 118.641
36.306 118.857
36.435 118.550
36.441 118.798
36.468 118.835
36.556 118.625
36.583 118.579
36.594 118.545
36.618 118.829
36.664 118.775
36.679 118.708
36.828 118.580
36.905 118.728
36.956 118.530
36.994 118.571
37.035 119.079
37.137 118.543
37.286 118.694
37.331 118.629
37.344 118.589
37.363 118.848
37.373 118.571
37.463 118.692
37.474 118.622
37.488 118.629
37.608 118.744
37.675 118.787
37.749 118.833
37.775 118.669
38.102 118.756
38.271 118.795
38.272 118.670
38.458 119.185
38.479 118.703
38.976 118.727
39.077 118.603
39.367 118.604
39.469 118.742
39.525 118.706
39.551 118.672
39.584 118.792
39.740 118.712
39.791 118.675
40.334 118.753
40.341 119.006
40.408 118.571
40.484 118.821
40.688 118.629
40.713 118.803
41.887 119.022
42.457 118.924
43.018 119.071
46.537 118.728
48.073 118.762
