# Ep lEiso
1.003 -11.602
1.006 -11.672
1.024 -11.462
1.034 -11.487
1.040 -11.572
1.053 -11.659
1.061 -11.431
1.068 -11.562
1.078 -11.648
1.079 -11.644
1.086 -11.555
1.100 -11.596
1.104 -11.468
1.114 -11.528
1.124 -11.616
1.128 -11.672
1.146 -11.545
1.149 -11.577
1.155 -11.691
1.157 -11.605
1.162 -11.529
1.163 -11.562
1.166 -11.641
1.171 -11.528
1.175 -11.528
1.182 -11.606
1.182 -11.586
1.186 -11.552
1.189 -11.531
1.192 -11.582
1.216 -11.717
1.217 -11.731
1.219 -11.667
1.226 -11.636
1.235 -11.636
1.236 -11.745
1.246 -11.448
1.252 -11.446
1.252 -11.685
1.261 -11.402
1.265 -11.600
1.268 -11.568
1.273 -11.690
1.274 -11.703
1.276 -11.582
1.280 -11.636
1.288 -11.707
1.302 -11.426
1.303 -11.508
1.304 -11.657
1.305 -11.519
1.307 -11.747
1.313 -11.598
1.315 -11.602
1.322 -11.473
1.323 -11.616
1.326 -11.637
1.346 -11.411
1.350 -11.610
1.363 -11.729
1.363 -11.556
1.371 -11.677
1.376 -11.663
1.386 -11.599
1.386 -11.743
1.393 -11.706
1.398 -11.494
1.411 -11.308
1.413 -11.618
1.417 -11.509
1.424 -11.666
1.424 -11.669
1.426 -11.511
1.429 -11.613
1.435 -11.717
1.438 -11.579
1.441 -11.591
1.450 -11.595
1.457 -11.558
1.457 -11.664
1.462 -11.638
1.463 -11.588
1.465 -11.626
1.470 -11.561
1.475 -11.577
1.477 -11.590
1.479 -11.614
1.490 -11.530
1.492 -11.606
1.494 -11.602
1.496 -11.586
1.504 -11.476
1.504 -11.507
1.505 -11.443
1.516 -11.447
1.519 -11.553
1.527 -11.471
1.544 -11.590
1.550 -11.611
1.550 -11.567
1.556 -11.654
1.557 -11.677
1.557 -11.724
1.558 -11.599
1.560 -11.633
1.564 -11.478
1.565 -11.590
1.572 -11.632
1.580 -11.552
1.582 -11.713
1.586 -11.663
1.587 -11.713
1.591 -11.583
1.597 -11.617
1.597 -11.570
1.601 -11.552
1.605 -11.464
1.643 -11.651
1.644 -11.426
1.649 -11.538
1.655 -11.645
1.657 -11.554
1.658 -11.564
1.664 -11.752
1.667 -11.518
1.669 -11.506
1.685 -11.737
1.687 -11.642
1.692 -11.504
1.699 -11.619
1.702 -11.619
1.711 -11.676
1.714 -11.601
1.721 -11.786
1.722 -11.615
1.736 -11.617
1.738 -11.620
1.751 -11.597
1.752 -11.663
1.760 -11.464
1.766 -11.526
1.767 -11.542
1.768 -11.548
1.781 -11.551
1.783 -11.522
1.785 -11.650
1.800 -11.710
1.802 -11.596
1.825 -11.617
1.826 -11.561
1.826 -11.415
1.847 -11.584
1.852 -11.766
1.859 -11.658
1.867 -11.695
1.879 -11.608
1.884 -11.667
1.885 -11.616
1.898 -11.619
1.902 -11.843
1.905 -11.600
1.911 -11.639
1.912 -11.660
1.917 -11.754
1.920 -11.578
1.932 -11.602
1.941 -11.567
1.967 -11.569
1.970 -11.542
1.975 -11.548
1.978 -11.690
1.985 -11.618
1.985 -11.646
2.000 -11.693
2.005 -11.434
2.006 -11.694
2.012 -11.507
2.012 -11.402
2.017 -11.544
2.020 -11.478
2.025 -11.580
2.036 -11.674
2.038 -11.738
2.041 -11.631
2.041 -11.558
2.058 -11.625
2.070 -11.548
2.075 -11.575
2.076 -11.645
2.085 -11.636
2.089 -11.571
2.093 -11.529
2.093 -11.605
2.098 -11.749
2.112 -11.780
2.120 -11.631
2.129 -11.536
2.135 -11.646
2.139 -11.644
2.142 -11.660
2.145 -11.707
2.149 -11.506
2.170 -11.644
2.176 -11.520
2.188 -11.749
2.191 -11.595
2.192 -11.684
2.199 -11.600
2.206 -11.643
2.211 -11.723
2.220 -11.589
2.223 -11.392
2.228 -11.566
2.251 -11.619
2.266 -11.722
2.270 -11.653
2.270 -11.718
2.274 -11.431
2.282 -11.632
2.285 -11.560
2.303 -11.538
2.361 -11.685
2.363 -11.556
2.366 -11.674
2.367 -11.603
2.384 -11.583
2.392 -11.425
2.397 -11.627
2.397 -11.675
2.402 -11.572
2.429 -11.617
2.430 -11.703
2.434 -11.554
2.470 -11.699
2.485 -11.642
2.497 -11.554
2.528 -11.599
2.550 -11.558
2.552 -11.606
2.571 -11.630
2.574 -11.652
2.589 -11.637
2.591 -11.546
2.600 -11.673
2.603 -11.728
2.603 -11.556
2.618 -11.617
2.630 -11.616
2.662 -11.730
2.663 -11.819
2.677 -11.544
2.688 -11.672
2.689 -11.766
2.715 -11.714
2.715 -11.624
2.716 -11.588
2.721 -11.722
2.723 -11.561
2.733 -11.674
2.742 -11.616
2.745 -11.647
2.745 -11.682
2.752 -11.640
2.785 -11.717
2.830 -11.608
2.830 -11.583
2.837 -11.703
2.863 -11.676
2.868 -11.521
2.871 -11.632
2.874 -11.651
2.885 -11.724
2.897 -11.676
2.899 -11.699
2.901 -11.532
2.905 -11.474
2.930 -11.598
2.942 -11.536
2.957 -11.753
2.961 -11.709
2.962 -11.712
2.966 -11.710
2.972 -11.585
2.984 -11.664
2.997 -11.668
3.004 -11.549
3.016 -11.572
3.020 -11.606
3.056 -11.737
3.057 -11.656
3.072 -11.699
3.073 -11.773
3.109 -11.571
3.151 -11.594
3.164 -11.452
3.185 -11.816
3.220 -11.703
3.231 -11.703
3.286 -11.742
3.309 -11.694
3.313 -11.683
3.315 -11.581
3.330 -11.626
3.345 -11.558
3.349 -11.791
3.364 -11.550
3.370 -11.734
3.397 -11.781
3.399 -11.714
3.400 -11.797
3.419 -11.691
3.429 -11.740
3.434 -11.672
3.444 -11.688
3.456 -11.728
3.469 -11.708
3.479 -11.799
3.497 -11.593
3.498 -11.529
3.500 -11.621
3.567 -11.650
3.581 -11.624
3.632 -11.653
3.634 -11.768
3.654 -11.795
3.664 -11.674
3.697 -11.656
3.705 -11.578
3.714 -11.678
3.719 -11.817
3.720 -11.597
3.720 -11.698
3.728 -11.605
3.734 -11.663
3.737 -11.777
3.749 -11.663
3.789 -11.563
3.836 -11.620
3.848 -11.719
3.878 -11.659
3.900 -11.677
3.936 -11.625
3.936 -11.604
3.958 -11.574
3.973 -11.733
3.995 -11.686
4.015 -11.831
4.016 -11.672
4.024 -11.755
4.047 -11.638
4.055 -11.746
4.057 -11.615
4.064 -11.741
4.089 -11.785
4.104 -11.774
4.117 -11.591
4.166 -11.699
4.176 -11.580
4.233 -11.768
4.236 -11.567
4.274 -11.648
4.278 -11.752
4.287 -11.608
4.288 -11.747
4.291 -11.763
4.303 -11.624
4.329 -11.767
4.436 -11.759
4.443 -11.820
4.444 -11.676
4.493 -11.747
4.553 -11.798
4.564 -11.553
4.581 -11.760
4.585 -11.506
4.600 -11.749
4.607 -11.768
4.612 -11.790
4.613 -11.809
4.669 -11.731
4.737 -11.755
4.757 -11.650
4.778 -11.855
4.815 -11.638
4.835 -11.731
4.840 -11.775
4.907 -11.675
4.954 -11.673
4.987 -11.691
5.019 -11.720
5.042 -11.853
5.046 -11.587
5.051 -11.862
5.074 -11.742
5.101 -11.599
5.128 -11.730
5.146 -11.740
5.157 -11.678
5.168 -11.697
5.174 -11.765
5.174 -11.780
5.214 -11.739
5.220 -11.751
5.228 -11.771
5.240 -11.699
5.284 -11.698
5.293 -11.794
5.297 -11.913
5.331 -11.769
5.345 -11.650
5.361 -11.747
5.397 -11.796
5.412 -11.662
5.436 -11.870
5.564 -11.662
5.576 -11.623
5.600 -11.732
5.614 -11.750
5.619 -11.635
5.624 -11.747
5.634 -11.622
5.663 -11.741
5.723 -11.825
5.742 -11.860
5.746 -11.677
5.747 -11.886
5.752 -11.880
5.760 -11.811
5.775 -11.677
5.779 -11.753
5.779 -11.649
5.779 -11.829
5.799 -11.736
5.810 -11.860
5.865 -11.660
5.890 -11.740
5.895 -11.744
5.905 -11.752
5.912 -11.900
5.944 -11.839
5.951 -11.690
5.970 -11.671
5.973 -11.581
5.977 -11.881
6.058 -11.902
6.063 -11.822
6.137 -11.765
6.139 -11.850
6.143 -11.786
6.174 -11.770
6.175 -11.918
6.219 -11.669
6.234 -11.693
6.237 -11.929
6.244 -11.838
6.278 -11.752
6.311 -11.815
6.321 -11.731
6.333 -11.835
6.353 -11.616
6.395 -11.773
6.442 -11.816
6.453 -11.654
6.463 -11.739
6.485 -11.763
6.508 -11.696
6.540 -11.693
6.600 -11.884
6.636 -11.889
6.649 -11.855
6.671 -11.628
6.674 -11.740
6.724 -11.849
6.729 -11.653
6.770 -11.747
6.791 -11.738
6.833 -11.925
6.893 -11.820
6.930 -11.741
6.955 -11.726
6.995 -11.807
6.995 -11.851
7.000 -11.795
7.007 -11.865
7.060 -11.886
7.066 -11.904
7.254 -11.908
7.255 -11.678
7.268 -11.775
7.334 -11.617
7.405 -11.982
7.411 -11.868
7.423 -11.504
7.435 -11.638
7.439 -11.719
7.484 -11.864
7.509 -11.720
7.541 -11.932
7.550 -11.852
7.561 -11.874
7.571 -11.933
7.575 -11.740
7.577 -11.702
7.581 -11.813
7.596 -11.818
7.612 -11.703
7.716 -11.950
7.742 -11.704
7.747 -11.819
7.839 -11.731
7.847 -11.691
7.871 -11.784
7.899 -11.844
7.913 -11.887
8.069 -11.798
8.076 -11.858
8.086 -11.764
8.145 -11.775
8.166 -11.909
8.237 -11.906
8.324 -11.634
8.329 -11.933
8.367 -11.939
8.444 -11.914
8.498 -11.873
8.518 -11.885
8.571 -11.724
8.610 -11.898
8.629 -12.011
8.637 -11.847
8.659 -11.714
8.752 -11.817
8.765 -11.807
8.790 -11.806
8.818 -11.807
8.828 -12.011
8.847 -11.725
8.878 -11.718
8.944 -11.809
8.954 -11.761
8.960 -11.909
8.962 -11.946
8.963 -11.794
8.975 -11.906
8.979 -11.999
9.033 -11.921
9.068 -11.827
9.078 -11.705
9.141 -11.745
9.233 -11.727
9.243 -11.882
9.262 -11.884
9.293 -11.688
9.320 -11.796
9.325 -11.868
9.434 -11.653
9.464 -11.831
9.534 -11.810
9.540 -11.783
9.549 -11.646
9.552 -11.927
9.557 -11.882
9.565 -12.060
9.592 -11.881
9.660 -11.679
9.668 -12.003
9.673 -11.884
9.685 -11.948
9.752 -12.002
9.773 -11.914
9.914 -11.853
9.952 -11.822
9.997 -12.087
10.019 -11.894
10.048 -11.867
10.111 -11.783
10.137 -12.064
10.164 -11.774
10.291 -11.927
10.407 -11.801
10.448 -11.819
10.648 -12.045
10.687 -11.902
10.711 -11.806
10.756 -11.925
10.780 -11.868
10.810 -11.929
10.861 -11.953
10.914 -11.949
10.931 -11.746
10.992 -11.837
11.028 -11.768
11.053 -11.637
11.061 -11.804
11.070 -12.154
11.110 -11.905
11.164 -11.780
11.164 -11.948
11.196 -12.005
11.201 -11.959
11.244 -11.548
11.288 -11.770
11.355 -11.706
11.573 -11.929
11.597 -11.970
11.702 -11.881
11.714 -12.031
11.734 -11.906
11.761 -11.848
11.919 -11.989
11.928 -11.951
11.961 -11.976
11.991 -12.177
11.994 -12.026
12.177 -11.911
12.181 -12.027
12.204 -12.111
12.300 -11.812
12.301 -11.731
12.354 -11.984
12.431 -12.002
12.475 -11.829
12.535 -11.930
12.600 -11.831
12.650 -12.066
12.678 -11.917
12.823 -11.781
12.837 -11.968
12.890 -11.876
12.911 -11.885
12.912 -11.600
12.987 -11.796
13.065 -11.965
13.082 -11.952
13.181 -12.110
13.185 -11.734
13.282 -11.973
13.342 -11.952
13.378 -11.953
13.408 -11.912
13.552 -11.828
13.576 -11.816
13.582 -11.833
13.680 -12.056
13.722 -11.835
13.762 -11.976
13.813 -11.743
13.833 -12.084
13.895 -12.027
13.902 -11.905
14.016 -12.070
14.023 -11.874
14.039 -11.947
14.079 -12.173
14.118 -12.078
14.170 -12.002
14.187 -11.734
14.193 -11.972
14.217 -11.938
14.259 -11.807
14.265 -12.248
14.506 -11.533
14.507 -11.767
14.510 -11.914
14.512 -12.111
14.527 -12.303
14.546 -12.148
14.580 -12.053
14.600 -11.834
14.601 -11.675
14.605 -11.907
14.614 -11.938
14.673 -11.681
14.817 -11.702
14.888 -11.802
14.940 -12.056
14.944 -11.891
14.986 -12.439
15.153 -11.954
15.172 -12.153
15.176 -11.880
15.182 -12.106
15.252 -12.170
15.257 -12.462
15.324 -11.971
15.433 -11.836
15.436 -12.120
15.445 -12.028
15.466 -11.930
15.545 -11.854
15.655 -11.836
15.658 -12.038
15.697 -12.054
15.833 -11.953
15.838 -12.121
15.853 -11.832
15.859 -12.069
15.890 -11.909
15.891 -11.796
15.891 -11.844
15.989 -12.094
16.011 -11.947
16.086 -11.905
16.089 -12.309
16.105 -11.883
16.126 -12.001
16.176 -12.148
16.204 -11.818
16.271 -12.057
16.327 -11.874
16.404 -11.980
16.585 -11.801
16.706 -11.844
16.710 -12.018
16.727 -11.985
16.728 -11.964
16.771 -12.133
16.788 -12.184
16.797 -12.147
16.810 -12.152
16.888 -11.817
16.923 -11.895
16.941 -12.072
16.985 -11.993
17.051 -11.898
17.140 -11.915
17.168 -12.245
17.214 -11.936
17.323 -12.263
17.360 -12.266
17.371 -11.774
17.390 -11.898
17.501 -12.177
17.506 -12.100
17.607 -11.933
17.689 -12.489
17.817 -11.797
17.827 -12.029
18.001 -12.258
18.150 -12.038
18.160 -12.007
18.189 -11.966
18.227 -12.095
18.243 -12.329
18.254 -12.439
18.572 -11.958
18.630 -12.059
18.633 -11.723
18.660 -12.255
18.665 -12.351
18.742 -12.342
18.889 -12.149
18.923 -11.919
18.996 -12.334
19.000 -11.909
19.084 -12.209
19.085 -12.061
19.116 -12.059
19.128 -12.115
19.206 -12.179
19.240 -12.066
19.274 -11.984
19.274 -12.098
19.347 -12.106
19.380 -12.039
19.411 -12.235
19.433 -11.898
19.467 -11.754
19.515 -12.059
19.559 -11.992
19.662 -12.189
19.688 -11.729
19.693 -12.164
19.717 -12.236
19.837 -12.108
19.875 -12.245
19.976 -12.003
20.030 -11.740
20.044 -11.910
20.052 -11.844
20.172 -11.830
20.203 -12.175
20.223 -11.887
20.224 -11.679
20.293 -11.920
20.411 -11.701
20.530 -12.390
20.552 -12.168
20.555 -12.259
20.643 -12.306
20.644 -12.345
20.747 -12.513
20.834 -11.949
20.840 -12.153
20.844 -11.692
20.849 -12.398
20.909 -12.111
20.916 -12.509
21.010 -11.992
21.013 -12.370
21.055 -12.033
21.181 -11.981
21.227 -11.992
21.315 -12.239
21.404 -12.167
21.419 -12.330
21.425 -12.237
21.484 -12.596
21.487 -12.308
21.488 -11.849
21.504 -12.007
21.553 -11.760
21.585 -11.796
21.729 -11.992
21.747 -12.053
21.795 -12.086
21.999 -11.845
22.016 -11.877
22.051 -12.018
22.077 -12.303
22.182 -12.119
22.303 -12.027
22.325 -12.221
22.335 -12.194
22.357 -12.233
22.415 -12.302
22.511 -12.054
22.542 -12.077
22.578 -12.062
22.643 -12.249
22.656 -12.445
22.659 -12.334
22.699 -12.198
22.719 -12.290
22.838 -12.185
22.964 -12.120
23.145 -11.896
23.186 -11.710
23.328 -11.976
23.491 -12.225
23.506 -12.041
23.517 -12.154
23.558 -12.198
23.603 -11.989
23.673 -12.393
23.688 -11.716
23.693 -12.147
23.701 -11.977
23.725 -11.849
23.728 -11.935
23.836 -12.633
23.910 -11.745
23.943 -12.193
24.049 -12.352
24.056 -12.228
24.105 -12.277
24.163 -12.223
24.180 -12.327
24.194 -12.217
24.194 -12.366
24.505 -12.295
24.540 -12.430
24.605 -12.296
24.636 -12.113
24.671 -12.259
25.071 -12.293
25.139 -12.172
25.155 -12.550
25.273 -12.389
25.278 -12.107
25.304 -12.408
25.322 -12.420
25.547 -12.432
25.638 -12.401
25.728 -12.543
25.770 -12.266
25.772 -12.062
25.834 -12.065
25.917 -12.287
26.118 -12.122
26.148 -12.051
26.208 -12.030
26.249 -12.454
26.300 -12.422
26.343 -12.249
26.508 -12.182
26.588 -12.190
26.599 -12.318
26.707 -12.101
26.744 -12.102
26.784 -12.399
26.857 -12.428
27.033 -12.541
27.125 -12.549
27.161 -12.441
27.357 -12.253
27.399 -12.429
27.544 -12.545
27.702 -12.405
27.760 -12.221
27.852 -12.293
27.937 -12.581
28.121 -12.494
28.140 -12.269
28.151 -12.605
28.152 -12.360
28.290 -12.558
28.395 -12.333
28.434 -12.432
28.595 -12.445
28.688 -12.416
28.800 -12.607
28.859 -12.287
29.001 -12.379
29.077 -12.543
29.153 -12.242
29.165 -12.415
29.184 -12.297
29.186 -12.464
29.234 -12.497
29.274 -12.240
29.612 -12.301
29.734 -12.088
29.829 -12.127
29.833 -12.408
29.837 -12.554
29.872 -12.096
30.031 -12.300
30.052 -12.241
30.151 -12.609
30.170 -12.547
30.421 -12.240
30.491 -12.278
30.699 -12.216
30.726 -12.441
31.149 -12.064
31.198 -12.697
31.236 -12.270
31.249 -12.677
31.272 -12.150
31.438 -12.242
31.584 -12.630
31.609 -12.585
31.703 -12.172
31.727 -12.310
31.729 -12.490
31.770 -12.165
31.908 -12.278
32.247 -12.542
32.262 -12.329
32.334 -12.225
32.607 -12.472
32.691 -12.510
32.724 -12.539
32.800 -12.292
32.942 -12.634
32.990 -12.393
33.328 -12.498
33.496 -12.365
33.609 -12.537
33.705 -12.501
33.817 -12.053
34.094 -12.601
34.500 -12.393
34.622 -12.639
34.657 -12.612
34.708 -12.254
34.737 -12.503
34.979 -12.394
35.009 -12.458
35.048 -12.451
35.431 -12.343
35.667 -12.530
35.932 -12.253
36.025 -12.404
36.771 -12.627
37.196 -12.270
37.198 -12.534
37.794 -11.887
37.859 -12.353
39.511 -12.327
39.961 -12.473
40.757 -12.505
41.038 -11.889
41.190 -12.121
41.262 -12.449
41.354 -12.313
41.780 -12.419
41.921 -12.040
44.285 -12.320
44.318 -12.122
44.621 -12.581
44.965 -12.325
45.775 -12.516
45.873 -12.230
51.415 -12.089
56.023 -12.201
59.638 -11.989
163.980 -11.845
281.347 -11.818
