# Ep lEiso
37.889 121.567
39.359 121.558
43.354 121.601
44.571 121.584
45.217 121.562
46.293 121.534
46.924 121.585
47.480 121.594
48.163 121.546
48.189 121.546
48.654 121.563
49.460 121.579
49.715 121.579
50.194 121.568
50.658 121.579
50.850 121.585
51.596 121.492
51.692 121.476
51.924 121.408
51.985 121.361
52.151 121.324
52.178 121.309
52.285 121.308
52.461 121.235
52.609 121.183
52.831 121.075
52.840 121.127
52.980 121.066
53.065 121.067
53.125 121.024
53.692 121.028
53.719 121.025
53.764 121.038
53.936 121.026
54.144 121.044
54.165 121.018
54.418 121.108
54.517 121.090
54.526 121.031
54.660 121.103
54.720 121.053
54.768 121.061
54.854 121.030
54.870 121.027
54.893 121.058
54.951 121.044
55.090 121.014
55.306 121.103
55.323 121.080
55.336 121.040
55.355 121.078
55.391 121.015
55.480 121.056
55.517 121.055
55.625 121.092
55.640 121.052
55.688 121.046
55.920 121.113
55.964 121.054
56.109 121.017
56.109 121.019
56.188 121.033
56.248 121.037
56.350 121.057
56.356 121.010
56.432 121.022
56.477 121.091
56.624 121.154
56.639 121.108
56.690 121.087
56.767 121.033
56.768 121.032
56.786 121.087
56.820 121.051
56.879 121.015
56.918 121.063
56.940 121.059
57.015 121.089
57.070 121.072
57.072 121.077
57.107 121.044
57.119 121.062
57.135 121.049
57.169 121.072
57.210 121.067
57.228 121.063
57.245 121.054
57.334 121.085
57.345 121.059
57.362 121.060
57.378 121.066
57.418 121.078
57.421 121.094
57.425 121.116
57.486 121.115
57.502 121.079
57.545 121.017
57.639 121.117
57.671 121.062
57.673 121.077
57.704 121.048
57.707 121.040
57.711 121.024
57.716 121.067
57.728 121.055
57.745 121.108
57.750 121.070
57.790 121.090
57.833 121.084
57.846 121.030
57.868 121.047
57.870 121.030
57.894 121.074
57.925 121.064
57.929 121.080
57.949 121.086
57.972 121.116
58.137 121.052
58.140 121.132
58.161 121.092
58.188 121.055
58.195 121.087
58.201 121.083
58.226 121.016
58.239 121.100
58.247 121.105
58.318 121.020
58.326 121.055
58.345 121.106
58.375 121.033
58.390 121.064
58.427 121.042
58.443 121.071
58.472 121.000
58.476 121.065
58.536 121.065
58.544 121.135
58.602 121.073
58.606 121.047
58.641 121.126
58.665 121.101
58.671 121.095
58.677 121.093
58.733 121.092
58.740 121.104
58.749 121.052
58.815 121.027
58.823 121.074
58.917 121.066
58.921 121.015
58.921 121.150
58.999 121.081
59.015 121.005
59.041 121.051
59.071 121.036
59.116 121.073
59.132 121.049
59.135 121.070
59.185 121.070
59.199 120.978
59.209 121.008
59.232 121.082
59.234 121.103
59.253 121.016
59.263 121.089
59.308 121.079
59.340 121.094
59.435 121.096
59.444 121.106
59.463 121.104
59.475 121.091
59.499 121.077
59.501 121.066
59.557 121.048
59.572 121.152
59.578 121.048
59.598 121.123
59.600 121.165
59.618 121.109
59.627 121.029
59.647 121.095
59.685 121.058
59.693 121.033
59.704 121.076
59.706 121.104
59.761 121.079
59.799 121.109
59.815 121.099
59.820 121.144
59.849 121.074
59.861 121.101
59.873 121.091
59.874 121.087
59.889 121.029
59.936 121.016
59.962 121.162
59.988 121.116
60.002 121.071
60.011 121.105
60.018 121.065
60.024 121.046
60.033 121.129
60.082 121.026
60.096 121.124
60.125 121.030
60.132 121.094
60.134 121.025
60.150 121.092
60.167 121.074
60.178 121.041
60.198 121.097
60.205 121.179
60.216 121.107
60.270 121.085
60.305 121.043
60.314 121.072
60.315 121.045
60.324 121.165
60.342 121.081
60.350 121.111
60.391 121.121
60.520 121.063
60.524 121.116
60.530 121.068
60.531 121.097
60.569 121.107
60.585 121.172
60.595 121.089
60.595 121.070
60.605 121.112
60.662 121.095
60.665 121.061
60.675 121.121
60.749 121.066
60.783 121.089
60.807 121.125
60.875 121.109
60.920 121.140
60.925 121.036
60.966 121.100
60.971 121.091
61.004 121.098
61.008 121.132
61.026 121.085
61.032 121.065
61.032 121.102
61.065 121.108
61.089 121.108
61.156 121.067
61.157 121.035
61.185 121.037
61.207 121.089
61.209 121.054
61.261 121.074
61.261 121.108
61.262 121.121
61.273 121.071
61.277 121.131
61.298 121.090
61.314 121.111
61.320 121.100
61.321 121.033
61.335 121.103
61.401 121.075
61.490 121.146
61.490 121.126
61.505 121.081
61.556 121.092
61.567 121.150
61.573 121.108
61.579 121.101
61.600 121.033
61.622 121.073
61.625 121.105
61.628 121.146
61.634 121.168
61.671 121.018
61.688 121.146
61.710 121.065
61.716 121.082
61.717 121.156
61.722 121.082
61.732 121.054
61.748 121.100
61.768 121.069
61.777 121.143
61.795 121.036
61.801 121.123
61.852 121.070
61.853 121.106
61.876 121.091
61.876 121.033
61.928 121.139
61.989 121.133
62.007 121.183
62.038 121.056
62.087 121.097
62.104 121.177
62.182 121.087
62.214 121.083
62.220 121.085
62.223 121.071
62.244 121.128
62.265 121.174
62.270 121.072
62.292 121.081
62.300 121.059
62.338 121.077
62.340 121.100
62.341 121.072
62.368 121.108
62.383 121.070
62.390 121.050
62.402 121.110
62.420 121.097
62.438 121.104
62.452 121.074
62.477 121.105
62.478 121.166
62.481 121.134
62.575 121.127
62.594 121.067
62.665 121.194
62.667 121.088
62.695 121.079
62.709 121.120
62.753 121.126
62.765 121.153
62.778 121.119
62.784 121.072
62.785 121.146
62.785 121.112
62.796 121.101
62.804 121.124
62.809 121.085
62.825 121.124
62.879 121.159
62.929 121.140
62.942 121.106
62.974 121.127
62.998 121.121
63.035 121.139
63.036 121.147
63.059 121.157
63.074 121.102
63.097 121.119
63.119 121.069
63.119 121.124
63.129 121.095
63.152 121.080
63.161 121.098
63.163 121.144
63.170 121.100
63.196 121.085
63.213 121.089
63.227 121.153
63.278 121.116
63.289 121.158
63.349 121.092
63.352 121.163
63.391 121.135
63.395 121.098
63.405 121.150
63.406 121.201
63.409 121.094
63.422 121.144
63.450 121.093
63.562 121.096
63.569 121.074
63.569 121.138
63.621 121.133
63.683 121.085
63.695 121.064
63.713 121.206
63.717 121.192
63.733 121.065
63.741 121.186
63.746 121.092
63.747 121.085
63.805 121.076
63.876 121.181
63.897 121.149
63.919 121.077
63.953 121.087
63.969 121.123
63.973 121.195
64.030 121.143
64.069 121.145
64.097 121.139
64.124 121.130
64.143 121.086
64.146 121.175
64.150 121.083
64.170 121.124
64.192 121.172
64.215 121.129
64.230 121.125
64.239 121.062
64.249 121.140
64.254 121.118
64.254 121.200
64.287 121.127
64.292 121.123
64.299 121.182
64.309 121.141
64.346 121.142
64.353 121.109
64.357 121.070
64.385 121.119
64.397 121.159
64.411 121.126
64.441 121.196
64.453 121.156
64.473 121.086
64.581 121.160
64.591 121.173
64.611 121.139
64.623 121.134
64.627 121.171
64.631 121.135
64.640 121.176
64.664 121.139
64.715 121.113
64.731 121.102
64.734 121.161
64.735 121.094
64.739 121.096
64.746 121.118
64.759 121.161
64.762 121.137
64.762 121.170
64.762 121.112
64.779 121.143
64.788 121.103
64.835 121.167
64.855 121.192
64.859 121.141
64.866 121.139
64.871 121.092
64.894 121.112
64.898 121.160
64.912 121.166
64.914 121.195
64.916 121.100
64.973 121.094
64.976 121.120
65.028 121.148
65.030 121.113
65.032 121.212
65.054 121.139
65.055 121.092
65.086 121.139
65.097 121.165
65.098 121.090
65.104 121.119
65.128 121.099
65.150 121.107
65.158 121.157
65.166 121.126
65.180 121.195
65.210 121.149
65.243 121.137
65.251 121.187
65.258 121.161
65.273 121.154
65.289 121.174
65.312 121.174
65.354 121.109
65.378 121.107
65.387 121.063
65.400 121.203
65.402 121.162
65.433 121.124
65.437 121.192
65.462 121.163
65.475 121.169
65.501 121.116
65.538 121.150
65.562 121.175
65.577 121.119
65.602 121.155
65.602 121.141
65.605 121.158
65.610 121.137
65.642 121.090
65.645 121.107
65.745 121.121
65.746 121.189
65.753 121.160
65.788 121.182
65.826 121.105
65.829 121.137
65.835 121.239
65.842 121.202
65.844 121.179
65.868 121.141
65.882 121.108
65.899 121.123
65.903 121.081
65.909 121.120
65.915 121.123
65.917 121.174
65.918 121.185
65.920 121.155
65.928 121.153
65.937 121.184
65.993 121.119
66.007 121.122
66.010 121.153
66.059 121.083
66.064 121.119
66.077 121.117
66.092 121.147
66.100 121.136
66.184 121.158
66.188 121.143
66.194 121.167
66.226 121.164
66.237 121.214
66.276 121.132
66.319 121.198
66.321 121.092
66.339 121.225
66.376 121.076
66.402 121.141
66.412 121.138
66.437 121.177
66.456 121.153
66.465 121.109
66.469 121.148
66.480 121.180
66.524 121.157
66.531 121.160
66.543 121.161
66.556 121.224
66.561 121.114
66.571 121.096
66.586 121.184
66.618 121.165
66.623 121.176
66.626 121.142
66.627 121.134
66.627 121.169
66.633 121.229
66.635 121.123
66.661 121.142
66.678 121.164
66.683 121.192
66.714 121.214
66.759 121.189
66.764 121.156
66.773 121.117
66.789 121.198
66.802 121.175
66.805 121.159
66.859 121.205
66.873 121.168
66.904 121.173
66.907 121.160
66.911 121.207
66.912 121.148
66.915 121.158
66.918 121.121
66.930 121.158
66.960 121.201
66.963 121.134
66.966 121.091
66.971 121.145
67.000 121.135
67.010 121.153
67.073 121.167
67.090 121.113
67.111 121.119
67.120 121.160
67.133 121.165
67.161 121.183
67.173 121.126
67.185 121.186
67.242 121.155
67.295 121.103
67.314 121.167
67.406 121.134
67.424 121.163
67.434 121.183
67.453 121.159
67.462 121.104
67.475 121.158
67.496 121.153
67.518 121.154
67.526 121.156
67.551 121.177
67.566 121.190
67.576 121.217
67.580 121.183
67.584 121.113
67.601 121.122
67.624 121.188
67.624 121.220
67.638 121.143
67.640 121.153
67.658 121.235
67.677 121.191
67.706 121.204
67.800 121.161
67.811 121.154
67.856 121.230
67.861 121.143
67.870 121.167
67.881 121.178
67.948 121.153
67.952 121.160
67.965 121.155
67.977 121.118
67.979 121.147
68.054 121.170
68.056 121.149
68.066 121.232
68.106 121.130
68.106 121.226
68.128 121.159
68.161 121.157
68.179 121.188
68.204 121.093
68.231 121.189
68.252 121.095
68.264 121.097
68.325 121.199
68.331 121.168
68.353 121.184
68.361 121.183
68.362 121.231
68.393 121.126
68.425 121.172
68.432 121.174
68.473 121.149
68.474 121.211
68.515 121.173
68.540 121.176
68.555 121.177
68.568 121.183
68.628 121.198
68.638 121.200
68.641 121.198
68.681 121.162
68.699 121.198
68.716 121.176
68.737 121.213
68.745 121.159
68.771 121.169
68.774 121.188
68.822 121.163
68.825 121.166
68.832 121.137
68.848 121.147
68.864 121.133
68.886 121.174
68.892 121.217
68.895 121.179
68.905 121.184
68.921 121.205
68.924 121.136
69.026 121.249
69.026 121.231
69.028 121.190
69.029 121.159
69.035 121.130
69.043 121.129
69.058 121.177
69.067 121.203
69.067 121.227
69.069 121.192
69.073 121.187
69.098 121.227
69.160 121.224
69.190 121.195
69.213 121.172
69.214 121.197
69.232 121.116
69.304 121.189
69.312 121.160
69.314 121.201
69.317 121.137
69.346 121.159
69.348 121.117
69.377 121.190
69.422 121.211
69.424 121.170
69.428 121.184
69.436 121.151
69.470 121.158
69.516 121.215
69.517 121.186
69.534 121.184
69.595 121.200
69.597 121.176
69.604 121.217
69.607 121.130
69.621 121.206
69.622 121.167
69.622 121.139
69.666 121.147
69.676 121.202
69.710 121.198
69.712 121.151
69.719 121.211
69.728 121.195
69.751 121.174
69.763 121.221
69.794 121.187
69.818 121.212
69.853 121.198
69.934 121.222
69.988 121.216
69.990 121.192
69.998 121.114
69.998 121.200
70.017 121.177
70.025 121.170
70.029 121.175
70.035 121.271
70.070 121.220
70.086 121.209
70.094 121.151
70.114 121.196
70.143 121.209
70.182 121.206
70.195 121.162
70.215 121.203
70.268 121.161
70.286 121.254
70.292 121.226
70.301 121.210
70.355 121.168
70.357 121.135
70.407 121.207
70.446 121.135
70.509 121.255
70.514 121.196
70.598 121.168
70.670 121.197
70.675 121.255
70.689 121.207
70.707 121.191
70.715 121.162
70.720 121.148
70.874 121.210
70.902 121.199
70.903 121.240
70.917 121.176
70.919 121.165
70.956 121.168
71.029 121.131
71.047 121.224
71.087 121.137
71.089 121.227
71.134 121.193
71.134 121.211
71.151 121.212
71.158 121.274
71.200 121.171
71.218 121.214
71.236 121.224
71.236 121.211
71.275 121.210
71.293 121.184
71.309 121.196
71.321 121.235
71.339 121.205
71.365 121.217
71.388 121.163
71.443 121.203
71.457 121.289
71.460 121.206
71.472 121.198
71.536 121.214
71.557 121.199
71.610 121.182
71.639 121.255
71.646 121.236
71.651 121.243
71.714 121.244
71.730 121.206
71.741 121.238
71.742 121.261
71.778 121.234
71.841 121.257
71.903 121.185
71.915 121.209
71.917 121.165
71.970 121.197
71.971 121.192
72.033 121.177
72.086 121.195
72.089 121.217
72.092 121.266
72.095 121.192
72.130 121.174
72.135 121.181
72.191 121.236
72.193 121.168
72.219 121.232
72.294 121.237
72.321 121.236
72.374 121.211
72.427 121.218
72.436 121.201
72.440 121.140
72.475 121.174
72.476 121.204
72.477 121.279
72.486 121.270
72.516 121.259
72.535 121.256
72.621 121.236
72.631 121.278
72.660 121.170
72.780 121.247
72.790 121.244
72.811 121.229
72.826 121.201
72.888 121.219
72.960 121.232
72.973 121.213
72.980 121.216
72.995 121.213
73.034 121.208
73.101 121.236
73.122 121.234
73.147 121.236
73.192 121.217
73.200 121.197
73.202 121.288
73.230 121.223
73.243 121.213
73.325 121.225
73.411 121.174
73.534 121.256
73.561 121.275
73.658 121.248
73.767 121.225
73.777 121.244
73.785 121.155
73.812 121.229
73.842 121.250
73.889 121.281
73.899 121.273
73.902 121.234
73.908 121.271
73.924 121.260
73.926 121.253
73.998 121.186
74.047 121.277
74.068 121.237
74.138 121.177
74.143 121.252
74.176 121.254
74.217 121.264
74.230 121.246
74.241 121.266
74.242 121.239
74.488 121.256
74.515 121.233
74.566 121.257
74.591 121.158
74.619 121.152
74.974 121.264
75.034 121.213
75.048 121.222
75.151 121.208
75.155 121.298
75.178 121.248
75.194 121.247
75.388 121.248
75.466 121.254
75.542 121.233
75.578 121.275
75.580 121.311
75.633 121.311
75.721 121.276
75.932 121.205
75.963 121.316
76.025 121.319
76.068 121.197
76.120 121.258
76.165 121.285
76.334 121.228
76.415 121.296
76.426 121.276
76.535 121.232
76.572 121.311
76.612 121.265
76.685 121.261
76.859 121.217
76.948 121.245
76.983 121.221
77.173 121.215
77.213 121.269
77.364 121.250
77.559 121.222
77.630 121.308
77.738 121.212
77.840 121.248
78.058 121.201
78.080 121.305
78.092 121.246
78.094 121.289
78.255 121.256
78.373 121.296
78.418 121.280
78.599 121.257
78.704 121.285
78.830 121.253
78.894 121.309
79.044 121.239
79.125 121.267
79.206 121.301
79.219 121.290
79.239 121.311
79.241 121.282
79.305 121.276
79.361 121.258
79.835 121.275
79.998 121.286
80.124 121.347
80.129 121.228
80.133 121.270
80.180 121.275
80.391 121.318
80.419 121.251
80.551 121.262
80.576 121.274
80.894 121.239
80.977 121.325
81.227 121.264
81.259 121.297
81.851 121.375
81.935 121.257
81.998 121.339
82.017 121.263
82.051 121.362
82.297 121.349
82.515 121.281
82.552 121.290
82.692 121.299
82.728 121.344
82.731 121.311
82.792 121.317
82.996 121.272
83.501 121.316
83.523 121.355
83.629 121.305
83.972 121.320
84.077 121.298
84.119 121.326
84.214 121.317
84.450 121.311
84.538 121.355
85.164 121.335
85.475 121.358
85.683 121.327
85.836 121.333
86.003 121.413
86.417 121.316
87.025 121.353
87.207 121.310
87.259 121.315
87.336 121.376
87.379 121.334
87.873 121.355
87.943 121.345
88.030 121.347
88.777 121.371
89.190 121.381
89.653 121.392
89.814 121.368
91.119 121.341
92.067 121.403
92.070 121.361
93.248 121.469
93.377 121.396
96.895 121.419
97.856 121.358
99.556 121.410
100.155 121.507
100.479 121.475
100.634 121.427
100.829 121.448
101.933 121.439
102.438 121.501
107.786 121.472
107.857 121.385
108.752 121.434
110.030 121.501
112.518 121.472
112.720 121.455
127.028 121.574
140.909 121.619
151.163 121.561
316.876 121.781
429.296 121.801
