# Ep lEiso
158.446 -7.534
162.609 -7.497
171.393 -7.424
173.776 -7.423
175.041 -7.448
177.922 -7.421
179.037 -7.378
179.841 -7.357
181.076 -7.433
181.125 -7.404
181.996 -7.412
183.508 -7.420
184.066 -7.371
185.217 -7.388
186.152 -7.405
186.445 -7.405
187.716 -7.385
187.918 -7.396
188.405 -7.347
188.533 -7.405
188.881 -7.375
188.940 -7.387
189.165 -7.322
189.535 -7.372
189.845 -7.371
190.312 -7.398
190.331 -7.391
190.626 -7.377
190.874 -7.369
191.060 -7.387
192.752 -7.359
192.812 -7.329
192.912 -7.385
193.298 -7.363
193.762 -7.285
193.811 -7.320
194.377 -7.123
194.670 -7.121
194.703 -7.206
195.156 -7.055
195.357 -7.107
195.519 -7.118
195.810 -7.094
195.863 -7.093
195.941 -7.040
196.140 -7.040
196.607 -7.035
197.336 -6.841
197.394 -6.865
197.438 -6.915
197.502 -6.858
197.624 -6.930
197.927 -6.844
198.050 -6.833
198.417 -6.748
198.467 -6.796
198.628 -6.788
199.491 -6.687
199.668 -6.710
200.243 -6.804
200.245 -6.801
200.557 -6.785
200.799 -6.779
201.204 -6.756
201.228 -6.809
201.529 -6.795
201.710 -6.717
202.295 -6.648
202.352 -6.699
202.558 -6.723
202.863 -6.781
202.866 -6.782
202.940 -6.723
203.074 -6.761
203.309 -6.799
203.465 -6.799
203.560 -6.689
203.965 -6.722
204.262 -6.741
204.275 -6.736
204.449 -6.770
204.504 -6.687
204.576 -6.707
204.736 -6.802
204.927 -6.748
205.012 -6.752
205.089 -6.703
205.506 -6.730
205.558 -6.758
205.634 -6.757
205.710 -6.751
205.894 -6.710
205.908 -6.722
205.930 -6.698
206.214 -6.699
206.286 -6.739
206.486 -6.806
206.925 -6.699
207.076 -6.702
207.082 -6.743
207.229 -6.775
207.244 -6.784
207.261 -6.802
207.284 -6.755
207.339 -6.718
207.421 -6.710
207.442 -6.751
207.631 -6.731
207.828 -6.737
207.891 -6.797
207.993 -6.778
208.004 -6.797
208.116 -6.749
208.260 -6.761
208.276 -6.743
208.370 -6.736
208.479 -6.703
209.431 -6.772
209.444 -6.687
209.556 -6.728
209.698 -6.766
209.735 -6.732
209.766 -6.735
209.900 -6.805
209.972 -6.715
210.014 -6.710
210.390 -6.793
210.430 -6.757
210.534 -6.703
210.693 -6.776
210.771 -6.744
210.969 -6.764
211.051 -6.734
211.204 -6.803
211.225 -6.700
211.546 -6.734
211.587 -6.664
211.896 -6.722
211.914 -6.747
212.099 -6.668
212.227 -6.691
212.260 -6.667
212.290 -6.699
212.589 -6.696
212.627 -6.684
212.671 -6.733
213.022 -6.753
213.064 -6.708
213.574 -6.710
213.598 -6.757
213.601 -6.631
214.072 -6.695
214.164 -6.766
214.318 -6.723
214.490 -6.738
214.756 -6.704
214.846 -6.727
214.867 -6.652
215.158 -6.730
215.242 -6.796
215.296 -6.768
215.433 -6.715
215.443 -6.750
215.556 -6.761
215.616 -6.738
215.877 -6.641
216.067 -6.686
216.622 -6.740
216.677 -6.676
216.787 -6.678
216.855 -6.735
216.997 -6.706
217.006 -6.717
217.334 -6.736
217.421 -6.632
217.462 -6.736
217.573 -6.661
217.587 -6.619
217.693 -6.676
217.744 -6.649
217.855 -6.690
218.071 -6.641
218.112 -6.754
218.174 -6.621
218.184 -6.681
218.514 -6.749
218.758 -6.677
218.857 -6.630
218.887 -6.642
219.072 -6.712
219.147 -6.686
219.224 -6.669
219.226 -6.699
219.321 -6.758
219.617 -6.771
219.783 -6.625
219.945 -6.671
220.033 -6.646
220.093 -6.682
220.135 -6.721
220.171 -6.740
220.229 -6.658
220.537 -6.760
220.626 -6.663
220.806 -6.756
220.850 -6.693
220.867 -6.760
220.963 -6.695
221.071 -6.712
221.145 -6.744
221.268 -6.654
221.309 -6.610
221.379 -6.679
221.706 -6.697
221.921 -6.736
221.971 -6.708
221.980 -6.734
222.038 -6.619
222.147 -6.625
222.192 -6.669
222.445 -6.658
223.262 -6.708
223.288 -6.657
223.331 -6.703
223.339 -6.675
223.588 -6.664
223.692 -6.602
223.761 -6.680
223.762 -6.699
223.829 -6.658
224.209 -6.672
224.229 -6.705
224.292 -6.646
224.779 -6.632
224.998 -6.678
225.155 -6.644
225.590 -6.661
225.883 -6.631
225.915 -6.735
226.182 -6.672
226.219 -6.680
226.429 -6.674
226.454 -6.639
226.571 -6.687
226.611 -6.708
226.615 -6.643
226.829 -6.621
226.986 -6.629
227.433 -6.707
227.439 -6.740
227.635 -6.738
227.782 -6.685
227.795 -6.720
228.149 -6.620
228.152 -6.666
228.154 -6.653
228.228 -6.703
228.260 -6.642
228.397 -6.684
228.508 -6.663
228.550 -6.674
228.559 -6.741
228.653 -6.671
229.101 -6.699
229.701 -6.629
229.707 -6.649
229.806 -6.693
230.148 -6.682
230.219 -6.626
230.261 -6.618
230.301 -6.673
230.447 -6.739
230.594 -6.700
230.609 -6.690
230.633 -6.629
230.671 -6.608
230.920 -6.753
231.039 -6.613
231.197 -6.709
231.235 -6.693
231.244 -6.621
231.281 -6.693
231.349 -6.721
231.464 -6.676
231.598 -6.707
231.668 -6.634
231.792 -6.740
231.832 -6.654
232.188 -6.703
232.195 -6.667
232.354 -6.680
232.357 -6.738
232.720 -6.629
233.144 -6.631
233.267 -6.578
233.483 -6.706
233.827 -6.663
233.945 -6.581
234.488 -6.676
234.715 -6.680
234.763 -6.679
234.781 -6.693
234.930 -6.634
235.083 -6.586
235.118 -6.693
235.273 -6.606
235.329 -6.707
235.601 -6.688
235.614 -6.665
235.625 -6.694
235.814 -6.656
235.922 -6.696
235.970 -6.718
236.062 -6.673
236.184 -6.669
236.318 -6.680
236.416 -6.694
236.595 -6.621
236.603 -6.598
236.623 -6.631
237.291 -6.712
237.430 -6.708
237.940 -6.581
237.956 -6.692
238.161 -6.703
238.258 -6.646
238.584 -6.622
238.668 -6.615
238.760 -6.648
238.804 -6.696
238.812 -6.618
238.817 -6.654
238.893 -6.619
238.954 -6.638
238.989 -6.678
239.101 -6.586
239.494 -6.595
239.859 -6.615
239.953 -6.649
240.190 -6.628
240.361 -6.634
240.637 -6.681
240.641 -6.608
240.810 -6.598
240.925 -6.653
241.093 -6.636
241.250 -6.687
241.257 -6.631
241.324 -6.661
241.499 -6.675
241.562 -6.657
241.581 -6.611
241.632 -6.655
241.824 -6.670
241.946 -6.666
242.048 -6.602
242.426 -6.583
242.506 -6.597
242.953 -6.663
242.976 -6.592
243.265 -6.622
243.297 -6.659
243.367 -6.610
243.374 -6.559
243.398 -6.665
243.496 -6.618
243.702 -6.697
244.540 -6.650
244.592 -6.668
244.596 -6.645
244.980 -6.641
245.451 -6.659
245.537 -6.680
245.675 -6.541
245.705 -6.555
245.820 -6.681
245.880 -6.562
245.919 -6.655
245.925 -6.668
246.314 -6.675
246.784 -6.571
246.921 -6.605
247.068 -6.681
247.292 -6.671
247.402 -6.632
247.428 -6.558
247.802 -6.568
248.065 -6.676
248.249 -6.674
248.429 -6.625
248.554 -6.671
248.576 -6.579
248.606 -6.674
248.734 -6.689
248.885 -6.582
249.039 -6.627
249.138 -6.630
249.199 -6.695
249.262 -6.615
249.295 -6.638
249.296 -6.553
249.517 -6.628
249.553 -6.633
249.599 -6.572
249.664 -6.661
249.914 -6.613
249.960 -6.646
249.985 -6.686
250.174 -6.637
250.257 -6.596
250.348 -6.629
250.551 -6.559
250.633 -6.599
250.770 -6.550
251.492 -6.597
251.563 -6.584
251.695 -6.620
251.775 -6.626
251.804 -6.588
251.833 -6.697
251.893 -6.583
252.057 -6.657
252.397 -6.649
252.507 -6.660
252.531 -6.600
252.538 -6.568
252.566 -6.667
252.609 -6.644
252.698 -6.600
252.716 -6.625
252.719 -6.590
252.721 -6.650
252.835 -6.619
252.894 -6.659
253.213 -6.590
253.352 -6.563
253.378 -6.615
253.423 -6.617
253.459 -6.665
253.612 -6.642
253.642 -6.593
253.735 -6.558
253.747 -6.556
253.767 -6.654
254.153 -6.655
254.174 -6.629
254.529 -6.601
254.542 -6.636
254.558 -6.537
254.706 -6.643
254.712 -6.658
254.921 -6.576
254.995 -6.553
255.008 -6.660
255.043 -6.648
255.207 -6.651
255.362 -6.571
255.414 -6.594
255.470 -6.578
255.567 -6.557
255.772 -6.606
255.999 -6.646
256.051 -6.567
256.101 -6.594
256.206 -6.566
256.316 -6.579
256.471 -6.656
256.763 -6.637
256.939 -6.668
256.998 -6.674
257.107 -6.555
257.122 -6.590
257.368 -6.640
257.393 -6.562
257.593 -6.591
257.699 -6.587
257.906 -6.645
258.197 -6.657
258.380 -6.586
258.501 -6.644
258.702 -6.605
258.702 -6.619
258.723 -6.601
258.758 -6.623
259.011 -6.668
259.037 -6.651
259.833 -6.630
259.841 -6.561
259.894 -6.590
260.174 -6.542
260.477 -6.646
260.501 -6.613
260.551 -6.509
260.601 -6.547
260.620 -6.561
260.809 -6.610
260.917 -6.644
261.051 -6.628
261.089 -6.671
261.136 -6.631
261.179 -6.627
261.195 -6.574
261.206 -6.552
261.224 -6.594
261.286 -6.595
261.355 -6.564
261.806 -6.631
261.919 -6.565
261.942 -6.596
262.339 -6.668
262.376 -6.631
262.478 -6.633
262.601 -6.603
262.662 -6.567
263.337 -6.591
263.365 -6.606
263.409 -6.582
263.669 -6.585
263.760 -6.533
264.076 -6.616
264.422 -6.547
264.440 -6.654
264.586 -6.520
264.885 -6.667
265.094 -6.627
265.170 -6.632
265.373 -6.564
265.525 -6.605
265.597 -6.631
265.630 -6.592
265.715 -6.560
266.071 -6.582
266.122 -6.580
266.219 -6.624
266.327 -6.517
266.365 -6.626
266.440 -6.644
266.561 -6.557
266.823 -6.578
266.864 -6.567
266.889 -6.601
266.898 -6.609
266.899 -6.574
266.948 -6.513
266.966 -6.621
267.182 -6.603
267.319 -6.582
267.361 -6.554
267.612 -6.532
267.980 -6.559
268.017 -6.593
268.093 -6.634
268.217 -6.550
268.326 -6.574
268.347 -6.590
268.781 -6.542
268.901 -6.581
269.152 -6.576
269.173 -6.570
269.204 -6.540
269.215 -6.601
269.233 -6.591
269.263 -6.630
269.358 -6.591
269.599 -6.546
269.626 -6.524
269.645 -6.662
269.688 -6.540
269.927 -6.615
270.005 -6.596
270.524 -6.640
270.665 -6.636
270.834 -6.628
270.914 -6.586
271.021 -6.580
271.252 -6.560
271.348 -6.620
271.448 -6.557
271.918 -6.554
272.347 -6.640
272.498 -6.561
273.234 -6.605
273.378 -6.574
273.460 -6.554
273.611 -6.578
273.690 -6.633
273.797 -6.579
273.977 -6.584
274.164 -6.583
274.225 -6.541
274.440 -6.560
274.568 -6.546
274.654 -6.519
274.685 -6.533
274.717 -6.624
274.857 -6.614
275.047 -6.549
275.047 -6.517
275.161 -6.594
275.178 -6.584
275.329 -6.502
275.485 -6.547
275.720 -6.534
276.490 -6.578
276.576 -6.517
276.944 -6.510
276.988 -6.598
277.060 -6.574
277.152 -6.563
277.701 -6.590
277.731 -6.582
277.838 -6.587
277.937 -6.625
277.948 -6.543
278.574 -6.575
278.588 -6.596
278.669 -6.512
279.006 -6.617
279.008 -6.518
279.193 -6.588
279.465 -6.531
279.616 -6.560
279.828 -6.659
280.054 -6.560
280.231 -6.658
280.328 -6.656
280.837 -6.521
280.885 -6.535
281.071 -6.594
281.142 -6.597
281.146 -6.520
281.410 -6.630
281.674 -6.584
281.732 -6.581
282.060 -6.608
282.073 -6.543
282.396 -6.596
282.597 -6.579
282.715 -6.579
282.815 -6.536
283.296 -6.556
283.378 -6.554
283.401 -6.557
283.753 -6.500
283.904 -6.554
284.048 -6.609
284.230 -6.537
284.304 -6.593
284.528 -6.582
284.550 -6.562
284.963 -6.587
284.986 -6.532
285.045 -6.613
285.189 -6.602
285.329 -6.617
285.512 -6.572
285.568 -6.528
285.591 -6.567
285.674 -6.561
285.819 -6.539
285.842 -6.611
286.680 -6.492
286.682 -6.510
286.692 -6.553
286.702 -6.585
286.751 -6.616
286.818 -6.616
286.938 -6.574
287.007 -6.539
287.011 -6.513
287.025 -6.520
287.055 -6.555
287.260 -6.514
287.763 -6.514
288.008 -6.614
288.192 -6.569
288.203 -6.543
288.350 -6.629
288.932 -6.550
288.996 -6.581
289.010 -6.538
289.031 -6.606
289.270 -6.581
289.285 -6.626
289.528 -6.550
289.937 -6.528
289.949 -6.572
289.983 -6.557
290.059 -6.592
290.359 -6.586
290.770 -6.527
290.782 -6.508
290.929 -6.559
291.440 -6.543
291.457 -6.568
291.513 -6.525
291.537 -6.616
291.652 -6.536
291.657 -6.519
291.658 -6.607
292.026 -6.598
292.110 -6.541
292.390 -6.589
292.401 -6.594
292.461 -6.530
292.538 -6.548
292.726 -6.570
292.828 -6.521
293.079 -6.556
293.284 -6.587
293.571 -6.545
294.240 -6.519
294.688 -6.498
294.703 -6.550
294.766 -6.632
294.771 -6.543
294.929 -6.482
294.993 -6.574
295.027 -6.569
295.074 -6.469
295.364 -6.522
295.493 -6.589
295.560 -6.594
295.724 -6.503
295.968 -6.534
296.292 -6.583
296.397 -6.582
296.571 -6.538
297.025 -6.581
297.177 -6.483
297.223 -6.478
297.300 -6.492
297.760 -6.570
297.779 -6.604
298.199 -6.505
298.535 -6.602
299.067 -6.475
299.107 -6.536
299.822 -6.562
300.432 -6.492
300.473 -6.468
300.594 -6.519
300.749 -6.535
300.813 -6.565
300.858 -6.579
302.162 -6.508
302.400 -6.519
302.409 -6.476
302.522 -6.543
302.541 -6.555
302.857 -6.550
303.452 -6.587
303.592 -6.489
303.889 -6.579
303.906 -6.540
304.247 -6.518
304.250 -6.500
304.380 -6.498
304.428 -6.432
304.744 -6.539
304.892 -6.494
305.051 -6.483
305.052 -6.498
305.390 -6.551
305.544 -6.527
305.689 -6.515
305.790 -6.473
305.953 -6.455
306.176 -6.493
306.378 -6.550
306.860 -6.509
306.982 -6.418
307.005 -6.451
307.117 -6.514
307.677 -6.499
307.855 -6.515
308.322 -6.534
308.573 -6.457
308.638 -6.477
308.676 -6.469
309.233 -6.455
309.374 -6.510
309.468 -6.476
309.472 -6.452
309.790 -6.481
310.341 -6.457
310.886 -6.535
310.989 -6.459
311.004 -6.556
311.409 -6.522
311.413 -6.527
311.889 -6.543
312.289 -6.524
312.316 -6.501
312.334 -6.450
312.357 -6.527
312.631 -6.546
312.664 -6.538
313.096 -6.481
313.108 -6.552
313.303 -6.485
313.877 -6.480
314.087 -6.481
314.488 -6.507
314.943 -6.498
315.021 -6.515
315.057 -6.578
315.372 -6.541
315.389 -6.511
315.396 -6.435
315.480 -6.443
315.748 -6.453
315.921 -6.456
316.701 -6.473
316.799 -6.430
317.055 -6.538
318.153 -6.455
318.244 -6.458
318.431 -6.507
318.570 -6.500
319.133 -6.429
319.782 -6.464
319.899 -6.482
319.953 -6.479
320.068 -6.481
320.376 -6.522
320.890 -6.456
321.053 -6.458
321.243 -6.456
321.590 -6.473
321.656 -6.424
321.672 -6.403
321.885 -6.508
321.989 -6.475
322.620 -6.462
323.284 -6.510
324.229 -6.427
324.445 -6.408
325.188 -6.432
326.033 -6.451
326.112 -6.433
326.170 -6.520
326.403 -6.498
326.691 -6.427
327.140 -6.395
327.235 -6.403
327.266 -6.441
327.317 -6.404
327.467 -6.392
327.489 -6.423
328.176 -6.489
328.645 -6.397
328.849 -6.501
329.521 -6.499
329.566 -6.420
329.876 -6.478
330.238 -6.408
330.343 -6.427
330.430 -6.499
330.433 -6.434
332.371 -6.416
332.584 -6.475
332.988 -6.415
333.179 -6.526
333.404 -6.535
336.195 -6.463
336.664 -6.470
336.771 -6.459
337.584 -6.478
337.616 -6.366
337.796 -6.428
337.920 -6.431
339.448 -6.430
340.061 -6.423
340.821 -6.452
341.187 -6.396
341.204 -6.448
341.738 -6.349
342.448 -6.395
344.155 -6.488
344.406 -6.343
344.905 -6.338
345.254 -6.497
345.674 -6.419
346.039 -6.382
347.402 -6.457
348.057 -6.368
348.147 -6.394
349.028 -6.451
349.327 -6.452
349.651 -6.408
350.235 -6.413
351.642 -6.469
352.364 -6.454
352.649 -6.463
354.183 -6.470
354.503 -6.402
355.608 -6.425
356.873 -6.461
357.475 -6.352
358.386 -6.474
359.240 -6.428
361.075 -6.486
361.262 -6.358
361.365 -6.430
361.378 -6.378
362.734 -6.418
363.729 -6.369
364.104 -6.421
365.630 -6.417
366.508 -6.383
367.572 -6.422
368.113 -6.355
369.377 -6.438
370.059 -6.405
370.738 -6.364
370.846 -6.437
371.018 -6.353
371.031 -6.387
371.464 -6.393
371.814 -6.415
374.757 -6.394
375.764 -6.381
376.547 -6.390
376.592 -6.445
376.630 -6.400
377.043 -6.404
378.928 -6.397
379.177 -6.391
380.348 -6.488
380.573 -6.480
383.404 -6.576
384.150 -6.500
386.373 -6.612
386.661 -6.610
391.177 -6.601
391.704 -6.736
392.103 -6.660
392.222 -6.742
392.439 -6.643
393.990 -6.692
395.366 -6.795
395.600 -6.791
396.482 -6.802
396.710 -6.820
396.727 -6.815
397.111 -6.836
398.402 -6.873
402.060 -6.829
402.268 -6.838
403.293 -6.816
406.601 -6.859
407.623 -6.864
408.027 -6.869
408.942 -6.820
410.676 -6.826
411.253 -6.836
415.362 -6.849
417.403 -6.821
418.771 -6.851
419.772 -6.803
420.869 -6.756
423.589 -6.840
427.577 -6.807
428.770 -6.794
429.114 -6.845
429.620 -6.778
429.899 -6.824
433.590 -6.797
434.079 -6.807
434.691 -6.805
439.932 -6.778
442.829 -6.766
446.075 -6.754
447.208 -6.777
456.359 -6.749
461.087 -6.736
461.101 -6.773
466.314 -6.679
467.062 -6.739
491.487 -6.700
496.058 -6.708
504.146 -6.697
506.994 -6.628
508.536 -6.650
509.271 -6.682
510.201 -6.666
516.698 -6.667
519.422 -6.626
548.212 -6.620
548.596 -6.661
552.145 -6.636
556.164 -6.602
563.984 -6.615
564.619 -6.594
622.431 -6.500
660.095 -6.469
688.325 -6.423
927.848 -6.243
1033.631 -6.185
