# Ep lEiso
5.009 120.622
23.063 120.368
30.958 120.281
32.271 120.447
32.784 120.345
33.826 120.159
34.297 120.247
34.712 120.349
35.339 120.222
35.356 120.222
35.671 120.240
36.217 120.142
36.418 120.067
36.834 119.876
37.139 119.805
37.258 119.908
37.776 119.843
37.858 119.877
38.056 119.886
38.109 119.814
38.250 119.848
38.274 119.834
38.354 119.908
38.463 119.864
38.554 119.852
38.691 119.823
38.697 119.831
38.784 119.846
38.856 119.855
38.911 119.767
39.420 119.798
39.444 119.794
39.484 119.880
39.635 119.925
39.771 119.884
39.785 119.795
39.950 119.930
40.036 119.904
40.045 119.817
40.178 119.923
40.237 119.850
40.284 119.863
40.369 119.817
40.384 119.812
40.407 119.859
40.465 119.838
40.602 119.794
40.810 119.926
40.823 119.893
40.832 119.833
40.846 119.890
40.872 119.798
40.938 119.860
40.964 119.859
41.043 119.914
41.054 119.855
41.089 119.847
41.311 119.948
41.358 119.922
41.512 119.815
41.513 119.819
41.596 119.840
41.661 119.847
41.770 119.878
41.776 119.814
41.855 119.832
41.892 119.928
42.011 120.019
42.023 119.955
42.064 119.927
42.126 119.855
42.127 119.854
42.142 119.929
42.169 119.881
42.217 119.833
42.249 119.899
42.268 119.978
42.350 119.937
42.411 119.914
42.413 119.921
42.452 119.876
42.465 119.988
42.482 119.882
42.520 119.916
42.565 119.909
42.585 119.903
42.603 119.891
42.701 119.937
42.714 119.898
42.731 119.900
42.749 119.909
42.793 119.968
42.796 119.952
42.800 119.985
42.852 119.984
42.866 119.928
42.903 119.831
42.984 119.987
43.012 119.898
43.013 119.922
43.041 119.874
43.043 119.862
43.046 119.836
43.051 119.905
43.061 119.959
43.076 119.971
43.080 119.910
43.115 119.940
43.152 119.931
43.163 119.841
43.182 119.869
43.184 119.840
43.205 119.914
43.232 119.895
43.235 119.922
43.252 119.932
43.272 120.002
43.451 119.875
43.454 120.009
43.477 119.942
43.506 119.879
43.514 119.933
43.520 119.927
43.548 119.814
43.562 119.955
43.571 119.963
43.646 119.822
43.653 119.881
43.670 119.967
43.697 119.897
43.710 119.897
43.743 119.863
43.757 119.910
43.783 119.795
43.787 119.902
43.840 119.903
43.847 120.017
43.899 119.918
43.902 119.877
43.933 120.005
43.955 119.966
43.961 120.006
43.966 119.952
44.016 119.953
44.022 119.972
44.030 119.889
44.089 119.853
44.096 119.927
44.182 119.917
44.186 119.837
44.186 120.049
44.269 119.942
44.286 119.821
44.314 119.894
44.345 119.870
44.392 119.930
44.405 119.890
44.409 120.018
44.453 119.923
44.466 119.771
44.474 119.818
44.495 119.910
44.497 119.896
44.514 119.831
44.524 119.952
44.564 119.935
44.593 119.960
44.678 119.960
44.687 119.978
44.703 119.974
44.714 119.950
44.736 119.925
44.737 119.906
44.787 119.873
44.801 120.056
44.807 119.872
44.824 120.005
44.826 120.080
44.842 119.979
44.850 119.836
44.868 119.954
44.903 120.041
44.910 119.841
44.920 119.917
44.921 119.969
44.975 119.922
45.014 119.978
45.030 120.061
45.035 120.041
45.063 119.914
45.073 119.962
45.084 119.945
45.084 119.937
45.098 119.831
45.140 119.807
45.163 120.074
45.186 119.990
45.199 119.908
45.207 119.909
45.213 119.898
45.218 119.862
45.226 120.014
45.270 119.825
45.283 120.005
45.308 119.832
45.314 119.949
45.317 119.824
45.330 119.946
45.346 119.914
45.356 119.853
45.374 120.024
45.380 120.106
45.390 119.973
45.438 119.934
45.469 119.856
45.477 119.909
45.478 119.860
45.486 120.080
45.502 120.066
45.509 119.982
45.546 120.000
45.663 119.889
45.666 119.989
45.672 119.898
45.673 119.953
45.706 119.970
45.720 120.093
45.729 119.936
45.729 119.899
45.738 119.979
45.788 119.946
45.791 119.878
45.799 119.995
45.864 119.884
45.894 119.929
45.915 119.999
45.974 119.965
46.014 120.027
46.018 119.813
46.054 119.942
46.059 119.925
46.087 119.938
46.091 120.010
46.107 119.910
46.112 119.866
46.112 119.944
46.141 119.956
46.162 119.957
46.219 119.870
46.220 119.800
46.244 119.805
46.263 119.918
46.265 119.844
46.310 120.056
46.310 119.958
46.310 119.987
46.320 119.882
46.324 120.009
46.341 119.921
46.355 119.967
46.360 119.943
46.362 119.802
46.374 119.949
46.430 119.892
46.507 120.043
46.507 119.903
46.520 119.908
46.564 119.931
46.573 120.051
46.578 120.068
46.583 119.952
46.602 119.812
46.621 119.896
46.623 119.917
46.626 120.045
46.630 120.090
46.660 119.782
46.675 120.044
46.694 119.876
46.698 119.910
46.699 120.064
46.704 119.909
46.712 119.851
46.726 119.946
46.742 119.880
46.751 120.036
46.765 119.808
46.770 119.992
46.814 119.876
46.814 119.954
46.834 119.920
46.834 119.794
46.878 120.022
46.930 120.005
46.945 120.119
46.971 119.829
47.013 119.920
47.027 120.103
47.090 119.890
47.117 119.880
47.122 119.883
47.124 119.850
47.142 119.984
47.160 120.093
47.164 119.851
47.182 119.872
47.188 119.819
47.220 119.860
47.221 119.914
47.223 119.848
47.245 119.934
47.257 119.842
47.263 119.793
47.274 119.936
47.288 119.905
47.304 119.879
47.315 119.847
47.336 119.921
47.337 120.068
47.339 119.992
47.416 119.816
47.432 119.828
47.489 120.135
47.491 119.880
47.514 119.860
47.525 119.959
47.562 119.975
47.571 120.038
47.581 119.958
47.587 119.847
47.587 120.024
47.588 119.943
47.596 119.805
47.603 119.971
47.607 119.880
47.620 120.085
47.664 120.056
47.705 120.012
47.716 119.933
47.742 119.982
47.760 119.968
47.791 119.859
47.791 120.028
47.810 119.823
47.822 119.924
47.841 119.963
47.858 119.844
47.858 119.975
47.866 119.906
47.885 119.871
47.892 119.915
47.894 120.023
47.900 119.918
47.921 119.882
47.934 119.892
47.945 120.044
47.986 119.955
47.995 120.056
48.043 119.898
48.045 120.069
48.076 120.001
48.080 119.912
48.087 120.036
48.088 120.160
48.090 119.903
48.101 120.022
48.123 119.843
48.212 119.908
48.218 119.855
48.218 119.910
48.259 119.919
48.308 119.874
48.317 119.821
48.331 120.173
48.335 120.137
48.347 119.817
48.353 120.121
48.357 119.882
48.358 119.850
48.404 119.831
48.459 120.100
48.476 120.013
48.493 119.814
48.519 119.840
48.532 119.941
48.535 120.137
48.579 120.111
48.610 119.823
48.632 119.828
48.653 119.959
48.667 119.836
48.670 120.085
48.673 119.828
48.688 119.787
48.706 120.076
48.723 119.955
48.735 119.946
48.742 119.769
48.749 119.987
48.753 119.925
48.753 120.155
48.779 119.950
48.783 119.801
48.788 120.105
48.796 119.862
48.825 119.992
48.830 119.902
48.833 119.792
48.854 119.927
48.864 120.039
48.874 119.801
48.897 120.142
48.907 120.030
48.922 119.838
49.004 120.035
49.012 120.071
49.028 119.973
49.037 119.849
49.040 120.061
49.043 119.766
49.050 120.072
49.068 119.874
49.106 119.901
49.119 119.874
49.122 120.032
49.122 119.852
49.125 119.858
49.130 119.918
49.140 120.034
49.142 119.970
49.143 120.058
49.143 119.905
49.156 119.987
49.162 119.884
49.198 120.053
49.213 120.118
49.216 119.985
49.221 119.979
49.225 119.856
49.242 119.908
49.246 120.033
49.256 120.123
49.257 120.126
49.259 119.854
49.302 119.829
49.305 119.929
49.344 119.806
49.345 119.909
49.347 120.172
49.363 119.980
49.364 119.853
49.387 119.794
49.395 120.049
49.396 119.846
49.400 119.876
49.418 119.870
49.435 119.885
49.441 120.022
49.447 119.932
49.458 120.125
49.480 119.990
49.505 119.879
49.510 120.099
49.516 119.909
49.527 120.005
49.539 120.067
49.556 119.846
49.588 119.899
49.607 119.808
49.613 119.793
49.625 120.163
49.627 120.056
49.652 119.905
49.654 119.870
49.674 119.903
49.684 119.858
49.703 119.875
49.730 119.842
49.747 120.049
49.759 119.880
49.777 119.849
49.777 119.953
49.779 120.004
49.783 119.942
49.806 119.813
49.809 119.862
49.882 119.909
49.883 120.104
49.888 120.022
49.913 120.152
49.941 119.851
49.944 119.944
49.948 120.242
49.953 120.132
49.955 119.953
49.972 119.948
49.982 119.851
49.994 119.893
49.998 119.769
50.002 119.884
50.006 119.893
50.007 120.047
50.008 120.078
50.010 119.989
50.016 119.985
50.022 120.077
50.063 119.881
50.073 119.889
50.075 119.984
50.111 119.773
50.114 119.882
50.123 119.876
50.134 119.964
50.140 119.932
50.201 119.963
50.204 119.837
50.208 119.977
50.231 119.928
50.239 120.058
50.267 119.777
50.298 119.904
50.299 119.620
50.312 119.973
50.339 119.582
50.357 119.685
50.364 119.745
50.382 119.845
50.395 119.739
50.402 119.670
50.405 119.771
50.412 119.851
50.444 119.790
50.448 119.796
50.457 119.797
50.467 119.955
50.470 119.675
50.477 119.629
50.487 119.732
50.510 119.796
50.514 119.825
50.516 119.738
50.516 119.716
50.517 119.806
50.521 119.961
50.522 119.686
50.541 119.733
50.553 119.787
50.556 119.858
50.578 119.912
50.610 119.846
50.613 119.758
50.620 119.655
50.630 119.869
50.640 119.808
50.642 119.767
50.680 119.889
50.690 119.789
50.712 119.802
50.714 119.769
50.716 119.894
50.717 119.737
50.719 119.763
50.721 119.664
50.730 119.764
50.751 119.878
50.753 119.698
50.755 119.630
50.758 119.729
50.779 119.701
50.785 119.750
50.829 119.788
50.841 119.642
50.855 119.660
50.862 119.767
50.871 119.783
50.890 119.830
50.899 119.677
50.907 119.836
50.947 119.755
50.983 119.826
50.996 119.786
51.059 119.699
51.071 119.778
51.078 119.830
51.091 119.765
51.098 119.621
51.106 119.763
51.121 119.750
51.136 119.752
51.141 119.757
51.158 119.812
51.169 119.848
51.176 119.917
51.178 119.829
51.181 119.645
51.192 119.671
51.208 119.841
51.208 119.924
51.217 119.724
51.219 119.748
51.231 119.962
51.244 119.744
51.264 119.879
51.327 119.764
51.334 119.925
51.365 119.945
51.368 119.712
51.374 119.775
51.382 119.805
51.427 119.734
51.430 119.753
51.439 119.741
51.447 119.641
51.448 119.716
51.498 119.774
51.499 119.718
51.506 119.940
51.532 119.664
51.533 119.924
51.547 119.741
51.569 119.734
51.581 119.816
51.598 119.559
51.616 119.816
51.630 119.563
51.638 119.777
51.678 119.841
51.682 119.756
51.697 119.798
51.703 119.794
51.703 119.923
51.724 119.640
51.745 119.761
51.750 119.767
51.776 119.701
51.777 119.867
51.803 119.764
51.820 119.774
51.829 119.775
51.838 119.793
51.877 119.832
51.884 119.838
51.886 119.831
51.912 119.737
51.924 119.833
51.935 119.773
51.949 119.873
51.954 119.728
51.971 119.754
51.973 119.806
52.005 119.738
52.006 119.746
52.011 119.671
52.022 119.696
52.032 119.658
52.046 119.769
52.051 119.881
52.052 119.782
52.059 119.796
52.070 119.850
52.072 119.667
52.135 119.961
52.136 119.914
52.136 119.805
52.137 119.725
52.141 119.646
52.146 119.644
52.156 119.748
52.161 119.838
52.161 119.903
52.163 119.757
52.165 119.795
52.181 119.900
52.221 119.892
52.241 119.809
52.256 119.748
52.257 119.814
52.268 119.595
52.315 119.789
52.320 119.711
52.321 119.819
52.323 119.646
52.342 119.706
52.343 119.590
52.361 119.786
52.391 119.841
52.392 119.729
52.394 119.766
52.400 119.678
52.421 119.694
52.451 119.845
52.452 119.767
52.463 119.761
52.500 119.803
52.501 119.738
52.505 119.850
52.507 119.759
52.515 119.821
52.515 119.715
52.515 119.638
52.542 119.661
52.548 119.809
52.569 119.800
52.570 119.671
52.575 119.808
52.580 119.790
52.595 119.734
52.603 119.860
52.622 119.769
52.638 119.838
52.660 119.798
52.711 119.866
52.746 119.849
52.747 119.784
52.752 119.796
52.752 119.804
52.764 119.741
52.769 119.722
52.772 119.735
52.775 119.997
52.797 119.859
52.807 119.682
52.812 119.670
52.825 119.793
52.844 119.828
52.869 119.822
52.877 119.700
52.889 119.814
52.920 119.694
52.931 119.950
52.934 119.873
52.939 119.828
52.971 119.710
52.972 119.620
53.000 119.815
53.023 119.615
53.062 119.944
53.065 119.781
53.118 119.702
53.162 119.780
53.165 119.940
53.174 119.806
53.186 119.761
53.191 119.680
53.194 119.643
53.290 119.810
53.307 119.779
53.308 119.892
53.316 119.715
53.318 119.683
53.341 119.691
53.385 119.586
53.395 119.842
53.417 119.602
53.418 119.704
53.443 119.755
53.444 119.804
53.453 119.806
53.457 119.977
53.480 119.694
53.490 119.810
53.500 119.839
53.500 119.802
53.522 119.800
53.532 119.727
53.541 119.759
53.547 119.867
53.558 119.784
53.572 119.816
53.585 119.668
53.619 119.775
53.628 120.011
53.630 119.783
53.637 119.760
53.677 119.800
53.689 119.758
53.722 119.710
53.740 119.910
53.745 119.857
53.747 119.877
53.786 119.826
53.796 119.771
53.803 119.859
53.803 119.922
53.826 119.846
53.864 119.909
53.903 119.706
53.910 119.774
53.911 119.652
53.940 119.739
53.940 119.727
53.973 119.685
54.002 119.734
54.004 119.796
54.005 119.929
54.006 119.726
54.026 119.677
54.028 119.698
54.058 119.847
54.059 119.662
54.073 119.836
54.113 119.850
54.128 119.847
54.156 119.778
54.185 119.798
54.190 119.753
54.192 119.779
54.211 119.680
54.212 119.759
54.212 119.961
54.217 119.939
54.235 119.909
54.247 119.899
54.299 119.845
54.306 119.958
54.323 119.669
54.397 119.876
54.403 119.867
54.415 119.828
54.425 119.751
54.462 119.800
54.506 119.835
54.514 119.785
54.517 119.793
54.525 119.784
54.546 119.771
54.580 119.842
54.591 119.836
54.604 119.840
54.627 119.789
54.632 119.736
54.633 119.979
54.647 119.803
54.654 119.778
54.696 119.807
54.741 119.666
54.804 119.885
54.819 119.936
54.869 119.861
54.925 119.796
54.931 119.845
54.934 119.603
54.949 119.803
54.966 119.861
54.995 119.945
55.001 119.923
55.003 119.817
55.006 119.918
55.016 119.950
55.017 119.867
55.061 119.686
55.091 119.931
55.104 119.825
55.147 119.815
55.150 119.864
55.170 119.868
55.193 119.894
55.199 119.845
55.205 119.778
55.205 119.827
55.329 119.863
55.342 119.801
55.368 119.863
55.380 119.600
55.395 119.581
55.573 119.869
55.602 119.732
55.609 119.755
55.661 119.715
55.663 119.954
55.675 119.821
55.683 119.816
55.780 119.814
55.822 119.828
55.869 119.767
55.891 119.880
55.892 119.775
55.925 119.974
55.968 119.879
56.071 119.824
56.086 119.981
56.117 119.990
56.138 119.663
56.163 119.823
56.185 119.897
56.268 119.741
56.308 119.923
56.313 119.869
56.366 119.748
56.384 119.960
56.404 119.836
56.440 119.824
56.525 119.705
56.569 119.779
56.586 119.714
56.679 119.695
56.698 119.838
56.765 119.786
56.849 119.707
56.884 119.883
56.937 119.676
56.986 119.771
57.092 119.640
57.102 119.916
57.108 119.761
57.109 119.874
57.187 119.784
57.245 119.888
57.266 119.773
57.354 119.778
57.405 119.852
57.466 119.763
57.497 119.912
57.570 119.722
57.610 119.795
57.649 119.885
57.655 119.855
57.665 119.910
57.666 119.832
57.691 119.817
57.711 119.767
57.880 119.808
57.938 119.835
57.993 119.814
57.995 119.683
57.997 119.793
58.020 119.804
58.124 119.913
58.138 119.743
58.202 119.770
58.215 119.799
58.370 119.709
58.411 119.926
58.534 119.770
58.550 119.789
58.798 120.030
58.827 119.734
58.849 119.934
58.856 119.744
58.868 119.990
58.953 119.948
59.029 119.768
59.042 119.789
59.091 119.806
59.103 119.917
59.104 119.834
59.125 119.846
59.196 119.726
59.398 119.813
59.409 119.912
59.463 119.783
59.638 119.847
59.692 119.830
59.714 119.816
59.762 119.929
59.854 119.774
59.884 119.884
60.101 119.837
60.209 119.896
60.281 119.820
60.334 119.837
60.392 120.036
60.536 119.797
60.747 119.891
60.810 119.787
60.828 119.799
60.855 119.953
60.869 119.846
61.048 119.895
61.073 119.868
61.104 119.872
61.372 119.919
61.520 119.842
61.686 119.958
61.744 119.896
62.212 119.808
62.454 119.953
62.455 119.848
62.721 120.104
62.750 119.922
63.946 119.945
64.173 119.796
64.574 119.905
64.715 120.115
64.792 120.040
64.828 119.934
64.875 119.979
65.178 119.954
65.309 120.076
66.694 119.998
66.712 119.864
66.883 119.935
67.077 120.030
67.453 119.966
67.483 119.936
70.265 120.126
72.465 120.107
73.668 120.175
91.006 120.200
108.691 120.212
