# Ep lEiso
1.003 -8.966
1.006 -9.003
1.024 -8.891
1.035 -8.904
1.041 -8.949
1.054 -8.996
1.062 -8.874
1.069 -8.944
1.080 -8.990
1.081 -8.988
1.088 -8.940
1.102 -8.962
1.107 -8.894
1.117 -8.926
1.127 -8.956
1.131 -9.003
1.149 -8.935
1.152 -8.897
1.159 -9.013
1.161 -8.968
1.166 -8.927
1.166 -8.944
1.170 -8.851
1.175 -8.926
1.179 -8.926
1.186 -8.968
1.186 -8.957
1.190 -8.939
1.194 -8.928
1.196 -8.955
1.221 -9.027
1.222 -9.035
1.224 -8.964
1.231 -8.984
1.240 -8.984
1.241 -9.043
1.252 -8.883
1.258 -8.882
1.258 -9.010
1.267 -8.937
1.271 -8.964
1.274 -8.948
1.280 -9.013
1.281 -9.020
1.282 -8.955
1.286 -8.984
1.295 -8.982
1.309 -8.871
1.310 -8.915
1.311 -8.995
1.312 -8.921
1.314 -9.043
1.320 -8.963
1.323 -8.966
1.330 -8.896
1.331 -8.973
1.334 -8.984
1.354 -8.863
1.358 -8.970
1.372 -8.948
1.372 -8.941
1.379 -9.006
1.385 -8.998
1.394 -8.964
1.395 -9.041
1.402 -9.021
1.407 -8.908
1.421 -8.808
1.422 -8.882
1.427 -8.916
1.434 -9.000
1.434 -9.002
1.436 -8.917
1.439 -8.972
1.445 -9.027
1.448 -8.954
1.451 -8.960
1.460 -8.962
1.467 -8.942
1.468 -8.935
1.472 -8.985
1.474 -8.958
1.476 -8.979
1.480 -8.944
1.486 -8.952
1.488 -8.959
1.490 -8.972
1.502 -8.927
1.503 -8.968
1.505 -8.966
1.507 -8.957
1.512 -8.898
1.513 -8.915
1.513 -8.880
1.524 -8.882
1.527 -8.939
1.535 -8.894
1.553 -8.958
1.559 -8.969
1.560 -8.945
1.566 -8.993
1.566 -9.005
1.567 -9.031
1.568 -8.963
1.570 -8.981
1.573 -8.896
1.574 -8.958
1.582 -8.981
1.590 -8.937
1.593 -9.025
1.597 -8.997
1.597 -9.025
1.602 -8.953
1.608 -8.972
1.608 -8.946
1.612 -8.936
1.617 -8.887
1.656 -8.990
1.657 -8.864
1.662 -8.927
1.668 -8.986
1.670 -8.935
1.671 -8.941
1.677 -9.046
1.680 -8.915
1.682 -8.908
1.699 -9.038
1.701 -8.984
1.706 -8.906
1.713 -8.971
1.717 -8.971
1.726 -9.003
1.729 -8.960
1.736 -9.066
1.737 -8.968
1.752 -8.969
1.754 -8.971
1.767 -8.957
1.768 -8.995
1.777 -8.880
1.782 -8.916
1.784 -8.925
1.785 -8.929
1.799 -8.930
1.801 -8.913
1.803 -8.987
1.818 -9.022
1.820 -8.956
1.843 -8.967
1.845 -8.934
1.845 -8.973
1.867 -8.947
1.871 -9.055
1.879 -8.991
1.887 -9.013
1.900 -8.961
1.905 -8.996
1.906 -8.966
1.920 -8.967
1.924 -9.101
1.926 -8.956
1.933 -8.979
1.934 -8.991
1.939 -9.048
1.942 -8.942
1.955 -8.956
1.964 -8.970
1.991 -8.935
1.994 -8.919
1.999 -8.922
2.002 -9.009
2.009 -8.965
2.010 -8.982
2.025 -9.011
2.030 -8.963
2.032 -9.011
2.037 -8.896
2.038 -8.964
2.043 -8.919
2.045 -9.042
2.051 -8.941
2.062 -8.999
2.064 -9.038
2.067 -8.972
2.068 -8.997
2.085 -8.968
2.097 -8.989
2.102 -8.937
2.104 -8.980
2.113 -8.974
2.117 -8.933
2.121 -8.948
2.121 -8.955
2.126 -9.045
2.141 -9.064
2.150 -8.971
2.158 -8.911
2.162 -8.979
2.165 -8.978
2.168 -8.988
2.169 -9.017
2.172 -8.891
2.192 -9.049
2.198 -8.959
2.211 -9.043
2.215 -8.947
2.216 -9.003
2.223 -8.951
2.230 -8.977
2.236 -9.027
2.245 -9.007
2.248 -9.004
2.253 -8.931
2.277 -8.964
2.293 -9.027
2.297 -8.985
2.297 -9.024
2.302 -8.975
2.310 -8.973
2.313 -8.929
2.332 -8.982
2.392 -9.006
2.394 -8.930
2.398 -8.999
2.398 -8.958
2.417 -8.946
2.424 -8.952
2.429 -8.973
2.430 -9.000
2.434 -8.941
2.463 -8.968
2.464 -9.017
2.469 -8.946
2.506 -9.015
2.522 -8.983
2.534 -8.934
2.567 -8.961
2.589 -8.918
2.592 -8.965
2.612 -8.979
2.615 -8.992
2.631 -8.984
2.633 -8.934
2.642 -9.004
2.645 -9.034
2.645 -8.980
2.661 -8.973
2.673 -8.973
2.707 -9.036
2.708 -9.083
2.723 -9.081
2.734 -9.005
2.735 -9.056
2.763 -9.028
2.763 -8.980
2.763 -8.961
2.769 -9.032
2.771 -8.947
2.782 -9.007
2.790 -8.977
2.793 -8.993
2.794 -9.012
2.801 -8.990
2.836 -9.031
2.882 -8.975
2.883 -9.028
2.890 -9.025
2.917 -9.011
2.923 -8.933
2.926 -8.989
2.929 -8.999
2.940 -9.037
2.952 -9.038
2.953 -9.024
2.955 -8.939
2.958 -8.910
2.977 -9.113
2.986 -8.943
3.001 -9.053
3.005 -9.031
3.006 -9.032
3.010 -9.032
3.017 -9.070
3.029 -9.009
3.043 -9.053
3.050 -8.953
3.063 -9.101
3.067 -8.982
3.105 -9.051
3.106 -9.010
3.122 -9.033
3.123 -9.070
3.161 -8.970
3.206 -8.984
3.219 -8.913
3.242 -9.099
3.278 -9.044
3.290 -8.928
3.348 -9.068
3.372 -9.044
3.377 -9.039
3.379 -8.987
3.394 -9.011
3.411 -8.977
3.414 -9.096
3.431 -8.973
3.437 -9.068
3.465 -8.995
3.467 -9.060
3.468 -9.102
3.488 -9.049
3.499 -8.944
3.505 -8.962
3.514 -9.049
3.527 -9.070
3.541 -9.008
3.552 -9.108
3.571 -9.003
3.572 -8.969
3.574 -9.017
3.645 -9.036
3.659 -9.023
3.713 -8.937
3.715 -9.100
3.737 -9.115
3.747 -9.036
3.781 -9.045
3.790 -9.005
3.800 -9.057
3.805 -9.130
3.806 -9.016
3.806 -9.068
3.814 -9.020
3.821 -9.051
3.824 -9.110
3.836 -8.979
3.878 -9.001
3.917 -9.032
3.926 -9.084
3.952 -9.054
3.975 -9.063
4.013 -9.035
4.014 -9.024
4.037 -9.007
4.053 -9.092
4.076 -9.066
4.097 -9.098
4.098 -9.059
4.107 -9.104
4.131 -9.040
4.140 -9.098
4.142 -9.027
4.149 -9.096
4.176 -9.120
4.192 -9.114
4.206 -9.012
4.258 -9.071
4.269 -9.005
4.330 -9.109
4.333 -8.996
4.372 -9.041
4.377 -9.100
4.386 -9.018
4.387 -8.935
4.391 -9.106
4.404 -9.027
4.432 -9.108
4.546 -9.103
4.553 -9.139
4.553 -9.036
4.605 -9.044
4.669 -9.126
4.681 -8.978
4.700 -8.926
4.704 -8.950
4.719 -9.096
4.728 -9.107
4.733 -9.120
4.734 -9.063
4.793 -9.084
4.865 -8.975
4.887 -9.033
4.909 -9.160
4.944 -9.024
4.961 -9.081
4.965 -9.108
5.022 -9.044
5.069 -9.043
5.104 -9.055
5.139 -9.074
5.163 -9.157
5.167 -8.991
5.173 -9.163
5.197 -9.089
5.226 -8.999
5.256 -9.082
5.275 -9.089
5.286 -9.050
5.298 -9.062
5.305 -9.104
5.305 -9.114
5.347 -9.089
5.354 -9.097
5.363 -9.109
5.375 -9.065
5.423 -9.064
5.432 -9.125
5.437 -9.200
5.472 -9.110
5.488 -9.035
5.505 -9.097
5.544 -9.128
5.560 -9.044
5.586 -9.175
5.722 -9.047
5.736 -9.022
5.761 -9.091
5.776 -9.103
5.781 -9.031
5.787 -9.101
5.798 -9.023
5.829 -9.098
5.893 -9.152
5.913 -9.174
5.918 -9.059
5.919 -9.191
5.924 -9.187
5.932 -9.144
5.949 -9.060
5.953 -9.107
5.953 -9.042
5.954 -9.156
5.975 -9.097
5.986 -9.175
6.045 -9.051
6.071 -9.101
6.076 -9.103
6.085 -9.108
6.091 -9.202
6.120 -9.163
6.125 -9.069
6.143 -9.057
6.145 -9.000
6.149 -9.189
6.221 -9.201
6.225 -9.151
6.303 -9.098
6.306 -9.167
6.310 -9.127
6.343 -9.116
6.345 -9.211
6.392 -9.051
6.408 -9.065
6.411 -9.217
6.419 -9.158
6.456 -9.102
6.491 -9.189
6.503 -9.088
6.515 -9.155
6.537 -9.012
6.583 -9.113
6.633 -9.141
6.645 -9.034
6.656 -9.090
6.679 -9.105
6.704 -9.060
6.738 -9.057
6.803 -9.182
6.843 -9.185
6.856 -9.162
6.880 -9.010
6.883 -9.085
6.937 -9.157
6.943 -9.026
6.987 -9.088
7.010 -9.081
7.055 -9.206
7.119 -9.134
7.160 -9.080
7.186 -9.090
7.230 -9.123
7.230 -9.154
7.235 -9.115
7.243 -9.162
7.298 -9.264
7.304 -9.189
7.475 -9.193
7.477 -9.040
7.488 -9.104
7.558 -9.058
7.635 -9.244
7.642 -9.169
7.654 -8.930
7.667 -9.019
7.672 -9.072
7.720 -9.168
7.748 -9.248
7.782 -9.214
7.792 -9.162
7.804 -9.222
7.815 -9.215
7.819 -9.090
7.822 -9.065
7.827 -9.137
7.842 -9.140
7.859 -9.066
7.972 -9.228
8.001 -9.222
8.007 -9.145
8.106 -9.090
8.115 -9.230
8.141 -9.236
8.172 -9.164
8.187 -9.191
8.357 -9.138
8.364 -9.176
8.375 -9.117
8.439 -9.126
8.462 -9.210
8.539 -9.208
8.623 -9.041
8.628 -9.226
8.664 -9.229
8.736 -9.214
8.787 -9.189
8.806 -9.197
8.861 -9.099
8.903 -9.207
8.924 -9.276
8.933 -9.176
8.957 -9.096
9.058 -9.161
9.073 -9.155
9.100 -9.156
9.131 -8.996
9.142 -9.281
9.163 -9.108
9.197 -9.106
9.268 -9.163
9.280 -9.134
9.286 -9.223
9.289 -9.245
9.289 -9.154
9.303 -8.995
9.308 -9.277
9.367 -9.232
9.404 -9.177
9.416 -9.105
9.485 -9.050
9.585 -9.123
9.595 -9.214
9.616 -9.216
9.650 -9.101
9.680 -9.166
9.686 -9.209
9.805 -9.085
9.838 -9.191
9.907 -9.179
9.912 -9.163
9.921 -9.083
9.924 -9.186
9.929 -9.222
9.937 -9.326
9.963 -9.221
10.029 -9.104
10.036 -9.293
10.042 -9.224
10.054 -9.261
10.118 -9.293
10.138 -9.242
10.288 -9.206
10.330 -9.188
10.380 -9.344
10.404 -9.230
10.436 -9.214
10.505 -9.164
10.533 -9.197
10.563 -9.159
10.703 -9.155
10.831 -9.174
10.876 -9.184
11.095 -9.319
11.138 -9.233
11.163 -9.175
11.208 -9.248
11.231 -9.214
11.261 -9.251
11.312 -9.267
11.364 -9.265
11.382 -9.144
11.443 -9.200
11.479 -9.159
11.503 -9.082
11.512 -9.121
11.521 -9.390
11.565 -9.242
11.624 -9.167
11.624 -9.073
11.660 -9.301
11.665 -9.274
11.712 -9.028
11.761 -9.161
11.834 -9.122
12.075 -9.256
12.102 -9.281
12.217 -9.040
12.230 -9.317
12.253 -9.242
12.282 -9.207
12.453 -9.292
12.463 -9.269
12.496 -9.284
12.527 -9.406
12.530 -9.314
12.717 -9.245
12.721 -9.315
12.745 -9.366
12.844 -9.185
12.844 -9.289
12.903 -9.290
12.988 -9.303
13.036 -9.199
13.103 -9.262
13.174 -9.204
13.230 -9.346
13.260 -9.257
13.421 -9.179
13.436 -9.291
13.495 -9.237
13.517 -9.243
13.518 -9.073
13.602 -9.192
13.685 -9.293
13.703 -9.285
13.806 -9.378
13.810 -9.154
13.912 -9.295
13.975 -9.283
14.013 -9.283
14.044 -9.258
14.199 -9.208
14.225 -9.201
14.232 -9.211
14.339 -9.343
14.385 -9.211
14.429 -9.294
14.484 -9.157
14.507 -9.359
14.575 -9.324
14.582 -9.252
14.708 -9.350
14.715 -9.338
14.733 -9.276
14.777 -9.410
14.819 -9.354
14.875 -9.310
14.892 -9.152
14.899 -9.292
14.925 -9.273
14.969 -9.197
14.976 -9.456
15.231 -9.043
15.232 -9.111
15.235 -9.266
15.238 -9.380
15.253 -9.493
15.274 -9.403
15.310 -9.348
15.331 -9.221
15.332 -9.128
15.336 -9.263
15.346 -9.281
15.410 -9.132
15.567 -9.144
15.643 -9.203
15.700 -9.350
15.704 -9.254
15.750 -9.573
15.931 -9.291
15.951 -9.406
15.956 -9.247
15.962 -9.500
16.037 -9.413
16.041 -9.584
16.113 -9.295
16.229 -9.213
16.233 -9.379
16.242 -9.325
16.264 -9.267
16.349 -9.433
16.465 -9.207
16.468 -9.324
16.510 -9.333
16.656 -9.276
16.661 -9.375
16.677 -9.206
16.684 -9.345
16.716 -9.252
16.718 -9.413
16.718 -9.477
16.823 -9.362
16.847 -9.277
16.927 -9.254
16.930 -9.491
16.947 -9.241
16.969 -9.311
17.023 -9.400
17.052 -9.207
17.123 -9.351
17.182 -9.246
17.264 -9.312
17.455 -9.216
17.583 -9.247
17.587 -9.349
17.605 -9.330
17.606 -9.317
17.651 -9.416
17.670 -9.446
17.679 -9.425
17.693 -9.427
17.776 -9.232
17.812 -9.277
17.831 -9.380
17.878 -9.334
17.948 -9.279
18.040 -9.289
18.070 -9.481
18.117 -9.301
18.232 -9.491
18.271 -9.493
18.282 -9.208
18.302 -9.279
18.418 -9.467
18.423 -9.397
18.530 -9.300
18.615 -9.622
18.749 -9.225
18.759 -9.360
18.940 -9.497
19.094 -9.374
19.104 -9.108
19.135 -9.333
19.174 -9.409
19.190 -9.545
19.202 -9.237
19.531 -9.339
19.591 -9.394
19.593 -9.200
19.622 -9.504
19.627 -9.560
19.706 -9.548
19.857 -9.424
19.892 -9.288
19.967 -9.522
19.971 -9.276
20.058 -9.442
20.058 -9.356
20.091 -9.353
20.103 -9.384
20.183 -9.415
20.219 -9.346
20.253 -9.297
20.253 -9.362
20.327 -9.367
20.361 -9.497
20.393 -9.442
20.415 -9.251
20.451 -9.401
20.500 -9.349
20.544 -9.314
20.650 -9.431
20.677 -9.177
20.682 -9.420
20.707 -9.461
20.830 -9.398
20.869 -9.475
20.971 -9.354
21.026 -9.218
21.041 -9.311
21.049 -9.277
21.171 -9.282
21.203 -9.469
21.224 -9.315
21.224 -9.204
21.295 -9.337
21.417 -9.225
21.537 -9.586
21.560 -9.465
21.563 -9.513
21.653 -9.528
21.654 -9.548
21.759 -9.624
21.847 -9.322
21.854 -9.426
21.858 -9.188
21.863 -9.552
21.924 -9.398
21.931 -9.602
22.028 -9.333
22.030 -9.669
22.074 -9.354
22.202 -9.328
22.249 -9.333
22.338 -9.459
22.430 -9.422
22.444 -9.505
22.451 -9.458
22.510 -9.639
22.513 -9.493
22.515 -9.122
22.531 -9.342
22.581 -9.217
22.614 -9.235
22.761 -9.335
22.780 -9.365
22.828 -9.382
23.036 -9.276
23.053 -9.294
23.089 -9.370
23.115 -9.516
23.222 -9.437
23.346 -9.383
23.368 -9.479
23.379 -9.465
23.401 -9.484
23.459 -9.515
23.557 -9.390
23.589 -9.402
23.625 -9.394
23.692 -9.489
23.705 -9.589
23.708 -9.133
23.749 -9.463
23.769 -9.510
23.890 -9.456
24.018 -9.424
24.201 -9.306
24.243 -9.206
24.387 -9.350
24.551 -9.477
24.567 -9.380
24.578 -9.439
24.619 -9.462
24.665 -9.350
24.736 -9.184
24.750 -9.226
24.755 -9.438
24.763 -9.237
24.787 -9.297
24.791 -9.339
24.900 -9.707
24.974 -9.211
25.007 -9.428
25.114 -9.450
25.121 -9.349
25.171 -9.341
25.229 -9.287
25.245 -9.390
25.259 -9.531
25.260 -9.428
25.571 -9.356
25.605 -9.492
25.670 -9.357
25.701 -9.587
25.738 -9.591
26.192 -9.376
26.269 -9.698
26.287 -9.643
26.420 -9.743
26.426 -9.182
26.455 -9.495
26.476 -9.507
26.729 -9.521
26.830 -9.550
26.931 -9.725
26.978 -9.457
26.980 -9.260
27.049 -9.262
27.142 -9.482
27.350 -9.605
27.379 -9.211
27.436 -9.134
27.476 -9.656
27.525 -9.615
27.567 -9.387
27.724 -9.296
27.800 -9.304
27.811 -9.476
27.914 -9.867
27.948 -9.632
27.986 -9.586
28.055 -9.631
28.220 -9.788
28.306 -9.788
28.340 -9.636
28.522 -9.338
28.561 -9.604
28.693 -9.776
28.839 -9.789
28.893 -9.347
28.975 -9.436
29.051 -9.791
29.218 -9.685
29.235 -9.756
29.244 -9.794
29.245 -9.518
29.369 -9.764
29.461 -9.484
29.495 -9.796
29.637 -9.784
29.718 -9.587
29.818 -9.717
29.870 -9.488
29.989 -9.656
30.054 -9.536
30.118 -9.786
30.128 -9.761
30.145 -9.612
30.146 -9.822
30.189 -9.736
30.223 -9.536
30.509 -9.597
30.608 -9.799
30.687 -9.375
30.691 -9.730
30.693 -9.784
30.722 -9.338
30.855 -9.598
30.873 -9.524
30.955 -9.706
30.971 -9.714
31.172 -9.526
31.227 -9.572
31.391 -9.799
31.412 -9.770
31.746 -9.282
31.787 -9.698
31.818 -9.542
31.827 -9.830
31.844 -9.391
31.966 -9.507
32.074 -9.571
32.093 -9.936
32.162 -9.421
32.180 -9.593
32.181 -9.817
32.211 -9.784
32.313 -9.553
32.570 -9.554
32.582 -9.617
32.639 -9.489
32.824 -9.725
32.881 -9.850
32.904 -9.887
32.955 -9.584
33.052 -9.641
33.084 -9.713
33.313 -9.849
33.439 -9.693
33.524 -9.894
33.587 -9.617
33.656 -9.357
33.827 -9.944
34.077 -9.730
34.152 -9.954
34.173 -9.928
34.205 -9.608
34.223 -9.828
34.377 -9.732
34.399 -9.785
34.427 -9.779
34.665 -9.691
34.796 -9.705
34.944 -9.626
34.995 -9.743
35.410 -9.906
35.651 -9.663
35.652 -9.849
35.954 -9.429
35.987 -9.755
36.790 -9.690
36.942 -9.906
37.323 -9.903
37.457 -9.551
37.530 -9.680
37.565 -9.692
37.609 -9.784
37.813 -9.688
37.880 -9.640
38.594 -9.813
38.604 -9.668
38.742 -9.916
38.910 -9.775
39.236 -9.883
39.263 -9.786
40.539 -9.678
41.630 -9.731
42.157 -9.646
46.505 -9.751
49.005 -9.881
