# Ep lEiso
43.752 123.779
47.345 123.730
55.281 123.767
57.850 123.863
58.699 123.694
60.632 123.340
61.525 123.504
62.129 123.550
63.058 123.341
63.095 123.345
63.750 123.423
64.717 123.397
65.023 123.507
65.654 123.462
66.268 123.329
66.521 123.550
67.498 123.464
67.627 123.526
67.939 123.343
68.021 123.418
68.244 123.486
68.281 123.457
68.425 123.609
68.662 123.490
68.861 123.492
69.160 123.428
69.172 123.446
69.361 123.476
69.520 123.496
69.639 123.296
70.557 123.343
70.599 123.331
70.670 123.388
70.942 123.419
71.269 123.422
71.303 123.325
71.702 123.665
71.908 123.599
71.931 123.385
72.233 123.641
72.351 123.463
72.446 123.396
72.615 123.382
72.646 123.371
72.692 123.480
72.808 123.431
73.081 123.367
73.506 123.619
73.540 123.546
73.566 123.412
73.603 123.536
73.675 123.332
73.851 123.465
73.923 123.461
74.137 123.577
74.167 123.449
74.261 123.430
74.816 123.634
74.934 123.454
75.316 123.344
75.317 123.352
75.525 123.392
75.686 123.404
75.956 123.464
75.972 123.330
76.172 123.364
76.287 123.562
76.648 123.739
76.683 123.612
76.810 123.555
76.998 123.413
76.999 123.411
77.045 123.556
77.127 123.464
77.272 123.372
77.369 123.498
77.427 123.645
77.677 123.489
77.860 123.524
77.868 123.536
77.983 123.455
78.020 123.655
78.069 123.466
78.177 123.525
78.307 123.512
78.364 123.501
78.416 123.479
78.699 123.557
78.734 123.490
78.785 123.493
78.837 123.508
78.961 123.607
78.971 123.580
78.986 123.637
79.178 123.636
79.227 123.541
79.362 123.617
79.653 123.640
79.751 123.493
79.755 123.533
79.851 123.454
79.861 123.434
79.872 123.390
79.887 123.504
79.923 123.473
79.976 123.614
79.990 123.513
80.113 123.474
80.242 123.548
80.283 123.400
80.349 123.446
80.356 123.399
80.430 123.520
80.523 123.489
80.534 123.532
80.595 123.550
80.666 123.631
81.283 123.457
81.292 123.672
81.371 123.565
81.472 123.463
81.498 123.551
81.520 123.541
81.614 123.359
81.665 123.586
81.694 123.598
81.960 123.373
81.988 123.466
82.061 123.602
82.171 123.491
82.225 123.493
82.361 123.441
82.418 123.516
82.524 123.341
82.538 123.505
82.760 123.509
82.788 123.680
83.001 123.535
83.014 123.474
83.141 123.661
83.230 123.605
83.253 123.662
83.274 123.586
83.480 123.586
83.506 123.613
83.537 123.496
83.779 123.444
83.808 123.549
84.160 123.535
84.176 123.423
84.177 123.723
84.512 123.566
84.580 123.395
84.692 123.497
84.818 123.462
85.011 123.544
85.077 123.486
85.092 123.667
85.304 123.528
85.365 123.601
85.404 123.545
85.503 123.552
85.511 123.484
85.593 123.387
85.637 123.564
85.825 123.545
85.963 123.585
86.365 123.598
86.405 123.623
86.485 123.618
86.534 123.585
86.636 123.551
86.643 123.524
86.879 123.479
86.942 123.730
86.972 123.477
87.052 123.657
87.062 123.761
87.139 123.620
87.176 123.685
87.260 123.582
87.424 123.703
87.456 123.417
87.503 123.526
87.510 123.601
87.761 123.533
87.945 123.617
88.020 123.594
88.044 123.709
88.184 123.544
88.240 123.612
88.299 123.590
88.301 123.580
88.373 123.441
88.597 123.411
88.724 123.757
88.846 123.648
88.913 123.542
88.959 123.544
88.991 123.529
89.018 123.483
89.062 123.680
89.297 123.611
89.364 123.661
89.501 123.721
89.534 123.584
89.548 123.493
89.621 123.579
89.704 123.536
89.760 123.454
89.854 123.592
89.886 123.795
89.941 123.618
90.200 123.589
90.370 123.491
90.409 123.556
90.417 123.492
90.462 123.785
90.539 123.578
90.570 123.648
90.745 123.563
91.311 123.535
91.329 123.655
91.360 123.546
91.365 123.611
91.538 123.632
91.610 123.780
91.658 123.591
91.659 123.546
91.706 123.643
91.971 123.603
91.984 123.522
92.029 123.662
92.375 123.528
92.532 123.583
92.645 123.666
92.959 123.628
93.170 123.706
93.193 123.629
93.386 123.611
93.413 123.591
93.564 123.606
93.583 123.689
93.668 123.574
93.697 123.524
93.699 123.613
93.855 123.626
93.969 123.627
94.298 123.526
94.303 123.445
94.448 123.696
94.557 123.580
94.567 123.494
94.831 123.738
94.833 123.625
94.835 123.658
94.890 123.536
94.913 123.683
95.016 123.580
95.099 123.633
95.130 123.606
95.137 123.574
95.208 123.613
95.544 123.543
95.998 123.723
96.003 123.560
96.079 123.568
96.342 123.601
96.396 123.740
96.428 123.643
96.459 123.628
96.571 123.567
96.684 123.570
96.695 123.593
96.714 123.738
96.744 123.788
96.938 123.443
97.030 123.735
97.153 123.549
97.182 123.586
97.189 123.757
97.218 123.586
97.271 123.521
97.360 123.626
97.465 123.553
97.519 123.725
97.616 123.475
97.647 123.677
97.929 123.549
97.936 123.635
98.061 123.598
98.064 123.535
98.353 123.709
98.690 123.691
98.788 123.814
98.962 123.501
99.242 123.602
99.338 123.799
99.781 123.576
99.966 123.567
100.005 123.571
100.020 123.536
100.141 123.679
100.267 123.793
100.296 123.540
100.425 123.562
100.473 123.589
100.700 123.550
100.711 123.606
100.720 123.536
100.879 123.626
100.969 123.801
101.009 123.479
101.086 123.629
101.189 123.596
101.301 123.613
101.382 123.535
101.532 123.613
101.539 123.767
101.556 123.688
102.126 123.669
102.246 123.693
102.686 123.843
102.700 123.579
102.877 123.560
102.961 123.662
103.242 123.682
103.315 123.747
103.394 123.666
103.432 123.552
103.438 123.615
103.443 123.650
103.509 123.623
103.562 123.680
103.592 123.587
103.691 123.797
104.042 123.765
104.370 123.719
104.454 123.638
104.666 123.688
104.818 123.674
105.065 123.717
105.069 123.735
105.220 123.760
105.323 123.629
105.473 123.669
105.613 123.549
105.619 123.681
105.679 123.612
105.839 123.577
105.898 123.620
105.915 123.729
105.963 123.624
106.142 123.588
106.256 123.597
106.351 123.751
106.703 123.661
106.778 123.762
107.194 123.604
107.216 123.775
107.485 123.706
107.515 123.619
107.580 123.742
107.587 123.864
107.609 123.609
107.700 123.728
107.892 123.607
108.692 123.619
108.743 123.568
108.747 123.717
109.123 123.634
109.583 123.596
109.667 123.805
109.803 123.879
109.832 123.846
109.944 123.642
110.003 123.832
110.041 123.609
110.048 123.593
110.476 123.664
110.998 123.816
111.150 123.738
111.323 123.569
111.588 123.750
111.718 123.674
111.749 123.849
112.191 123.723
112.501 123.727
112.718 123.713
112.930 123.690
113.078 123.582
113.103 123.802
113.139 123.574
113.289 123.674
113.467 123.794
113.648 123.687
113.764 123.679
113.835 123.730
113.909 123.716
113.949 123.660
113.950 123.863
114.208 123.683
114.250 123.673
114.305 123.819
114.381 123.716
114.675 123.720
114.734 123.641
114.766 123.545
115.003 123.667
115.107 123.766
115.222 123.689
115.478 123.861
115.582 123.764
115.753 123.599
116.658 123.781
116.748 123.814
116.914 123.731
117.014 123.718
117.049 123.809
117.087 123.722
117.161 123.820
117.365 123.648
117.788 123.673
117.926 123.648
117.955 123.790
117.963 123.629
117.998 123.634
118.052 123.688
118.163 123.793
118.185 123.736
118.189 123.815
118.191 123.677
118.333 123.751
118.407 123.657
118.807 123.707
118.995 123.874
119.031 123.753
119.091 123.747
119.140 123.635
119.346 123.683
119.387 123.796
119.513 123.877
119.529 123.879
119.556 123.654
120.078 123.642
120.105 123.703
120.580 123.749
120.597 123.686
120.619 123.916
120.818 123.748
120.826 123.637
121.106 123.747
121.205 123.808
121.222 123.633
121.269 123.700
121.488 123.654
121.696 123.667
121.765 123.783
121.840 123.707
121.970 123.869
122.241 123.756
122.542 123.727
122.611 123.845
122.676 123.690
122.815 123.767
122.961 123.817
123.167 123.820
123.552 123.685
123.807 123.684
123.895 123.603
124.054 123.873
124.077 123.793
124.433 123.718
124.469 123.669
124.759 123.793
124.913 123.801
125.212 123.671
125.635 123.749
125.900 123.807
126.075 123.797
126.365 123.764
126.365 123.733
126.396 123.773
126.447 123.724
126.813 123.623
126.850 123.699
127.983 123.701
127.994 123.855
128.070 123.791
128.468 123.895
128.899 123.657
128.933 123.731
129.004 123.966
129.075 123.879
129.103 123.827
129.371 123.735
129.543 123.660
129.758 123.695
129.819 123.746
129.895 123.689
129.963 123.696
129.988 123.817
130.005 123.841
130.034 123.772
130.131 123.770
130.239 123.842
130.947 123.695
131.124 123.703
131.161 123.776
131.784 123.833
131.842 123.703
132.003 123.699
132.196 123.769
132.292 123.745
133.351 123.803
133.396 123.770
133.464 123.824
133.870 123.820
134.009 123.936
134.493 123.752
135.022 123.905
135.049 123.742
135.273 123.966
135.729 123.759
136.048 123.727
136.164 123.779
136.493 123.866
136.758 123.775
136.884 123.716
136.942 123.802
137.091 123.872
137.715 123.819
137.803 123.824
137.974 123.825
138.163 123.961
138.229 123.720
138.360 123.680
138.569 123.769
139.012 123.824
139.082 123.849
139.123 123.775
139.140 123.756
139.142 123.833
139.224 123.966
139.255 123.730
139.620 123.770
139.851 123.817
139.923 123.877
140.348 123.923
140.970 123.866
141.032 123.792
141.162 123.791
141.372 123.885
141.557 123.834
141.592 123.799
142.327 123.902
142.530 123.818
142.955 123.829
142.990 123.842
143.042 123.906
143.060 123.775
143.092 123.796
143.142 123.713
143.303 123.797
143.711 123.892
143.756 123.742
143.790 123.797
143.862 123.768
144.259 123.745
144.385 123.786
145.300 123.818
145.566 123.833
145.886 123.715
146.037 123.803
146.241 123.816
146.676 123.856
146.859 123.731
147.048 123.862
147.938 123.798
148.749 123.857
149.035 123.851
150.429 123.760
150.701 123.823
150.857 123.864
151.142 123.814
151.289 123.839
151.481 123.813
151.803 123.804
152.140 123.806
152.250 123.811
152.637 123.854
152.866 123.883
153.021 123.937
153.076 123.869
153.133 123.725
153.385 123.746
153.726 123.879
153.727 123.944
153.933 123.789
153.963 123.807
154.235 123.974
154.515 123.885
154.937 123.911
156.549 123.826
156.732 123.810
157.515 123.964
157.610 123.789
157.763 123.837
157.960 123.859
159.130 123.809
159.194 123.823
159.421 123.814
159.633 123.741
159.655 123.901
160.931 123.842
160.960 123.800
161.121 123.964
161.795 123.879
161.798 123.953
162.167 123.818
162.711 123.929
163.014 123.874
163.438 123.840
163.888 123.875
164.242 123.795
164.437 123.847
165.454 123.894
165.551 123.832
165.922 123.863
166.064 123.860
166.072 123.955
166.601 123.891
167.128 123.837
167.244 123.841
167.924 123.793
167.955 123.916
168.736 123.842
169.221 123.852
169.506 123.853
169.748 123.867
170.908 123.899
171.097 123.904
171.149 123.899
171.934 123.833
172.270 123.904
172.591 123.861
172.998 123.936
173.164 123.830
173.664 123.851
173.713 123.889
174.635 123.843
174.686 123.943
174.818 123.881
175.140 123.814
175.451 123.844
175.859 123.869
175.984 123.951
176.036 123.879
176.221 123.889
176.545 123.930
176.596 123.797
178.466 124.016
178.470 123.981
178.493 123.903
178.515 123.846
178.625 123.789
178.774 123.836
179.041 123.880
179.196 123.929
179.204 123.976
179.235 123.908
179.304 123.899
179.761 123.975
180.883 123.972
181.430 123.944
181.839 123.873
181.866 123.920
182.192 123.766
183.491 123.907
183.649 123.852
183.688 123.929
183.744 123.866
184.399 123.851
184.441 123.770
185.074 123.908
186.092 123.949
186.123 123.871
186.207 123.897
186.397 123.924
187.143 123.947
188.167 123.955
188.196 123.901
188.564 123.898
189.835 123.929
189.876 123.885
190.018 123.962
190.077 123.900
190.362 123.943
190.375 123.972
190.378 123.841
191.296 123.897
191.502 123.936
192.201 123.949
192.228 123.845
192.378 123.956
192.569 123.926
193.038 123.889
193.293 123.974
193.915 123.914
194.428 123.961
195.141 123.936
196.807 123.983
197.923 123.974
197.961 123.931
198.118 123.940
198.129 123.945
198.524 123.905
198.683 123.893
198.767 123.902
198.885 124.071
199.607 123.983
199.929 123.965
200.095 123.923
200.502 123.942
201.111 123.966
201.916 123.963
202.178 123.886
202.592 123.959
203.624 123.885
204.045 124.047
204.172 123.999
204.383 123.971
205.658 123.909
205.710 123.927
206.874 123.966
207.803 123.844
209.276 123.999
209.386 123.949
211.364 123.902
213.053 123.952
213.167 124.050
213.501 123.968
213.929 123.942
214.108 123.893
214.233 123.870
217.840 123.976
218.499 123.958
218.525 124.026
218.838 123.920
218.889 123.901
219.764 123.906
221.410 123.952
221.798 123.999
222.621 123.921
222.667 124.004
223.611 123.949
223.621 123.978
223.978 123.980
224.113 124.081
224.988 123.961
225.375 123.984
225.756 124.001
225.758 123.979
226.567 123.979
226.936 123.992
227.286 123.955
227.528 124.019
227.917 124.047
228.453 123.990
228.938 124.003
230.410 123.969
230.784 124.106
230.853 123.974
231.194 123.961
232.905 123.987
233.449 123.963
234.876 124.006
235.643 124.052
235.841 124.022
235.956 124.034
237.656 124.036
238.089 123.976
238.376 124.026
238.387 124.061
239.360 124.020
241.040 124.056
242.705 123.946
243.020 123.984
243.067 123.969
244.303 123.966
244.316 123.960
245.768 123.939
246.989 124.032
247.073 124.001
247.129 124.072
247.198 123.963
248.035 124.010
248.135 123.949
249.456 124.031
249.493 123.932
250.087 124.025
251.839 124.035
252.482 124.034
253.705 123.999
254.956 124.011
255.156 123.987
255.248 124.001
256.056 123.951
256.097 123.992
256.117 124.097
256.331 124.085
257.018 124.070
257.462 124.066
259.461 124.040
259.711 124.032
260.367 124.028
263.540 124.059
263.842 124.055
264.464 124.036
264.925 123.999
266.795 124.025
268.952 124.045
269.340 124.021
269.521 124.025
269.903 124.021
270.925 124.016
272.635 124.053
273.176 124.050
273.809 124.053
274.960 124.030
275.180 124.004
275.232 124.121
275.943 124.038
276.289 124.026
278.384 124.042
280.591 124.053
283.733 124.085
284.449 124.109
286.918 124.077
289.727 124.050
289.991 124.073
290.182 124.059
290.882 124.055
291.654 124.081
292.862 124.121
293.115 124.111
293.199 124.063
293.337 124.109
293.740 124.095
293.797 124.086
295.643 124.005
296.903 124.117
297.451 124.070
299.254 124.067
299.376 124.089
300.208 124.092
301.182 124.104
301.463 124.082
301.696 124.052
301.705 124.074
307.350 124.094
308.128 124.066
309.602 124.095
310.298 124.048
311.122 124.048
321.309 124.103
323.020 124.041
323.412 124.052
326.379 124.035
326.497 124.144
327.151 124.084
327.607 124.082
333.184 124.083
335.419 124.090
337.609 124.064
338.645 124.115
338.692 124.068
340.201 124.159
342.209 124.117
347.031 124.094
347.742 124.165
349.151 124.170
350.138 124.089
351.325 124.096
352.356 124.130
356.207 124.062
358.058 124.144
358.312 124.120
360.803 124.067
361.646 124.162
362.562 124.107
364.214 124.103
369.838 124.086
372.845 124.087
374.034 124.109
380.429 124.153
381.762 124.119
386.369 124.098
391.397 124.130
393.244 124.145
396.042 124.155
398.664 124.099
404.296 124.120
404.872 124.166
405.186 124.098
405.226 124.148
409.391 124.110
412.445 124.157
413.596 124.138
418.280 124.138
420.976 124.146
424.241 124.108
425.904 124.175
429.784 124.112
431.876 124.126
433.961 124.167
434.292 124.153
434.820 124.178
434.860 124.144
436.189 124.138
437.264 124.117
446.300 124.139
451.334 124.152
455.295 124.144
455.468 124.165
455.600 124.135
457.057 124.140
463.696 124.190
464.573 124.203
468.699 124.128
469.490 124.141
479.467 124.208
482.092 124.201
489.923 124.134
490.938 124.143
506.849 124.191
508.706 124.122
510.111 124.212
510.530 124.127
511.295 124.153
516.759 124.220
521.604 124.140
522.428 124.150
525.537 124.159
526.338 124.209
526.398 124.171
527.751 124.177
532.299 124.218
543.521 124.166
544.002 124.211
546.362 124.233
553.982 124.182
556.337 124.175
557.267 124.169
559.376 124.221
564.145 124.213
566.686 124.201
584.808 124.182
593.811 124.211
599.842 124.176
604.258 124.184
609.092 124.281
621.090 124.167
638.676 124.215
643.939 124.164
645.457 124.170
647.689 124.247
648.918 124.194
659.411 124.220
660.731 124.206
662.383 124.208
676.531 124.233
684.350 124.244
693.113 124.255
696.173 124.223
720.874 124.178
734.590 124.256
734.679 124.199
767.693 124.341
771.295 124.241
859.228 124.255
875.682 124.230
904.801 124.233
915.053 124.356
920.604 124.312
923.251 124.249
926.599 124.276
942.183 124.260
947.339 124.252
1022.092 124.276
1024.343 124.193
1045.103 124.236
1068.613 124.295
1114.356 124.253
1118.073 124.294
1296.866 124.356
1377.114 124.336
1445.806 124.377
2074.237 124.308
2647.402 124.250
