# Ep lEiso
176.392 -8.172
191.321 -8.099
215.368 -7.990
226.425 -7.881
229.358 -7.907
236.036 -7.922
240.190 -7.809
243.856 -7.775
249.482 -7.855
249.705 -7.870
253.674 -7.818
258.335 -7.821
259.857 -7.761
262.998 -7.777
266.051 -7.741
267.313 -7.722
272.788 -7.755
273.656 -7.721
275.754 -7.703
276.308 -7.772
277.807 -7.733
278.058 -7.747
279.027 -7.666
280.621 -7.710
281.959 -7.721
283.970 -7.750
284.051 -7.741
285.021 -7.722
285.795 -7.710
286.377 -7.732
291.786 -7.777
292.041 -7.670
292.469 -7.720
294.118 -7.606
296.098 -7.727
296.305 -7.778
298.722 -7.591
299.973 -7.624
300.113 -7.738
302.047 -7.596
302.907 -7.689
303.598 -7.671
304.840 -7.727
305.066 -7.732
305.399 -7.672
306.246 -7.696
308.241 -7.689
311.352 -7.577
311.601 -7.617
311.786 -7.690
312.062 -7.621
312.572 -7.590
313.624 -7.656
314.052 -7.657
315.329 -7.590
315.505 -7.661
316.065 -7.670
319.642 -7.549
320.406 -7.646
322.887 -7.620
322.894 -7.614
324.240 -7.671
325.283 -7.661
327.031 -7.625
327.136 -7.568
328.433 -7.675
329.212 -7.568
331.738 -7.470
331.985 -7.538
332.874 -7.567
334.188 -7.643
334.200 -7.644
334.519 -7.565
335.096 -7.614
336.111 -7.663
336.787 -7.594
337.193 -7.512
338.942 -7.553
340.149 -7.575
340.198 -7.569
340.919 -7.613
341.159 -7.588
341.478 -7.527
342.184 -7.572
343.026 -7.578
343.397 -7.583
343.736 -7.594
345.576 -7.547
345.804 -7.585
346.136 -7.583
346.474 -7.573
347.283 -7.516
347.345 -7.531
347.443 -7.499
348.691 -7.497
349.010 -7.550
349.889 -7.506
351.826 -7.488
352.489 -7.570
352.516 -7.547
353.163 -7.590
353.230 -7.602
353.303 -7.626
353.404 -7.562
353.649 -7.510
354.010 -7.498
354.100 -7.555
354.933 -7.525
355.800 -7.531
356.078 -7.614
356.528 -7.587
356.575 -7.613
357.070 -7.544
357.703 -7.560
357.772 -7.535
358.188 -7.524
358.667 -7.478
362.912 -7.565
362.974 -7.445
363.522 -7.503
364.219 -7.558
364.398 -7.509
364.548 -7.515
365.202 -7.613
365.530 -7.487
365.721 -7.481
367.433 -7.600
367.614 -7.549
368.086 -7.473
368.811 -7.534
369.164 -7.533
370.063 -7.562
370.438 -7.520
371.132 -7.619
371.229 -7.474
372.686 -7.524
372.875 -7.425
374.277 -7.509
374.362 -7.545
375.199 -7.434
375.785 -7.467
375.932 -7.433
376.071 -7.478
377.430 -7.477
377.603 -7.460
377.803 -7.530
379.398 -7.560
379.590 -7.497
381.909 -7.503
382.018 -7.471
382.028 -7.390
384.272 -7.479
384.721 -7.483
385.473 -7.518
386.315 -7.537
387.612 -7.485
388.052 -7.518
388.154 -7.411
389.560 -7.487
389.950 -7.443
390.202 -7.474
390.839 -7.468
390.887 -7.420
391.410 -7.559
391.691 -7.457
392.902 -7.467
393.788 -7.444
396.369 -7.437
396.626 -7.420
397.137 -7.422
397.452 -7.442
398.112 -7.461
398.154 -7.477
399.678 -7.501
400.085 -7.343
400.273 -7.464
400.792 -7.385
400.854 -7.321
401.348 -7.406
401.586 -7.365
402.127 -7.425
403.184 -7.347
403.387 -7.519
403.690 -7.452
403.738 -7.407
405.352 -7.444
406.540 -7.392
407.023 -7.408
407.174 -7.336
408.078 -7.443
408.441 -7.400
408.818 -7.415
408.829 -7.421
409.294 -7.412
410.739 -7.460
411.551 -7.296
412.322 -7.368
412.744 -7.437
413.028 -7.435
413.233 -7.445
413.405 -7.475
413.679 -7.346
415.152 -7.431
415.574 -7.351
416.435 -7.313
416.644 -7.397
416.728 -7.453
417.186 -7.399
417.704 -7.425
418.055 -7.475
418.644 -7.334
418.847 -7.266
419.192 -7.375
420.807 -7.405
421.871 -7.466
422.119 -7.423
422.164 -7.462
422.447 -7.286
422.989 -7.297
423.210 -7.364
424.460 -7.348
428.495 -7.429
428.624 -7.353
428.840 -7.422
428.877 -7.380
430.106 -7.366
430.621 -7.272
430.960 -7.391
430.969 -7.419
431.297 -7.358
433.170 -7.380
433.264 -7.430
433.575 -7.342
436.003 -7.317
437.101 -7.384
437.892 -7.331
440.073 -7.352
441.540 -7.303
441.702 -7.352
443.039 -7.363
443.228 -7.375
444.278 -7.363
444.405 -7.311
444.992 -7.382
445.193 -7.414
445.210 -7.315
446.284 -7.347
447.070 -7.344
449.333 -7.404
449.367 -7.455
450.364 -7.295
451.112 -7.366
451.176 -7.420
452.983 -7.263
452.994 -7.334
453.009 -7.313
453.382 -7.389
453.545 -7.296
454.244 -7.359
454.809 -7.325
455.021 -7.342
455.067 -7.361
455.547 -7.336
457.827 -7.374
460.888 -7.258
460.917 -7.289
461.431 -7.356
463.190 -7.336
463.551 -7.247
463.767 -7.235
463.975 -7.320
464.724 -7.360
465.482 -7.359
465.557 -7.343
465.684 -7.248
465.877 -7.214
467.160 -7.329
467.770 -7.245
468.584 -7.366
468.780 -7.341
468.828 -7.228
469.021 -7.341
469.370 -7.384
469.964 -7.313
470.662 -7.360
471.020 -7.246
471.662 -7.258
471.871 -7.276
473.721 -7.347
473.762 -7.301
474.585 -7.324
474.602 -7.366
476.491 -7.248
478.696 -7.257
479.337 -7.175
480.463 -7.379
482.254 -7.312
482.869 -7.182
485.727 -7.327
486.925 -7.331
487.178 -7.328
487.270 -7.232
488.055 -7.256
488.864 -7.179
489.048 -7.347
489.863 -7.209
490.162 -7.313
491.597 -7.336
491.664 -7.298
491.723 -7.345
492.723 -7.283
493.291 -7.166
493.547 -7.185
494.031 -7.279
494.678 -7.300
495.386 -7.287
495.900 -7.338
496.845 -7.285
496.888 -7.183
496.995 -7.235
500.559 -7.243
501.302 -7.227
504.027 -7.125
504.110 -7.302
505.207 -7.314
505.725 -7.245
507.464 -7.231
507.915 -7.186
508.404 -7.241
508.644 -7.319
508.681 -7.195
508.711 -7.252
509.115 -7.270
509.444 -7.231
509.629 -7.295
510.228 -7.150
512.349 -7.169
514.324 -7.199
514.832 -7.254
516.112 -7.218
517.034 -7.227
518.523 -7.195
518.544 -7.183
519.456 -7.165
520.079 -7.254
520.986 -7.226
521.836 -7.307
521.870 -7.217
522.238 -7.263
523.191 -7.194
523.536 -7.254
523.637 -7.179
523.920 -7.250
524.964 -7.272
525.631 -7.264
526.184 -7.158
528.242 -7.214
528.680 -7.145
531.111 -7.245
531.235 -7.130
532.822 -7.173
532.999 -7.232
533.384 -7.149
533.422 -7.066
533.555 -7.238
534.090 -7.157
535.225 -7.237
539.819 -7.225
540.105 -7.260
540.126 -7.177
542.246 -7.216
544.856 -7.245
545.332 -7.102
546.098 -7.051
546.264 -7.075
546.902 -7.172
547.233 -7.085
547.449 -7.240
547.486 -7.184
549.921 -7.201
552.909 -7.086
553.779 -7.139
554.718 -7.254
556.141 -7.123
556.844 -7.175
557.011 -7.052
559.404 -7.064
561.086 -7.129
562.260 -7.137
563.417 -7.153
564.224 -7.228
564.363 -7.075
564.557 -7.233
565.380 -7.164
566.350 -7.081
567.337 -7.155
567.976 -7.160
568.367 -7.124
568.776 -7.133
568.991 -7.170
568.997 -7.031
570.421 -7.151
570.653 -7.157
570.953 -7.056
571.371 -7.126
572.984 -7.120
573.285 -7.174
573.449 -7.241
574.671 -7.159
575.207 -7.092
575.797 -7.146
577.112 -7.029
577.648 -7.095
578.536 -7.208
583.232 -7.081
583.695 -7.059
584.561 -7.118
585.084 -7.125
585.271 -7.061
585.466 -7.122
585.855 -7.051
586.919 -7.112
589.141 -7.155
589.866 -7.173
590.023 -7.073
590.064 -7.187
590.248 -7.184
590.531 -7.146
591.119 -7.073
591.236 -7.114
591.257 -7.057
591.269 -7.156
592.019 -7.104
592.406 -7.172
594.493 -7.059
595.408 -7.010
595.581 -7.096
595.877 -7.098
596.115 -7.178
597.118 -7.144
597.315 -7.063
597.932 -7.052
598.010 -7.003
598.141 -7.165
600.695 -7.173
600.829 -7.130
603.169 -7.083
603.252 -7.142
603.358 -6.974
604.340 -7.085
604.382 -7.166
605.650 -7.086
606.082 -7.041
606.153 -7.168
606.358 -7.119
607.311 -7.153
608.216 -7.143
608.516 -7.059
608.843 -7.114
609.407 -6.996
610.592 -7.079
611.911 -7.101
612.213 -7.013
612.500 -7.057
613.112 -7.064
613.752 -7.022
614.658 -7.019
616.361 -7.118
617.393 -7.120
617.742 -7.179
618.378 -6.980
618.472 -7.039
619.895 -7.096
620.039 -6.992
621.208 -7.035
621.826 -7.026
623.032 -7.119
624.739 -7.062
625.812 -7.020
626.524 -7.118
627.707 -7.052
627.707 -7.076
627.834 -7.046
628.041 -7.082
629.533 -7.158
629.687 -7.100
634.343 -7.089
634.390 -6.975
634.703 -7.023
636.350 -6.946
638.135 -7.124
638.280 -7.069
638.576 -6.892
638.874 -6.957
638.990 -6.996
640.112 -7.067
640.756 -7.125
641.553 -7.099
641.782 -7.061
642.063 -7.105
642.314 -7.100
642.408 -7.007
642.469 -6.988
642.577 -7.042
642.939 -7.044
643.340 -6.989
645.994 -7.096
646.661 -6.979
646.798 -7.032
649.139 -7.144
649.355 -7.080
649.962 -7.083
650.700 -7.031
651.065 -7.050
655.098 -7.011
655.268 -7.037
655.529 -6.997
657.079 -7.001
657.617 -6.913
659.490 -7.053
661.540 -6.936
661.646 -7.060
662.511 -6.889
664.278 -7.047
665.522 -7.027
665.982 -7.032
667.217 -6.964
668.134 -7.004
668.570 -7.078
668.769 -7.011
669.286 -6.957
671.445 -6.995
671.750 -6.990
672.341 -6.989
672.996 -6.883
673.222 -7.069
673.677 -7.100
674.400 -6.951
675.957 -6.985
676.203 -6.966
676.349 -7.023
676.406 -7.038
676.413 -6.978
676.704 -6.874
676.812 -7.058
678.100 -7.025
678.918 -6.987
679.170 -6.940
680.670 -6.901
682.865 -6.944
683.085 -7.003
683.542 -7.003
684.281 -6.927
684.936 -6.967
685.061 -6.995
687.702 -6.908
688.439 -6.973
689.978 -6.962
690.106 -6.951
690.295 -6.900
690.362 -6.965
690.475 -6.987
690.659 -7.053
691.241 -6.985
692.723 -6.906
692.886 -7.026
693.007 -7.071
693.270 -7.004
694.711 -7.020
695.166 -6.987
698.226 -6.956
699.060 -6.943
700.087 -7.038
700.573 -6.967
701.228 -6.956
702.629 -6.924
703.216 -7.024
703.823 -6.918
706.684 -6.969
709.292 -6.921
710.211 -6.946
714.723 -7.000
715.631 -6.946
716.154 -6.912
717.108 -6.953
717.597 -7.046
718.239 -6.952
719.318 -6.959
720.444 -6.956
720.812 -6.952
722.106 -6.915
722.872 -6.890
723.389 -6.844
723.575 -6.901
723.765 -7.021
724.609 -7.003
725.749 -6.891
725.752 -6.837
726.438 -6.966
726.539 -6.950
727.448 -6.810
728.384 -6.950
729.798 -6.861
734.558 -6.929
735.098 -6.824
737.413 -6.809
737.692 -6.958
738.143 -6.917
738.725 -6.898
742.183 -6.939
742.372 -6.927
743.044 -6.934
743.669 -6.997
743.735 -6.948
747.505 -6.907
747.590 -6.944
748.067 -6.801
750.058 -6.976
750.067 -6.809
751.159 -6.926
752.791 -6.929
753.737 -6.873
755.062 -7.040
756.470 -6.868
757.576 -7.035
758.185 -6.891
761.363 -6.788
761.667 -6.900
762.826 -6.914
763.270 -6.871
763.294 -6.783
764.946 -6.975
766.595 -6.888
766.956 -6.884
769.004 -6.927
769.085 -6.810
771.105 -6.902
772.360 -6.869
773.096 -6.867
773.723 -6.852
776.726 -6.818
777.250 -6.814
777.392 -6.819
779.567 -6.886
780.496 -6.894
781.386 -6.859
782.511 -6.787
782.971 -6.891
784.354 -6.871
784.490 -6.834
787.044 -6.881
787.185 -6.875
787.549 -6.928
788.440 -6.910
789.301 -6.881
790.430 -6.858
790.777 -6.779
790.922 -6.849
791.434 -6.838
792.331 -6.800
792.471 -6.928
797.647 -6.721
797.658 -6.754
797.723 -6.829
797.785 -6.885
798.087 -6.939
798.502 -6.940
799.240 -6.868
799.669 -6.806
799.692 -6.761
799.777 -6.862
799.967 -6.835
801.233 -6.763
804.339 -6.768
805.881 -6.823
807.108 -6.863
807.188 -6.818
808.168 -6.964
812.069 -6.830
812.500 -6.882
812.595 -6.809
812.732 -6.924
814.334 -6.883
814.436 -6.960
815.981 -6.827
818.468 -6.788
818.545 -6.862
818.749 -6.838
819.212 -6.811
821.036 -6.883
823.536 -6.780
823.609 -6.832
824.506 -6.834
827.610 -6.803
827.712 -6.846
828.057 -6.772
828.203 -6.832
828.899 -6.790
828.930 -6.860
828.937 -6.910
831.179 -6.833
831.684 -6.795
833.391 -6.799
833.456 -6.883
833.823 -6.776
834.290 -6.805
835.434 -6.840
836.057 -6.757
837.578 -6.815
838.831 -6.768
840.654 -6.792
845.145 -6.743
848.151 -6.750
848.254 -6.792
848.677 -6.784
848.707 -6.779
849.772 -6.818
850.201 -6.830
850.426 -6.821
850.743 -6.652
852.690 -6.739
853.557 -6.851
854.005 -6.858
855.103 -6.778
856.743 -6.753
858.913 -6.834
859.619 -6.832
860.734 -6.758
863.440 -6.831
864.346 -6.667
864.619 -6.716
865.074 -6.744
867.820 -6.815
867.933 -6.872
870.438 -6.786
872.440 -6.870
875.611 -6.658
875.849 -6.761
880.108 -6.807
884.137 -6.755
884.413 -6.653
885.222 -6.739
886.261 -6.767
886.695 -6.819
886.997 -6.843
895.748 -6.731
897.346 -6.752
897.411 -6.677
898.168 -6.794
898.293 -6.815
900.415 -6.809
904.408 -6.879
905.348 -6.707
907.345 -6.868
907.456 -6.701
909.746 -6.764
909.771 -6.731
910.638 -6.729
910.963 -6.613
913.086 -6.752
914.025 -6.725
914.949 -6.705
914.955 -6.730
916.918 -6.731
917.813 -6.716
918.660 -6.759
919.249 -6.684
920.192 -6.652
921.493 -6.719
922.663 -6.703
925.466 -6.745
926.178 -6.580
926.311 -6.641
926.960 -6.755
930.278 -6.725
931.475 -6.753
934.615 -6.699
936.302 -6.642
936.736 -6.678
936.990 -6.664
940.730 -6.660
941.681 -6.733
942.313 -6.672
942.337 -6.628
944.477 -6.678
948.173 -6.631
951.835 -6.766
952.528 -6.719
952.632 -6.738
955.350 -6.740
955.380 -6.748
958.573 -6.773
961.259 -6.655
961.442 -6.695
961.567 -6.604
961.717 -6.742
963.558 -6.682
963.780 -6.759
966.684 -6.654
966.766 -6.780
968.072 -6.661
971.927 -6.647
973.340 -6.648
976.032 -6.691
978.783 -6.675
979.222 -6.705
979.426 -6.687
981.202 -6.751
981.293 -6.698
981.337 -6.564
981.808 -6.578
983.318 -6.597
984.296 -6.602
988.692 -6.634
989.241 -6.559
990.942 -6.648
998.321 -6.604
998.931 -6.609
1000.189 -6.633
1001.121 -6.682
1004.901 -6.647
1009.262 -6.619
1010.046 -6.651
1010.411 -6.645
1011.184 -6.650
1013.250 -6.656
1016.707 -6.607
1017.800 -6.610
1019.080 -6.606
1021.407 -6.636
1021.852 -6.669
1021.957 -6.517
1023.393 -6.625
1024.092 -6.640
1028.327 -6.618
1032.789 -6.700
1039.140 -6.559
1040.588 -6.526
1045.578 -6.567
1051.256 -6.601
1051.792 -6.571
1052.178 -6.716
1053.592 -6.594
1055.152 -6.559
1057.594 -6.506
1058.106 -6.519
1058.275 -6.582
1058.554 -6.521
1059.369 -6.502
1059.485 -6.551
1063.498 -6.658
1066.652 -6.508
1068.023 -6.571
1072.539 -6.668
1072.843 -6.545
1074.928 -6.541
1077.366 -6.524
1078.068 -6.553
1078.653 -6.594
1078.675 -6.564
1091.708 -6.534
1093.141 -6.572
1095.855 -6.532
1097.138 -6.696
1098.656 -6.707
1117.423 -6.516
1120.575 -6.603
1121.296 -6.587
1126.763 -6.610
1126.980 -6.456
1128.186 -6.541
1129.024 -6.544
1139.299 -6.541
1143.417 -6.529
1147.451 -6.567
1149.360 -6.492
1149.446 -6.429
1152.401 -6.428
1157.205 -6.486
1168.739 -6.513
1170.439 -6.408
1173.810 -6.399
1176.171 -6.612
1179.010 -6.504
1181.475 -6.453
1190.686 -6.549
1195.114 -6.425
1195.723 -6.460
1201.680 -6.535
1203.698 -6.394
1205.889 -6.473
1209.840 -6.478
1219.349 -6.499
1224.225 -6.496
1226.154 -6.537
1236.524 -6.541
1238.684 -6.446
1246.156 -6.474
1254.308 -6.519
1257.303 -6.367
1261.841 -6.533
1267.145 -6.468
1279.713 -6.546
1280.998 -6.365
1281.700 -6.466
1281.789 -6.392
1291.082 -6.445
1297.899 -6.373
1300.465 -6.401
1310.918 -6.437
1316.935 -6.386
1324.219 -6.439
1327.930 -6.341
1336.590 -6.459
1341.257 -6.409
1345.912 -6.348
1346.649 -6.367
1347.828 -6.331
1347.916 -6.381
1350.882 -6.389
1353.281 -6.420
1373.445 -6.383
1380.344 -6.362
1385.708 -6.258
1385.943 -6.456
1386.122 -6.385
1388.095 -6.377
1397.087 -6.303
1398.275 -6.411
1403.862 -6.391
1405.304 -6.372
1425.282 -6.416
1430.539 -6.275
1446.221 -6.364
1448.254 -6.351
1480.116 -6.181
1483.834 -6.364
1486.647 -6.238
1487.488 -6.356
1489.019 -6.201
1499.961 -6.221
1509.664 -6.328
1511.312 -6.313
1517.539 -6.299
1519.143 -6.230
1519.263 -6.281
1521.973 -6.272
1531.081 -6.340
1553.553 -6.275
1554.516 -6.214
1559.241 -6.182
1574.502 -6.244
1579.218 -6.252
1581.081 -6.259
1585.847 -6.188
1598.774 -6.276
1603.069 -6.207
1633.696 -6.221
1648.912 -6.177
1659.104 -6.219
1666.568 -6.205
1674.738 -6.081
1695.014 -6.215
1724.735 -6.145
1733.631 -6.203
1736.196 -6.195
1739.969 -6.101
1742.046 -6.164
1759.778 -6.127
1762.010 -6.142
1764.802 -6.139
1788.714 -6.100
1801.928 -6.084
1816.738 -6.066
1824.375 -6.100
1899.687 -6.119
1938.606 -6.019
1938.721 -6.080
1981.622 -5.914
1986.302 -6.018
2100.570 -5.964
2121.952 -6.041
2192.271 -5.954
2219.829 -5.826
2234.749 -5.864
2241.866 -5.921
2250.866 -5.892
2292.756 -5.894
2306.616 -5.822
2453.108 -5.829
2455.066 -5.904
2473.123 -5.860
2493.574 -5.802
2533.363 -5.828
2536.596 -5.791
2899.318 -5.623
3070.598 -5.592
3175.437 -5.530
4450.340 -5.409
4954.759 -5.400
