# Ep lEiso
1.016 119.421
1.034 119.229
1.138 119.746
1.200 119.659
1.233 119.456
1.308 119.519
1.355 119.711
1.396 119.784
1.459 119.347
1.462 119.284
1.506 119.433
1.616 119.359
1.658 119.567
1.745 119.465
1.829 119.558
1.864 119.611
2.015 119.425
2.039 119.538
2.097 119.576
2.113 119.326
2.154 119.446
2.161 119.393
2.192 119.666
2.254 119.491
2.306 119.435
2.384 119.310
2.387 119.341
2.436 119.388
2.477 119.417
2.509 119.339
2.798 119.129
2.811 119.456
2.834 119.295
2.922 119.240
3.041 119.232
3.056 119.080
3.229 119.579
3.319 119.466
3.329 119.145
3.468 119.509
3.530 119.244
3.580 119.281
3.669 119.118
3.685 119.101
3.709 119.254
3.770 119.181
3.913 119.176
4.190 119.411
4.213 119.309
4.230 119.124
4.256 119.292
4.304 119.361
4.423 119.183
4.472 119.175
4.617 119.322
4.637 119.147
4.700 119.118
5.122 119.362
5.228 119.120
5.574 119.154
5.575 119.169
5.762 119.018
5.908 119.029
6.151 119.096
6.166 119.231
6.369 118.960
6.498 119.205
6.917 119.413
6.958 119.039
7.105 119.165
7.323 118.967
7.325 118.964
7.378 119.153
7.474 119.025
7.665 118.880
7.796 119.036
7.875 119.014
8.213 119.086
8.462 119.000
8.472 119.016
8.631 118.881
8.684 118.941
8.754 119.094
8.920 118.965
9.130 118.943
9.223 118.927
9.308 118.893
9.767 119.009
9.823 118.904
9.906 118.908
9.991 118.932
10.193 119.087
10.210 119.042
10.235 119.133
10.562 119.120
10.646 118.962
10.876 119.078
11.383 119.104
11.553 118.843
11.560 118.912
11.714 118.764
11.730 118.726
11.747 118.648
11.771 118.848
11.830 119.005
11.915 119.038
11.937 118.854
12.135 118.935
12.342 118.896
12.408 118.616
12.515 118.695
12.526 118.606
12.644 118.827
12.794 118.759
12.811 118.842
12.895 118.869
12.984 119.019
13.770 118.627
13.781 119.024
13.883 118.818
14.012 118.621
14.045 118.779
14.073 118.758
14.175 118.422
14.222 118.826
14.250 118.845
14.497 118.433
14.523 118.591
14.591 118.816
14.696 118.617
14.747 118.613
14.876 118.511
14.931 118.629
15.031 118.328
15.045 118.750
15.255 118.723
15.282 118.855
15.448 118.605
15.457 118.505
15.545 118.809
15.607 118.714
15.622 118.809
15.637 118.681
15.780 118.677
15.798 118.722
15.819 118.526
15.987 118.667
16.007 118.609
16.251 118.580
16.262 118.666
16.263 118.889
16.499 118.631
16.537 118.350
16.595 118.517
16.661 118.459
16.763 118.595
16.797 118.502
16.805 118.803
16.916 118.578
16.949 118.215
16.969 118.610
17.022 118.623
17.026 118.708
17.069 118.355
17.092 118.647
17.191 118.607
17.264 118.667
17.476 118.667
17.497 118.713
17.539 118.704
17.565 118.644
17.613 118.580
17.616 118.530
17.712 118.436
17.737 118.901
17.749 118.430
17.782 118.766
17.786 118.958
17.817 118.696
17.832 118.816
17.866 118.626
17.933 118.443
17.945 118.322
17.965 118.521
17.968 118.658
18.069 118.522
18.144 118.666
18.175 118.610
18.184 118.833
18.241 118.483
18.264 118.612
18.288 118.694
18.289 118.542
18.318 118.564
18.409 118.389
18.460 118.472
18.510 118.666
18.537 118.435
18.555 118.605
18.569 118.404
18.580 118.654
18.597 118.726
18.674 118.595
18.695 118.706
18.740 118.836
18.751 118.549
18.755 118.651
18.778 118.540
18.805 118.450
18.823 118.654
18.854 118.570
18.864 118.998
18.882 118.622
18.965 118.512
19.020 118.290
19.033 118.442
19.035 118.626
19.050 118.934
19.078 118.491
19.089 118.652
19.154 118.706
19.362 118.392
19.369 118.684
19.380 118.417
19.382 118.578
19.445 118.630
19.472 118.993
19.489 118.531
19.490 118.421
19.506 118.658
19.589 118.552
19.593 118.357
19.606 118.693
19.709 118.365
19.756 118.487
19.789 118.671
19.881 118.566
19.944 118.718
19.950 118.546
20.007 118.492
20.015 118.448
20.060 118.475
20.065 118.651
20.090 118.404
20.098 118.296
20.099 118.486
20.145 118.507
20.178 118.505
20.274 118.290
20.275 118.129
20.317 118.622
20.349 118.391
20.352 118.223
20.420 118.693
20.420 118.475
20.421 118.538
20.434 118.304
20.440 118.587
20.465 118.390
20.486 118.491
20.493 118.438
20.495 118.377
20.512 118.452
20.594 118.319
20.704 118.653
20.705 118.558
20.723 118.350
20.787 118.400
20.800 118.668
20.807 118.705
20.815 118.445
20.842 118.318
20.869 118.404
20.872 118.363
20.876 118.652
20.883 118.754
20.929 118.396
20.951 118.647
20.980 118.273
20.987 118.349
20.989 118.692
20.996 118.347
21.008 118.216
21.030 118.429
21.054 118.282
21.067 118.629
21.090 118.589
21.098 118.531
21.162 118.305
21.163 118.446
21.189 118.369
21.189 118.243
21.249 118.587
21.318 118.545
21.338 118.786
21.373 118.163
21.429 118.354
21.449 118.739
21.538 118.284
21.575 118.364
21.583 118.382
21.586 118.553
21.610 118.476
21.635 118.699
21.641 118.198
21.666 118.600
21.676 118.293
21.720 118.213
21.722 118.324
21.724 118.187
21.755 118.361
21.773 118.700
21.781 118.643
21.796 118.364
21.816 118.298
21.838 118.496
21.853 118.179
21.880 118.520
21.881 118.626
21.884 118.474
21.983 118.429
22.004 118.473
22.080 118.756
22.082 118.237
22.113 118.195
22.127 118.394
22.175 118.425
22.188 118.554
22.202 118.390
22.208 118.161
22.209 118.523
22.210 118.357
22.221 118.510
22.231 118.414
22.236 118.227
22.252 118.645
22.311 118.582
22.365 118.490
22.379 118.328
22.414 118.428
22.439 118.399
22.480 118.486
22.481 118.522
22.504 118.572
22.520 118.310
22.543 118.389
22.564 118.150
22.565 118.413
22.575 118.275
22.599 118.470
22.607 118.292
22.610 118.509
22.617 118.300
22.643 118.228
22.660 118.247
22.674 118.551
22.726 118.374
22.737 118.573
22.798 118.263
22.801 118.598
22.841 118.463
22.845 118.291
22.855 118.532
22.856 118.772
22.859 118.272
22.872 118.505
22.901 118.268
23.015 118.285
23.022 118.183
23.022 118.475
23.073 118.306
23.134 118.223
23.145 118.637
23.163 118.782
23.166 118.716
23.181 118.307
23.189 118.685
23.194 118.239
23.195 118.398
23.251 118.341
23.320 118.641
23.340 118.480
23.362 118.135
23.394 118.504
23.410 118.349
23.414 118.275
23.469 118.449
23.507 118.456
23.534 118.428
23.559 118.381
23.577 118.161
23.580 118.603
23.584 118.145
23.602 118.345
23.623 118.581
23.644 118.365
23.658 118.347
23.667 118.449
23.675 118.418
23.680 118.308
23.680 118.711
23.711 118.350
23.716 118.330
23.722 118.617
23.731 118.413
23.766 118.415
23.772 118.260
23.776 118.070
23.802 118.300
23.813 118.490
23.826 118.335
23.854 118.257
23.865 118.469
23.884 118.141
23.983 118.464
23.993 118.525
24.011 118.356
24.022 118.329
24.025 118.507
24.029 118.335
24.037 118.527
24.059 118.346
24.104 118.221
24.119 118.170
24.122 118.450
24.123 118.130
24.126 118.140
24.132 118.245
24.144 118.451
24.146 118.336
24.147 118.494
24.147 118.219
24.162 118.363
24.170 118.174
24.212 118.482
24.230 118.600
24.234 118.357
24.240 118.346
24.244 118.122
24.264 118.218
24.268 118.444
24.281 118.475
24.282 118.611
24.285 118.159
24.336 118.135
24.338 118.257
24.385 118.388
24.386 118.223
24.388 118.687
24.408 118.347
24.408 118.124
24.435 118.504
24.445 118.471
24.446 118.116
24.451 118.254
24.472 118.389
24.492 118.189
24.498 118.426
24.505 118.271
24.518 118.604
24.543 118.374
24.572 118.315
24.579 118.560
24.585 118.434
24.598 118.402
24.612 118.505
24.632 118.514
24.669 118.235
24.691 118.233
24.698 118.062
24.712 118.631
24.714 118.463
24.745 118.304
24.748 118.202
24.773 118.462
24.786 118.476
24.811 118.195
24.847 118.353
24.870 118.468
24.884 118.445
24.909 118.370
24.909 118.305
24.912 118.388
24.916 118.286
24.947 118.070
24.950 118.228
25.046 118.213
25.047 118.528
25.054 118.394
25.087 118.486
25.124 118.114
25.127 118.264
25.133 118.744
25.139 118.567
25.141 118.460
25.164 118.270
25.176 118.457
25.193 118.183
25.197 118.286
25.203 118.168
25.208 118.183
25.210 118.430
25.211 118.479
25.213 118.336
25.220 118.330
25.229 118.476
25.281 118.165
25.295 118.471
25.297 118.328
25.344 118.436
25.348 118.484
25.360 118.370
25.375 118.297
25.382 118.246
25.460 118.352
25.464 118.282
25.469 118.392
25.499 118.378
25.509 118.616
25.545 118.228
25.585 118.538
25.587 118.200
25.603 118.661
25.637 118.225
25.661 118.273
25.669 118.260
25.693 118.440
25.710 118.326
25.718 118.125
25.722 118.306
25.731 118.451
25.772 118.341
25.777 118.352
25.789 118.354
25.801 118.641
25.805 118.132
25.814 118.442
25.827 118.449
25.856 118.352
25.860 118.404
25.863 118.247
25.864 118.394
25.864 118.370
25.870 118.653
25.872 118.152
25.895 118.236
25.910 118.336
25.915 118.465
25.942 118.565
25.983 118.443
25.987 118.282
25.995 118.281
26.009 118.485
26.021 118.373
26.023 118.298
26.071 118.522
26.084 118.340
26.111 118.364
26.114 118.391
26.117 118.532
26.118 118.352
26.120 118.291
26.124 118.110
26.134 118.294
26.160 118.501
26.163 118.173
26.166 118.294
26.170 118.230
26.196 118.179
26.204 118.268
26.259 118.336
26.274 118.369
26.292 118.105
26.300 118.300
26.311 118.327
26.336 118.414
26.346 118.135
26.357 118.425
26.406 118.278
26.452 118.406
26.468 118.391
26.546 118.176
26.561 118.318
26.570 118.412
26.586 118.296
26.594 118.351
26.605 118.292
26.623 118.269
26.642 118.272
26.648 118.282
26.670 118.380
26.683 118.445
26.691 118.569
26.695 118.411
26.698 118.080
26.712 118.126
26.731 118.433
26.731 118.275
26.743 118.221
26.745 118.265
26.760 118.649
26.776 118.257
26.800 118.500
26.878 118.293
26.887 118.256
26.924 118.617
26.929 118.202
26.936 118.314
26.945 118.367
27.002 118.240
27.005 118.274
27.016 118.252
27.026 118.075
27.027 118.209
27.088 118.310
27.090 118.209
27.097 118.606
27.130 118.396
27.130 118.466
27.148 118.247
27.174 118.232
27.189 118.380
27.209 118.294
27.231 118.378
27.248 118.177
27.257 118.305
27.300 118.419
27.304 118.263
27.320 118.339
27.326 118.332
27.326 118.568
27.349 118.406
27.372 118.268
27.376 118.279
27.405 118.153
27.406 118.462
27.433 118.270
27.451 118.289
27.461 118.290
27.469 118.324
27.511 118.383
27.518 118.391
27.519 118.377
27.547 118.196
27.560 118.370
27.571 118.262
27.586 118.444
27.592 118.181
27.610 118.227
27.611 118.321
27.645 118.198
27.646 118.450
27.651 118.294
27.663 118.122
27.674 118.197
27.689 118.254
27.693 118.458
27.695 118.278
27.702 118.303
27.714 118.402
27.715 118.069
27.783 118.605
27.783 118.518
27.784 118.321
27.785 118.174
27.789 118.031
27.794 118.147
27.804 118.258
27.810 118.380
27.810 118.498
27.811 118.326
27.814 118.303
27.830 118.492
27.871 118.475
27.892 118.401
27.907 118.217
27.908 118.337
27.920 117.941
27.967 118.291
27.973 118.150
27.974 118.345
27.976 118.183
27.995 118.141
27.997 117.933
28.016 118.286
28.046 118.385
28.047 118.184
28.050 118.250
28.056 118.320
28.078 118.376
28.109 118.392
28.110 118.251
28.121 118.241
28.160 118.317
28.161 118.200
28.166 118.401
28.168 118.237
28.176 118.349
28.177 118.427
28.177 118.394
28.205 118.225
28.211 118.327
28.233 118.358
28.233 118.080
28.238 118.374
28.244 118.293
28.258 118.192
28.266 118.419
28.286 118.255
28.301 118.379
28.324 118.308
28.375 118.427
28.410 118.398
28.411 118.282
28.416 118.304
28.416 118.318
28.429 118.206
28.434 118.172
28.436 118.196
28.440 118.660
28.463 118.414
28.473 118.363
28.478 118.247
28.491 118.299
28.511 118.360
28.536 118.349
28.544 118.135
28.557 118.335
28.589 118.125
28.600 118.574
28.603 118.438
28.608 118.359
28.641 118.182
28.643 118.230
28.673 118.336
28.697 117.987
28.735 118.420
28.737 118.276
28.789 118.134
28.832 118.270
28.835 118.552
28.844 118.315
28.856 118.236
28.860 118.195
28.864 118.027
28.959 118.319
28.977 118.262
28.978 118.463
28.986 118.148
28.987 118.091
29.011 118.104
29.054 118.232
29.065 118.371
29.086 118.132
29.088 118.383
29.114 118.214
29.114 118.301
29.124 118.304
29.127 118.611
29.152 118.242
29.162 118.311
29.173 118.362
29.173 118.295
29.195 118.290
29.205 118.329
29.215 118.215
29.221 118.410
29.232 118.493
29.247 118.317
29.260 118.356
29.292 118.243
29.300 118.669
29.302 118.257
29.309 118.216
29.346 118.289
29.358 118.213
29.389 118.343
29.406 118.486
29.410 118.391
29.413 118.427
29.451 118.428
29.461 118.237
29.468 118.394
29.468 118.507
29.490 118.372
29.528 118.485
29.565 118.120
29.573 118.242
29.574 118.193
29.602 118.179
29.602 118.159
29.635 118.083
29.662 118.385
29.664 118.281
29.665 118.519
29.667 118.155
29.686 118.309
29.688 118.106
29.718 118.373
29.719 118.041
29.732 118.352
29.774 118.378
29.790 118.372
29.819 118.249
29.849 118.285
29.853 118.205
29.856 118.251
29.875 118.075
29.876 118.216
29.876 118.575
29.882 118.363
29.898 118.483
29.909 118.465
29.956 118.369
29.962 118.340
29.978 118.324
30.045 118.423
30.051 118.407
30.062 118.338
30.071 118.204
30.105 118.289
30.146 118.349
30.154 118.261
30.157 118.275
30.165 118.259
30.185 118.235
30.219 118.356
30.230 118.345
30.242 118.351
30.265 118.263
30.269 118.171
30.270 118.586
30.284 118.285
30.291 118.242
30.333 118.289
30.376 118.315
30.439 118.413
30.453 118.498
30.501 118.369
30.557 118.259
30.562 118.339
30.566 118.290
30.580 118.270
30.596 118.362
30.622 118.499
30.627 118.464
30.629 118.289
30.632 118.455
30.641 118.405
30.642 118.371
30.682 118.070
30.709 118.473
30.721 118.297
30.760 118.279
30.763 118.360
30.781 118.367
30.802 118.409
30.808 118.327
30.813 118.414
30.813 118.296
30.926 118.352
30.938 118.246
30.962 118.351
30.973 118.491
30.986 118.170
31.151 118.352
31.182 118.112
31.189 118.153
31.242 118.080
31.244 118.495
31.255 118.263
31.263 118.254
31.363 118.245
31.403 118.269
31.442 118.159
31.461 118.359
31.461 118.528
31.488 118.525
31.524 118.355
31.610 118.255
31.623 118.535
31.648 118.551
31.666 118.228
31.687 118.252
31.706 118.384
31.778 118.434
31.816 118.428
31.822 118.331
31.873 118.112
31.891 118.494
31.910 118.270
31.944 118.248
32.026 118.165
32.068 118.162
32.085 118.248
32.174 118.410
32.193 118.266
32.258 118.170
32.328 118.286
32.354 118.440
32.393 118.380
32.430 118.138
32.515 118.211
32.524 118.402
32.530 118.117
32.530 118.325
32.601 118.157
32.653 118.348
32.672 118.264
32.751 118.253
32.797 118.278
32.852 118.216
32.880 118.387
32.946 118.309
32.981 118.169
33.016 118.334
33.022 118.278
33.031 118.379
33.031 118.236
33.054 118.208
33.072 118.428
33.225 118.188
33.277 118.235
33.318 118.196
33.320 118.284
33.321 118.158
33.336 118.178
33.422 118.377
33.433 118.428
33.487 118.111
33.497 118.164
33.627 118.429
33.661 118.397
33.763 118.237
33.777 118.256
33.984 118.581
34.008 118.035
34.026 118.403
34.032 118.052
34.042 118.506
34.113 118.427
34.176 118.383
34.187 118.132
34.227 118.486
34.238 118.368
34.238 118.214
34.256 118.237
34.315 118.395
34.503 118.395
34.512 118.352
34.553 118.440
34.687 118.225
34.729 118.191
34.745 118.166
34.783 118.375
34.853 118.335
34.876 118.286
35.043 118.192
35.126 118.301
35.182 118.155
35.222 118.358
35.267 118.558
35.377 118.165
35.543 118.276
35.614 118.074
35.635 118.096
35.665 118.389
35.682 118.185
35.824 118.274
35.841 118.222
35.864 118.228
36.055 118.313
36.160 118.344
36.279 118.378
36.320 118.257
36.654 118.322
36.826 118.350
36.827 118.145
37.065 118.638
37.099 118.420
37.918 118.300
38.071 118.208
38.342 118.209
38.438 118.618
38.490 118.469
38.514 118.456
38.545 118.348
38.750 118.293
38.837 118.533
39.758 118.350
39.770 118.067
39.884 118.212
40.013 118.411
40.263 118.265
40.283 118.198
41.932 118.576
42.838 118.492
43.480 118.610
49.258 118.363
52.636 118.218
