# Ep lEiso
47.275 -10.180
54.719 -10.673
65.088 -10.342
67.583 -10.410
68.834 -10.656
71.684 -10.538
73.458 -10.229
75.022 -10.081
76.908 -10.720
76.961 -10.490
77.901 -10.574
79.532 -10.575
80.135 -10.297
81.377 -10.462
82.585 -10.617
83.085 -10.391
85.251 -10.479
85.594 -10.570
86.425 -10.185
86.644 -10.645
87.237 -10.414
87.336 -10.512
87.610 -9.998
88.060 -10.410
88.438 -10.409
89.006 -10.637
89.029 -10.577
89.388 -10.477
89.690 -10.415
89.916 -10.563
92.022 -10.472
92.121 -10.370
92.288 -10.610
92.930 -9.920
93.701 -10.285
93.781 -10.511
94.722 -9.927
95.209 -10.151
95.264 -10.540
96.017 -10.020
96.352 -10.538
96.621 -10.508
97.104 -10.219
97.192 -10.282
97.322 -10.546
97.652 -10.122
98.411 -10.495
99.420 -10.075
99.501 -10.315
99.561 -10.643
99.650 -10.345
99.819 -10.170
100.238 -10.513
100.408 -10.583
100.917 -10.198
100.986 -10.619
101.209 -10.547
102.633 -10.000
102.937 -10.583
103.924 -10.452
103.927 -10.416
104.463 -10.311
104.878 -10.569
105.573 -10.525
105.615 -10.186
106.132 -10.427
106.442 -10.210
107.447 -9.652
107.545 -10.455
107.899 -10.240
108.422 -10.472
108.427 -10.519
108.554 -10.239
108.783 -10.482
109.175 -10.169
109.421 -10.435
109.568 -10.469
110.204 -10.478
110.670 -10.367
110.690 -10.327
110.988 -10.493
111.087 -10.452
111.219 -10.514
111.510 -10.370
111.858 -10.416
112.012 -10.452
112.152 -10.524
112.912 -10.272
113.006 -10.495
113.143 -10.484
113.282 -10.434
113.617 -10.335
113.642 -10.342
113.683 -10.011
114.198 -10.018
114.330 -10.331
114.693 -10.083
115.493 -10.431
115.767 -10.490
115.778 -10.359
116.045 -10.358
116.073 -10.263
116.103 -10.421
116.145 -10.452
116.246 -10.156
116.395 -10.369
116.432 -10.422
116.776 -10.256
117.134 -10.305
117.249 -10.455
117.435 -10.438
117.454 -10.324
117.659 -10.394
117.920 -10.492
117.949 -10.351
118.121 -10.295
118.318 -10.031
120.047 -10.247
120.072 -9.899
120.290 -10.237
120.568 -10.557
120.639 -10.281
120.699 -10.312
120.960 -10.334
121.099 -10.367
121.181 -10.132
121.914 -10.326
121.991 -10.273
122.193 -10.116
122.503 -10.381
122.655 -10.341
123.039 -10.331
123.200 -10.404
123.497 -10.347
123.538 -10.325
124.161 -10.447
124.242 -10.454
124.842 -10.379
124.878 -10.581
125.237 -9.966
125.487 -10.156
125.551 -10.337
125.610 -10.222
126.191 -10.226
126.265 -10.136
126.351 -10.466
127.033 -10.402
127.116 -10.359
128.108 -10.415
128.155 -10.239
128.159 -9.786
129.119 -10.305
129.311 -10.332
129.630 -10.532
129.989 -10.381
130.541 -10.369
130.728 -10.357
130.771 -10.392
131.376 -10.397
131.551 -10.322
131.663 -10.334
131.948 -10.307
131.970 -9.930
132.203 -10.264
132.329 -10.259
132.870 -10.332
133.266 -10.217
134.419 -10.212
134.534 -10.291
134.762 -10.279
134.903 -10.254
135.198 -10.364
135.217 -10.453
135.898 -10.267
136.079 -9.766
136.163 -10.236
136.395 -9.999
136.423 -9.660
136.644 -10.254
136.750 -9.903
136.992 -10.227
137.464 -9.832
137.555 -10.071
137.690 -10.387
137.711 -10.152
138.433 -10.362
138.969 -10.110
139.188 -10.197
139.256 -9.829
139.664 -10.392
139.828 -10.179
139.999 -10.255
140.004 -10.288
140.214 -10.247
140.867 -10.085
141.234 -9.689
141.591 -10.056
141.786 -10.311
141.917 -10.143
142.012 -10.180
142.091 -10.249
142.218 -9.950
142.899 -10.202
143.094 -10.294
143.492 -9.794
143.589 -10.226
143.628 -10.267
143.840 -10.241
144.079 -10.375
144.241 -10.093
144.514 -10.199
144.607 -9.565
144.767 -10.123
145.514 -10.285
146.006 -10.408
146.120 -10.387
146.141 -10.214
146.272 -9.679
146.523 -9.735
146.625 -10.085
147.205 -10.352
149.109 -10.454
149.170 -10.051
149.272 -10.116
149.290 -10.197
149.869 -10.127
150.113 -9.634
150.273 -10.263
150.277 -10.190
150.432 -10.090
151.319 -10.220
151.364 -10.488
151.512 -10.100
152.668 -9.912
153.190 -9.728
153.567 -10.007
154.605 -10.136
155.308 -9.893
155.387 -10.149
156.039 -10.215
156.132 -10.281
156.643 -9.582
156.705 -9.953
156.991 -10.332
157.090 -10.272
157.098 -10.201
157.622 -10.155
158.005 -10.149
159.109 -10.136
159.125 -10.168
159.611 -9.913
159.976 -10.207
160.007 -10.199
160.888 -10.286
160.894 -10.137
160.901 -10.030
161.083 -10.142
161.162 -9.946
161.503 -10.278
161.779 -10.105
161.883 -10.194
161.905 -10.297
162.139 -10.169
163.278 -10.160
164.820 -10.195
164.835 -9.979
165.093 -10.329
165.979 -10.241
166.161 -9.790
166.270 -10.110
166.374 -10.164
166.752 -10.095
167.134 -10.230
167.171 -10.129
167.235 -9.813
167.333 -9.643
167.979 -10.166
168.286 -10.166
168.695 -9.822
168.793 -10.315
168.817 -9.742
168.913 -10.249
169.088 -9.955
169.392 -10.180
169.748 -10.192
169.931 -9.847
170.259 -10.110
170.366 -10.166
171.311 -10.163
171.332 -10.151
171.753 -10.275
171.761 -10.279
172.727 -10.061
173.853 -10.191
174.181 -9.559
174.756 -10.212
175.684 -10.268
176.006 -9.613
177.492 -10.038
178.113 -10.212
178.245 -10.180
178.292 -10.117
178.699 -10.012
179.119 -9.626
179.214 -10.145
179.637 -9.785
179.792 -10.052
180.536 -9.883
180.571 -10.240
180.602 -10.062
181.130 -10.172
181.431 -9.591
181.567 -10.118
181.824 -10.162
182.168 -10.272
182.543 -10.216
182.816 -10.129
183.317 -10.217
183.340 -9.707
183.397 -9.968
185.271 -10.045
185.661 -9.969
187.122 -9.488
187.166 -10.106
187.754 -10.016
188.031 -10.105
188.963 -10.052
189.204 -9.833
189.467 -10.112
189.595 -9.894
189.615 -10.008
189.631 -10.118
189.848 -9.907
190.024 -10.071
190.124 -9.665
190.450 -10.066
191.590 -9.776
192.651 -9.926
192.924 -10.198
193.611 -10.026
194.109 -10.071
194.927 -9.924
194.939 -9.864
195.440 -9.779
195.782 -10.222
196.280 -10.088
196.746 -10.252
196.765 -10.048
196.964 -10.103
197.481 -10.015
197.671 -10.251
197.726 -9.885
197.882 -10.237
198.457 -10.002
198.824 -10.210
199.128 -9.802
200.261 -10.091
200.502 -9.755
201.856 -10.105
201.926 -10.055
202.804 -9.939
202.902 -10.229
203.114 -9.824
203.135 -9.420
203.208 -10.260
203.504 -9.869
204.139 -9.945
206.714 -10.106
206.876 -9.809
206.888 -10.005
208.073 -9.956
209.545 -10.047
209.814 -10.019
210.247 -9.382
210.341 -9.493
210.702 -9.962
210.890 -9.544
211.013 -9.980
211.034 -10.023
212.413 -10.119
214.112 -9.620
214.608 -9.886
215.146 -10.149
215.962 -9.847
216.364 -10.105
216.459 -9.512
217.829 -9.914
218.798 -9.902
219.476 -9.949
220.140 -10.025
220.605 -9.963
220.685 -9.652
220.796 -9.828
221.271 -10.078
221.832 -9.681
222.405 -10.037
222.744 -10.063
222.941 -9.892
223.148 -9.941
223.256 -10.125
223.260 -9.450
223.980 -10.050
224.098 -10.082
224.250 -9.598
224.462 -9.939
225.282 -9.929
225.435 -9.926
225.518 -9.763
226.138 -10.116
226.410 -9.930
226.711 -10.043
227.382 -9.468
227.655 -9.792
228.107 -9.804
230.509 -9.778
230.747 -10.046
231.190 -9.959
231.457 -10.005
231.553 -9.700
231.653 -9.996
231.853 -9.665
232.400 -9.977
233.542 -10.191
233.915 -9.910
233.995 -9.998
234.017 -10.058
234.111 -10.020
234.256 -10.150
234.558 -9.983
234.618 -9.994
234.629 -9.722
234.635 -9.927
235.022 -9.943
235.222 -10.090
236.296 -10.006
236.766 -9.923
236.856 -9.932
237.010 -9.951
237.133 -9.917
237.652 -9.879
237.754 -9.783
238.072 -9.731
238.113 -9.497
238.180 -9.757
239.501 -9.888
239.571 -10.023
240.783 -9.945
240.826 -10.163
240.881 -9.997
241.388 -9.950
241.410 -10.008
242.126 -9.953
242.382 -9.742
242.425 -10.041
242.546 -10.050
243.110 -9.886
243.645 -10.042
243.822 -9.827
244.015 -9.956
244.348 -9.527
245.050 -9.919
245.838 -10.016
246.018 -9.602
246.189 -9.815
246.553 -9.868
246.934 -9.693
247.472 -9.924
248.484 -9.992
249.106 -9.872
249.317 -10.061
249.699 -9.488
249.755 -9.768
250.610 -10.023
250.697 -9.956
251.395 -9.917
251.765 -9.746
252.485 -10.039
253.520 -9.930
254.170 -9.727
254.599 -9.967
255.311 -9.874
255.311 -9.985
255.387 -9.844
255.512 -10.015
256.409 -10.055
256.501 -9.947
259.326 -9.979
259.355 -9.554
259.544 -9.782
260.544 -9.959
261.626 -9.890
261.714 -10.000
261.892 -9.170
262.071 -9.476
262.140 -9.975
262.814 -9.989
263.206 -9.665
263.696 -10.137
263.837 -9.959
264.010 -9.858
264.164 -9.897
264.221 -9.709
264.259 -9.623
264.326 -9.871
264.548 -9.880
264.794 -9.626
266.407 -9.840
266.812 -9.628
266.895 -9.875
268.316 -9.682
268.448 -9.823
268.814 -9.881
269.256 -9.919
269.475 -10.006
271.965 -9.823
272.070 -9.943
272.231 -9.934
273.188 -9.778
273.515 -9.367
274.654 -9.879
275.901 -9.502
275.965 -9.880
276.492 -9.943
277.574 -10.041
278.354 -9.954
278.637 -9.975
279.398 -9.661
279.963 -9.853
280.232 -9.701
280.355 -9.886
280.673 -9.784
282.004 -9.817
282.191 -9.797
282.556 -9.792
282.960 -9.808
283.099 -9.552
283.379 -9.636
283.825 -9.621
284.770 -9.782
284.919 -9.692
285.007 -9.962
285.041 -9.710
285.046 -9.751
285.222 -9.264
285.287 -9.889
286.065 -9.975
286.560 -9.800
286.719 -9.580
287.663 -9.408
289.044 -9.617
289.182 -9.893
289.470 -9.895
289.935 -9.546
290.346 -9.737
290.425 -9.865
292.056 -9.483
292.507 -9.795
293.449 -9.754
293.527 -9.857
293.643 -9.466
293.684 -9.773
293.753 -9.878
293.865 -9.459
294.221 -9.873
295.128 -9.518
295.228 -9.717
295.302 -9.873
295.463 -9.982
296.345 -9.836
296.623 -9.917
298.550 -9.796
299.081 -9.739
299.719 -9.816
300.022 -9.853
300.428 -9.804
301.299 -9.653
301.664 -9.745
302.041 -9.631
303.819 -9.875
305.439 -9.797
306.010 -9.770
308.796 -9.805
309.339 -9.785
309.651 -9.889
310.221 -9.820
310.524 -9.725
310.931 -9.826
311.615 -9.866
312.328 -9.859
312.561 -9.844
313.382 -9.677
313.867 -9.566
314.195 -9.355
314.313 -9.623
314.434 -9.572
314.968 -9.787
315.691 -9.587
315.693 -9.856
316.128 -9.946
316.191 -9.873
316.768 -9.219
317.361 -9.849
318.257 -9.473
321.190 -9.824
321.516 -9.887
322.916 -9.275
323.085 -9.687
323.358 -9.788
323.710 -9.699
325.802 -9.914
325.922 -9.856
326.360 -9.892
326.767 -9.569
326.810 -9.784
329.265 -9.785
329.320 -9.956
329.631 -9.284
330.927 -9.636
330.933 -9.517
331.644 -9.886
332.691 -9.429
333.274 -9.656
334.089 -9.801
334.956 -9.656
335.637 -9.639
336.012 -9.776
337.969 -9.579
338.155 -9.841
338.869 -9.710
339.143 -9.722
339.157 -9.323
340.175 -9.595
341.190 -9.825
341.412 -9.806
342.673 -9.762
342.723 -9.494
343.966 -9.814
344.760 -9.780
345.253 -9.777
345.673 -9.718
347.684 -9.592
348.012 -9.573
348.101 -9.595
349.462 -9.888
350.044 -9.586
350.601 -9.771
351.306 -9.456
351.594 -9.832
352.460 -9.827
352.545 -9.664
354.144 -9.874
354.232 -9.766
354.460 -9.707
355.018 -9.679
355.557 -9.631
356.264 -9.772
356.481 -9.419
356.572 -9.731
356.892 -9.686
357.454 -9.514
357.542 -9.573
360.782 -9.156
360.789 -9.307
360.830 -9.648
360.868 -9.900
361.058 -9.677
361.317 -9.482
361.779 -9.754
362.048 -9.543
362.063 -9.338
362.116 -9.635
362.235 -9.675
363.027 -9.728
364.972 -9.372
365.921 -9.624
366.629 -9.814
366.675 -9.607
367.247 -9.337
369.768 -9.680
370.047 -9.924
370.109 -9.586
370.197 -9.865
371.232 -9.701
371.298 -9.488
372.297 -9.685
373.904 -9.510
373.954 -9.622
374.086 -9.743
374.385 -9.622
375.564 -9.523
377.180 -9.492
377.226 -9.735
377.806 -9.752
379.813 -9.618
379.878 -9.818
380.102 -9.471
380.196 -9.754
380.646 -9.560
380.666 -9.817
380.671 -9.483
382.119 -9.772
382.445 -9.596
383.549 -9.621
383.591 -9.855
383.828 -9.596
384.130 -9.651
384.870 -9.823
385.272 -9.432
386.255 -9.712
387.064 -9.497
388.189 -9.619
390.820 -9.408
392.581 -9.456
392.642 -9.655
392.889 -9.617
392.907 -9.592
393.531 -9.784
393.782 -9.841
393.914 -9.800
394.100 -9.804
395.280 -9.423
395.862 -9.510
396.162 -9.710
396.900 -9.619
398.000 -9.512
399.457 -9.528
399.931 -9.223
400.680 -9.551
402.496 -9.810
403.104 -9.679
403.288 -9.370
403.594 -9.505
405.437 -9.510
405.512 -9.724
407.195 -9.539
408.538 -9.724
410.667 -9.390
410.827 -9.638
413.686 -9.437
416.129 -9.639
416.293 -9.606
416.775 -9.562
417.395 -9.696
417.654 -9.766
417.834 -9.385
423.050 -9.546
424.002 -9.642
424.040 -9.299
424.492 -9.836
424.566 -9.440
425.831 -9.512
428.211 -9.688
428.771 -9.449
430.075 -9.648
430.153 -9.427
431.768 -9.717
431.785 -9.568
432.397 -9.562
432.627 -9.617
434.124 -9.669
434.786 -9.551
435.438 -9.465
435.442 -9.578
436.827 -9.587
437.458 -9.520
438.056 -9.714
438.471 -9.381
439.136 -9.637
440.054 -9.541
440.879 -9.475
442.856 -9.667
443.359 -8.941
443.452 -9.643
443.910 -9.712
446.207 -9.588
446.937 -9.719
448.855 -9.497
449.885 -9.253
450.150 -9.414
450.304 -9.354
452.588 -9.509
453.168 -9.677
453.555 -9.410
453.569 -9.216
454.876 -9.447
457.133 -9.256
459.368 -9.718
459.791 -9.669
459.855 -9.751
461.514 -9.482
461.532 -9.269
463.482 -9.627
465.122 -9.425
465.234 -9.602
465.310 -9.198
465.401 -9.311
466.526 -9.555
466.661 -9.453
468.434 -9.445
468.484 -9.771
469.282 -9.481
471.635 -9.438
472.531 -9.447
474.557 -9.651
476.627 -9.587
476.958 -9.719
477.111 -9.642
478.448 -9.714
478.517 -9.696
478.549 -9.106
478.904 -9.455
480.041 -9.258
480.776 -9.286
484.085 -9.438
484.498 -9.484
485.585 -9.508
490.244 -9.347
490.629 -9.371
491.423 -9.476
492.012 -9.682
494.399 -9.547
497.153 -9.451
497.648 -9.580
497.878 -9.559
498.366 -9.580
499.671 -9.612
501.853 -9.427
502.543 -9.442
503.351 -9.430
504.820 -9.553
505.102 -9.396
505.168 -9.089
506.075 -9.518
506.516 -9.578
509.190 -9.504
512.007 -9.459
516.017 -9.314
516.931 -9.198
520.082 -9.365
523.667 -9.502
524.005 -9.396
524.249 -9.460
525.142 -9.484
526.127 -9.362
527.910 -9.182
528.329 -9.227
528.468 -9.452
528.697 -9.238
529.365 -9.302
529.460 -9.346
532.520 -9.729
534.608 -9.206
535.516 -9.432
538.506 -9.451
538.707 -9.346
540.087 -9.335
541.701 -9.279
542.166 -9.384
542.553 -9.271
542.567 -9.422
551.196 -9.338
552.145 -9.473
553.942 -9.336
554.791 -9.528
555.796 -9.565
568.221 -9.313
570.307 -9.620
570.785 -9.566
574.404 -9.655
574.548 -9.121
575.346 -9.418
575.901 -9.429
582.704 -9.431
585.430 -9.397
588.100 -9.534
589.365 -9.259
589.421 -9.514
591.262 -9.060
593.711 -9.274
600.607 -9.396
601.810 -9.037
604.196 -9.015
605.868 -9.428
607.877 -9.396
609.622 -9.226
616.142 -9.158
619.276 -9.164
619.707 -9.288
623.924 -9.567
625.352 -9.076
626.903 -9.362
629.700 -9.389
636.431 -9.491
639.883 -9.493
641.248 -9.383
648.588 -9.172
650.117 -9.355
655.406 -9.474
661.177 -9.323
663.297 -9.125
666.509 -9.201
669.518 -9.508
675.983 -9.412
676.643 -9.168
677.005 -9.531
677.051 -9.266
681.830 -9.478
685.337 -9.233
686.657 -9.339
693.715 -9.350
698.373 -9.316
704.013 -9.526
706.887 -9.169
713.592 -9.268
717.205 -9.133
720.809 -9.109
721.380 -9.305
722.293 -9.170
722.361 -9.360
724.658 -9.397
726.515 -9.102
742.127 -9.163
747.470 -9.351
751.623 -8.952
751.804 -9.283
751.943 -9.456
753.470 -9.428
760.433 -9.151
761.353 -9.080
765.679 -9.518
766.509 -9.444
776.970 -9.069
779.723 -9.113
787.934 -9.032
788.999 -9.308
805.684 -8.833
807.631 -9.001
809.104 -9.088
809.544 -9.594
810.346 -8.937
819.481 -9.047
828.006 -9.105
829.455 -9.466
834.926 -8.951
836.335 -9.122
836.440 -9.344
838.821 -8.941
846.825 -9.076
866.569 -9.064
867.415 -9.126
871.567 -8.997
884.976 -9.297
889.120 -9.343
890.757 -9.378
894.466 -9.077
901.496 -9.129
903.832 -9.199
920.488 -9.323
928.763 -9.163
934.306 -8.998
938.365 -9.076
942.808 -8.789
953.835 -9.342
969.999 -8.861
974.837 -9.105
976.231 -9.426
978.647 -9.011
980.822 -9.297
999.389 -8.862
1001.725 -9.235
1004.649 -9.226
1029.686 -9.096
1043.523 -9.047
1059.029 -8.994
1064.444 -9.158
1108.155 -9.052
1130.744 -9.004
1130.810 -9.278
1155.710 -8.614
1158.427 -8.902
1242.291 -9.020
1270.819 -9.121
1321.306 -9.088
1339.081 -8.544
1348.704 -8.733
1353.294 -9.003
1359.100 -8.884
1386.119 -8.944
1395.059 -8.631
1489.547 -8.847
1490.810 -9.198
1502.457 -9.015
1515.648 -8.766
1541.312 -8.940
1543.398 -9.019
1826.243 -8.463
1956.450 -8.542
2014.014 -8.347
2804.151 -8.535
3436.381 -8.793
