# Ep lEiso
34.572 -11.490
39.977 -11.953
50.653 -11.504
53.564 -11.608
54.742 -11.987
57.426 -11.798
59.096 -11.315
60.379 -11.084
61.700 -12.113
61.752 -12.277
62.684 -11.862
64.301 -12.038
64.897 -11.451
66.129 -11.717
67.326 -11.967
67.821 -11.967
69.484 -11.777
69.724 -11.921
70.306 -11.330
70.460 -12.045
70.875 -11.693
70.945 -11.845
71.214 -11.049
71.656 -11.685
72.027 -11.684
72.584 -12.036
72.607 -11.942
72.960 -11.787
73.255 -11.690
73.478 -11.919
75.545 -11.773
75.642 -11.615
75.806 -11.986
76.428 -10.915
77.038 -11.738
77.102 -11.829
77.846 -11.279
78.232 -11.269
78.275 -11.872
78.871 -11.065
79.136 -11.965
79.349 -11.820
79.731 -11.372
79.801 -11.469
79.904 -11.878
80.164 -12.124
80.779 -11.798
81.738 -11.156
81.814 -11.529
81.871 -12.037
81.956 -11.576
82.117 -11.306
82.514 -11.935
82.676 -11.952
83.159 -11.360
83.225 -12.013
83.436 -11.904
84.722 -11.069
84.976 -11.975
85.802 -11.781
85.804 -11.724
86.252 -11.566
86.599 -11.970
87.181 -11.908
87.216 -11.382
87.647 -11.760
87.907 -11.428
88.747 -11.722
88.829 -11.816
89.125 -11.486
89.562 -11.850
89.566 -11.923
89.672 -11.490
89.864 -11.868
90.202 -11.386
90.427 -11.798
90.562 -11.851
91.144 -11.867
91.571 -11.695
91.589 -11.634
91.854 -11.891
91.938 -11.828
92.051 -11.924
92.299 -11.702
92.596 -11.773
92.727 -11.829
92.846 -11.681
93.495 -11.551
93.575 -11.897
93.692 -11.881
93.811 -11.803
94.097 -11.651
94.119 -11.660
94.153 -11.148
94.593 -11.160
94.705 -11.644
95.015 -11.261
95.697 -11.802
95.931 -11.893
95.941 -11.690
96.169 -11.689
96.192 -12.193
96.218 -11.787
96.254 -11.835
96.340 -11.377
96.467 -11.707
96.499 -11.790
96.792 -11.532
97.098 -11.608
97.196 -11.841
97.354 -11.816
97.371 -11.638
97.546 -11.747
97.769 -11.900
97.793 -11.682
97.940 -11.594
98.108 -11.186
99.579 -12.039
99.600 -10.984
99.787 -11.508
100.024 -12.004
100.085 -11.577
100.137 -11.625
100.359 -11.659
100.479 -11.710
100.549 -11.347
101.175 -11.648
101.242 -11.567
101.415 -11.323
101.679 -11.734
101.809 -11.672
102.138 -11.657
102.275 -11.771
102.529 -11.683
102.565 -11.650
103.098 -11.839
103.167 -11.850
103.680 -11.735
103.711 -12.048
104.017 -11.095
104.232 -11.390
104.286 -11.671
104.336 -11.492
104.834 -11.500
104.897 -11.360
104.970 -11.872
105.553 -11.773
105.623 -11.707
106.462 -11.794
106.501 -11.523
106.505 -10.820
107.317 -11.625
107.480 -11.667
107.752 -11.977
108.056 -11.744
108.526 -11.726
108.685 -11.709
108.722 -11.762
109.237 -11.772
109.385 -11.655
109.481 -11.675
109.723 -11.632
109.741 -11.048
109.940 -11.647
110.046 -11.558
110.507 -11.673
110.843 -11.496
111.825 -11.491
111.923 -11.614
112.117 -11.598
112.237 -11.559
112.489 -11.732
112.505 -11.871
113.085 -11.589
113.240 -11.713
113.312 -11.543
113.510 -11.176
113.534 -11.725
113.722 -11.574
113.812 -11.030
114.019 -11.535
114.421 -11.683
114.498 -11.298
114.614 -11.789
114.632 -11.425
115.247 -11.756
115.700 -11.367
115.884 -11.503
115.941 -10.934
116.285 -11.657
116.424 -11.478
116.567 -11.598
116.572 -11.648
116.749 -11.586
117.299 -11.338
117.611 -11.532
117.915 -11.291
118.081 -11.687
118.193 -11.426
118.274 -11.482
118.341 -11.588
118.449 -11.125
119.030 -11.513
119.196 -11.654
119.535 -10.878
119.617 -11.548
119.650 -11.611
119.830 -11.569
120.034 -11.777
120.173 -11.338
120.405 -11.501
120.485 -11.660
120.621 -11.383
121.257 -11.631
121.676 -11.821
121.773 -11.788
121.791 -11.520
121.903 -10.689
122.116 -11.676
122.203 -11.318
122.697 -11.731
124.310 -11.897
124.362 -11.273
124.448 -11.374
124.463 -11.501
124.954 -11.395
125.160 -11.582
125.296 -11.607
125.300 -11.494
125.431 -11.339
126.183 -11.546
126.221 -11.961
126.347 -11.361
127.326 -11.075
127.775 -11.642
128.099 -11.218
128.993 -11.413
129.595 -11.033
129.661 -11.430
130.209 -11.534
130.287 -11.636
130.717 -11.555
130.769 -11.128
131.010 -11.715
131.092 -11.622
131.099 -11.513
131.540 -11.441
131.865 -11.434
132.810 -11.427
132.824 -11.477
133.240 -11.626
133.552 -11.546
133.579 -12.112
134.333 -11.677
134.338 -11.447
134.344 -11.282
134.500 -11.456
134.568 -11.154
134.860 -11.672
135.096 -11.406
135.184 -11.545
135.203 -11.705
135.404 -11.510
136.369 -11.492
137.668 -11.536
137.681 -11.201
137.899 -11.742
138.646 -11.601
138.799 -10.900
138.891 -11.396
138.979 -11.478
139.301 -11.374
139.629 -11.584
139.661 -11.428
139.716 -10.939
139.799 -11.416
140.353 -11.490
140.616 -11.491
140.967 -10.961
141.051 -11.726
141.071 -10.837
141.154 -11.731
141.304 -11.169
141.559 -11.519
141.858 -11.537
142.012 -11.002
142.289 -11.409
142.381 -11.497
143.187 -11.491
143.205 -11.472
143.563 -11.665
143.571 -11.671
144.394 -11.333
145.361 -11.535
145.644 -11.361
146.142 -11.567
146.934 -11.662
147.206 -11.657
148.474 -11.331
149.005 -11.609
149.117 -11.561
149.158 -11.465
149.506 -11.307
149.868 -11.494
149.950 -11.512
150.316 -10.951
150.450 -11.364
151.093 -11.095
151.124 -11.650
151.150 -11.373
151.599 -11.533
151.856 -11.128
151.972 -11.449
152.192 -11.518
152.485 -11.689
152.806 -11.601
153.039 -11.467
153.468 -11.602
153.488 -10.813
153.537 -11.217
155.155 -11.336
155.494 -11.219
156.741 -11.342
156.778 -11.431
157.282 -11.291
157.521 -11.428
158.325 -11.347
158.534 -11.008
158.762 -11.441
158.873 -11.102
158.891 -11.279
158.905 -11.449
159.093 -11.122
159.245 -11.376
159.332 -11.359
159.612 -11.373
160.593 -10.934
161.512 -11.173
161.749 -11.576
162.348 -11.291
162.781 -11.365
163.482 -11.137
163.492 -11.044
163.923 -10.913
164.219 -11.600
164.649 -11.392
165.026 -11.646
165.040 -11.330
165.191 -11.414
165.584 -11.278
165.726 -11.646
165.768 -11.079
165.885 -11.626
166.317 -11.271
166.594 -11.597
166.823 -10.968
167.681 -11.431
167.864 -10.912
168.883 -11.457
168.936 -11.379
169.600 -11.199
169.674 -11.649
169.835 -11.021
169.850 -11.234
169.906 -11.696
170.130 -11.091
170.606 -11.209
172.548 -11.458
172.670 -10.998
172.679 -11.301
173.575 -11.213
174.680 -11.542
174.883 -11.308
175.210 -11.601
175.281 -10.497
175.553 -11.224
175.695 -11.161
175.787 -11.253
175.803 -11.318
176.845 -11.468
178.123 -10.693
178.500 -11.107
178.906 -11.513
179.521 -11.045
179.822 -11.445
179.894 -11.272
180.929 -11.188
181.660 -11.170
182.169 -11.243
182.668 -11.360
183.021 -11.264
183.082 -11.235
183.166 -11.054
183.527 -11.442
183.951 -10.827
184.383 -11.378
184.662 -11.419
184.832 -11.154
185.009 -11.230
185.102 -11.516
185.105 -11.581
185.727 -11.395
185.830 -11.444
185.962 -11.279
186.147 -11.217
186.860 -11.191
186.992 -11.184
187.064 -11.403
187.601 -11.471
187.836 -11.179
188.094 -11.366
188.672 -11.555
188.906 -10.988
189.302 -11.006
191.390 -10.966
191.595 -11.381
191.978 -11.246
192.209 -11.318
192.291 -10.845
192.377 -11.304
192.548 -10.792
193.024 -11.275
194.026 -11.606
194.352 -11.171
194.422 -11.307
194.441 -11.400
194.524 -11.341
194.650 -11.543
194.914 -11.283
194.967 -11.301
194.976 -10.879
194.981 -11.196
195.317 -11.228
195.490 -11.460
196.422 -11.351
196.829 -11.229
196.906 -11.244
197.038 -11.273
197.144 -11.220
197.597 -11.159
197.688 -11.009
197.969 -10.925
198.005 -11.087
198.064 -10.965
199.226 -11.158
199.287 -11.366
200.347 -11.235
200.384 -11.573
200.432 -11.315
200.875 -11.238
200.894 -11.328
201.516 -11.237
201.738 -11.384
201.775 -11.371
201.880 -11.384
202.369 -11.125
202.839 -11.365
202.998 -11.030
203.172 -11.230
203.470 -10.566
204.097 -11.177
204.793 -11.335
204.953 -10.696
205.103 -11.028
205.425 -11.114
205.762 -10.846
206.237 -11.211
207.129 -11.326
207.668 -11.139
207.850 -11.433
208.181 -11.297
208.230 -10.978
208.971 -11.373
209.049 -11.269
209.677 -11.210
210.010 -10.944
210.658 -11.398
211.572 -11.238
212.147 -10.928
212.525 -11.304
213.154 -11.166
213.154 -11.337
213.221 -11.119
213.332 -11.385
214.124 -11.454
214.205 -11.288
216.669 -11.343
216.695 -10.686
216.866 -11.039
217.770 -11.314
218.748 -11.206
218.827 -11.376
218.987 -11.299
219.149 -10.565
219.212 -11.338
219.821 -11.360
220.170 -10.859
220.602 -11.594
220.726 -11.319
220.879 -11.162
221.015 -11.224
221.066 -10.933
221.099 -10.800
221.158 -11.184
221.354 -11.199
221.572 -10.807
222.995 -11.149
223.353 -10.822
223.427 -11.206
224.681 -10.916
224.797 -11.134
225.121 -11.227
225.525 -11.285
225.729 -10.849
227.982 -11.115
228.076 -11.221
228.222 -11.005
229.086 -11.034
229.381 -11.052
230.410 -11.178
231.536 -10.583
231.594 -11.168
232.069 -11.261
233.039 -11.406
233.718 -11.271
233.965 -11.304
234.627 -10.819
235.119 -11.116
235.353 -10.880
235.460 -11.168
235.737 -11.010
236.966 -11.071
237.140 -11.041
237.478 -11.037
237.852 -11.065
237.982 -10.670
238.242 -10.802
238.655 -10.783
239.532 -11.040
239.670 -10.902
239.751 -11.322
239.783 -10.931
239.787 -10.994
239.950 -11.312
240.011 -11.211
240.733 -11.350
241.191 -11.083
241.332 -10.742
242.173 -10.850
243.403 -10.800
243.527 -11.226
243.783 -11.231
244.197 -10.689
244.564 -10.986
244.634 -11.184
246.087 -10.591
246.489 -11.074
247.328 -11.011
247.398 -11.172
247.501 -10.565
247.537 -11.041
247.599 -11.203
247.699 -10.554
248.016 -11.196
248.848 -10.643
248.944 -10.952
249.015 -11.193
249.169 -10.992
250.015 -11.128
250.283 -11.252
252.080 -11.059
252.565 -10.971
253.149 -11.091
253.425 -11.148
253.797 -11.073
254.593 -10.838
254.927 -10.981
255.272 -10.804
256.898 -11.182
258.380 -11.062
258.902 -11.020
261.449 -11.074
261.946 -11.044
262.231 -11.205
262.753 -11.098
263.020 -10.949
263.370 -11.103
263.967 -11.162
264.636 -11.152
264.855 -11.128
265.625 -11.149
266.080 -11.056
266.388 -10.370
266.499 -10.786
266.612 -10.706
267.113 -11.040
267.792 -10.730
267.794 -11.146
268.202 -11.286
268.262 -11.173
268.802 -11.000
269.359 -11.137
270.200 -10.554
272.952 -11.097
273.259 -11.196
274.573 -10.982
274.731 -10.885
274.987 -11.042
275.318 -11.044
277.281 -11.236
277.388 -11.147
277.770 -11.204
278.124 -10.706
278.161 -11.039
280.302 -11.052
280.350 -11.317
280.620 -11.220
281.751 -10.827
281.756 -11.216
282.376 -11.218
283.354 -11.016
283.914 -10.866
284.698 -11.091
285.531 -10.869
286.186 -10.843
286.546 -11.057
288.427 -10.756
288.607 -11.163
289.293 -10.961
289.556 -10.980
289.570 -10.362
290.548 -10.786
291.523 -11.144
291.737 -11.114
292.949 -11.049
292.997 -10.634
294.192 -11.132
294.935 -11.080
295.371 -11.077
295.742 -10.986
297.518 -10.794
297.809 -10.765
297.887 -10.800
299.090 -11.255
299.604 -10.884
300.096 -11.077
300.719 -10.588
300.973 -11.172
301.738 -11.166
301.814 -10.914
303.226 -11.241
303.304 -11.074
303.506 -10.984
303.999 -10.940
304.475 -10.866
305.100 -11.087
305.291 -10.539
305.372 -11.023
305.655 -10.955
306.203 -10.687
306.290 -10.779
309.524 -10.133
309.530 -10.601
309.571 -10.894
309.610 -11.286
309.798 -10.940
310.058 -10.638
310.519 -11.059
310.787 -10.731
310.801 -10.414
310.854 -10.875
310.973 -10.936
311.764 -11.019
313.704 -11.047
314.651 -10.857
315.358 -11.150
315.403 -10.830
315.968 -10.411
318.215 -10.943
318.463 -11.035
318.518 -10.797
318.597 -11.229
319.519 -10.975
319.578 -10.644
320.468 -10.949
321.900 -10.678
321.944 -10.851
322.062 -11.039
322.328 -10.851
323.379 -10.697
324.819 -10.650
324.861 -11.026
325.378 -11.051
327.166 -10.843
327.224 -11.154
327.423 -10.616
327.507 -11.055
327.908 -10.753
327.926 -10.545
327.930 -10.634
329.221 -10.964
329.512 -10.808
330.495 -10.847
330.532 -11.210
330.744 -10.808
331.013 -10.894
331.672 -11.160
332.030 -10.555
332.907 -10.988
333.628 -10.655
334.649 -10.843
337.375 -10.881
339.200 -10.590
339.262 -10.898
339.519 -10.839
339.537 -10.801
340.183 -11.097
340.444 -11.187
340.581 -11.122
340.773 -11.129
341.955 -10.538
342.481 -10.925
342.753 -10.982
343.420 -10.842
344.415 -10.674
345.733 -10.700
346.161 -10.788
346.838 -10.735
348.481 -10.825
349.031 -10.932
349.197 -10.454
349.473 -10.664
351.140 -10.670
351.208 -11.002
352.729 -10.716
353.944 -11.002
355.869 -10.484
356.014 -10.867
358.599 -10.555
360.808 -10.868
360.957 -10.817
361.393 -10.749
361.953 -10.957
362.187 -11.065
362.350 -10.474
367.066 -10.761
367.927 -10.871
367.962 -10.339
368.370 -11.172
368.438 -11.323
369.581 -10.836
371.944 -10.944
372.561 -10.576
373.871 -10.885
373.944 -10.664
375.447 -10.992
375.463 -10.761
376.032 -10.752
376.246 -10.836
377.639 -10.918
378.255 -10.734
378.862 -10.600
378.866 -10.777
380.154 -10.789
380.742 -10.778
381.298 -10.987
381.684 -10.715
382.303 -10.868
383.157 -10.719
383.925 -10.616
385.765 -10.914
386.232 -10.707
386.319 -10.876
386.745 -10.985
388.882 -10.792
389.562 -10.994
391.346 -10.650
392.305 -10.272
392.551 -10.522
392.695 -10.429
394.820 -10.668
395.360 -10.930
395.720 -10.515
395.733 -10.216
396.949 -10.573
399.049 -10.276
401.129 -10.993
401.523 -10.917
401.582 -11.045
403.126 -10.627
403.143 -11.137
404.957 -10.852
406.483 -10.852
406.587 -10.814
406.658 -10.187
406.743 -10.362
407.789 -10.740
407.915 -10.582
409.565 -10.570
409.611 -11.075
410.353 -10.626
412.543 -10.559
413.346 -10.573
414.875 -10.897
416.438 -10.803
416.688 -11.014
416.803 -10.893
418.016 -11.009
418.083 -10.980
418.114 -10.036
418.457 -10.593
419.556 -10.275
420.267 -10.318
423.464 -10.560
423.863 -10.635
424.914 -10.673
429.417 -10.397
429.789 -10.438
430.556 -10.616
431.125 -10.662
433.432 -10.737
436.093 -10.567
436.571 -10.795
436.794 -10.758
437.266 -10.795
438.527 -10.853
440.636 -10.520
441.303 -10.546
442.084 -10.525
443.504 -10.750
443.775 -10.460
443.839 -10.854
444.716 -10.684
445.143 -10.796
447.727 -10.659
450.449 -10.573
454.324 -10.288
455.208 -10.863
458.253 -10.745
461.718 -10.660
462.045 -10.441
462.280 -10.574
463.143 -10.623
464.095 -10.476
465.585 -10.833
465.898 -10.089
466.001 -10.560
466.171 -10.377
466.669 -10.245
466.740 -10.337
469.017 -10.724
470.570 -10.634
471.246 -10.522
473.471 -10.564
473.620 -10.344
474.648 -10.749
475.849 -10.206
476.195 -10.427
476.483 -10.729
476.494 -10.508
485.014 -10.345
485.981 -10.629
487.811 -10.551
488.677 -10.749
489.701 -10.829
502.359 -10.322
504.485 -10.966
504.972 -10.855
508.659 -10.514
508.806 -9.928
509.619 -10.552
510.184 -10.576
517.115 -10.592
519.892 -10.525
522.613 -10.815
523.901 -10.447
523.959 -10.776
525.834 -10.403
528.330 -10.281
534.321 -10.542
535.205 -10.217
536.956 -10.213
538.182 -10.611
539.657 -10.544
540.938 -10.448
545.723 -10.941
548.023 -10.062
548.339 -10.322
551.434 -10.906
552.482 -10.670
553.620 -10.480
555.673 -10.537
562.509 -10.748
566.285 -10.751
567.779 -10.519
575.810 -10.074
577.483 -10.456
583.269 -10.703
589.583 -10.384
591.903 -10.224
595.417 -10.523
598.709 -10.766
605.782 -10.563
606.505 -10.690
606.900 -10.760
606.951 -10.257
612.180 -10.698
616.017 -10.183
617.461 -10.405
623.344 -10.427
626.730 -10.355
630.829 -10.516
632.918 -10.055
637.791 -10.258
640.418 -10.627
643.037 -10.386
643.452 -10.332
644.116 -10.532
644.165 -10.443
645.834 -10.516
647.184 -10.759
658.532 -10.551
662.415 -10.421
666.307 -10.520
666.527 -10.286
666.695 -10.619
668.546 -10.563
676.983 -10.030
678.098 -10.320
683.340 -10.706
684.346 -10.568
697.022 -9.883
700.359 -10.632
710.309 -10.659
711.600 -10.294
731.818 -10.116
734.177 -10.772
735.962 -9.920
736.495 -10.725
737.467 -10.477
744.410 -9.861
750.567 -10.600
751.613 -10.512
755.564 -10.437
756.582 -9.984
756.658 -10.322
758.378 -10.270
764.158 -10.743
778.417 -10.381
779.028 -9.999
782.027 -10.497
791.710 -10.247
794.703 -10.311
795.885 -10.360
798.564 -9.936
803.641 -10.512
805.328 -10.106
821.748 -10.271
833.258 -10.047
840.968 -10.324
846.614 -10.259
852.794 -9.523
868.132 -10.398
890.614 -10.039
897.344 -10.427
899.283 -10.382
902.137 -9.806
903.708 -10.203
917.122 -10.015
918.810 -10.116
920.922 -10.103
939.010 -9.920
949.006 -10.211
960.209 -9.772
964.121 -10.006
995.700 -10.336
1012.019 -9.781
1012.067 -10.184
1038.528 -9.200
1043.093 -9.898
1154.555 -9.824
1175.412 -10.400
1212.323 -9.984
1225.318 -9.780
1232.354 -9.468
1235.710 -9.879
1239.954 -9.703
1259.707 -9.813
1266.243 -9.994
1339.517 -9.732
1342.266 -10.264
1367.614 -10.001
1396.321 -9.623
1452.174 -9.922
1456.713 -9.645
1675.025 -9.242
1773.010 -9.413
1855.440 -9.082
2617.094 -9.510
3235.717 -9.852
