# Ep lEiso
1.002 -8.036
1.005 -8.077
1.020 -7.956
1.028 -7.970
1.033 -8.020
1.044 -8.071
1.050 -7.939
1.056 -8.015
1.065 -8.065
1.065 -8.063
1.072 -8.011
1.083 -8.035
1.087 -7.962
1.095 -7.997
1.103 -8.029
1.107 -8.079
1.121 -8.008
1.123 -7.967
1.129 -7.953
1.131 -8.042
1.135 -7.999
1.135 -8.018
1.138 -7.920
1.142 -7.999
1.146 -7.999
1.151 -8.043
1.151 -8.032
1.155 -8.013
1.157 -8.001
1.159 -8.030
1.179 -8.106
1.180 -7.977
1.182 -8.040
1.188 -8.060
1.195 -8.061
1.196 -8.122
1.205 -7.956
1.209 -7.956
1.210 -8.088
1.217 -7.932
1.220 -8.041
1.223 -8.024
1.227 -8.091
1.228 -8.099
1.229 -8.032
1.232 -8.062
1.240 -8.060
1.251 -7.946
1.252 -7.992
1.253 -8.074
1.254 -7.997
1.256 -7.965
1.260 -8.041
1.262 -8.044
1.268 -7.973
1.269 -8.052
1.271 -8.063
1.287 -7.940
1.291 -8.049
1.302 -8.027
1.302 -8.020
1.308 -8.086
1.313 -8.078
1.321 -8.043
1.321 -7.981
1.327 -8.064
1.330 -7.987
1.342 -7.886
1.343 -7.961
1.347 -7.996
1.353 -8.081
1.353 -8.082
1.354 -7.997
1.357 -8.052
1.361 -8.108
1.364 -8.034
1.366 -8.040
1.374 -7.996
1.380 -8.023
1.380 -8.016
1.384 -8.066
1.385 -8.039
1.387 -8.060
1.390 -8.025
1.395 -8.034
1.396 -8.040
1.398 -8.054
1.408 -8.009
1.409 -8.049
1.410 -8.048
1.413 -8.039
1.418 -7.980
1.419 -7.997
1.420 -7.962
1.428 -7.965
1.431 -8.021
1.437 -7.977
1.450 -7.964
1.455 -8.052
1.455 -8.028
1.460 -8.075
1.460 -8.087
1.461 -8.113
1.462 -8.046
1.463 -7.993
1.466 -7.981
1.467 -8.041
1.472 -8.011
1.479 -8.021
1.480 -8.107
1.484 -8.080
1.484 -8.107
1.487 -8.037
1.492 -8.055
1.492 -8.030
1.495 -8.020
1.499 -7.973
1.529 -8.074
1.529 -7.952
1.533 -8.013
1.538 -8.070
1.539 -8.021
1.540 -8.027
1.545 -8.128
1.547 -8.002
1.549 -7.995
1.562 -8.120
1.563 -8.069
1.567 -7.994
1.572 -8.057
1.575 -8.057
1.582 -8.088
1.584 -8.047
1.590 -8.037
1.590 -8.054
1.601 -8.056
1.603 -8.057
1.613 -8.044
1.614 -8.080
1.620 -7.972
1.625 -8.006
1.626 -8.014
1.627 -8.018
1.637 -8.019
1.639 -8.003
1.640 -8.073
1.652 -8.106
1.654 -8.044
1.671 -8.055
1.672 -8.024
1.672 -7.944
1.689 -8.037
1.693 -8.042
1.698 -8.078
1.705 -8.098
1.714 -8.050
1.718 -8.083
1.719 -8.055
1.729 -8.056
1.732 -8.015
1.734 -8.046
1.739 -8.067
1.740 -8.079
1.744 -8.096
1.746 -8.033
1.756 -8.047
1.763 -8.028
1.783 -8.028
1.785 -8.014
1.790 -8.017
1.792 -8.036
1.797 -8.056
1.798 -8.071
1.810 -8.097
1.813 -7.953
1.814 -8.065
1.819 -7.994
1.819 -7.935
1.823 -8.015
1.825 -7.978
1.829 -8.034
1.838 -8.087
1.839 -8.076
1.842 -8.063
1.842 -8.022
1.855 -8.060
1.864 -8.079
1.868 -8.032
1.869 -8.071
1.877 -8.066
1.879 -8.029
1.882 -8.043
1.882 -8.048
1.886 -8.041
1.898 -8.087
1.904 -8.063
1.912 -8.010
1.916 -8.072
1.919 -8.071
1.922 -8.079
1.923 -8.106
1.926 -7.994
1.942 -8.071
1.947 -8.004
1.956 -8.068
1.958 -8.045
1.959 -8.093
1.964 -8.048
1.970 -8.071
1.974 -8.115
1.980 -8.043
1.982 -7.938
1.986 -8.031
2.003 -8.060
2.015 -8.114
2.017 -8.079
2.018 -8.112
2.021 -7.963
2.027 -8.068
2.029 -8.031
2.043 -8.020
2.086 -8.096
2.087 -8.033
2.090 -8.091
2.090 -8.056
2.103 -8.047
2.109 -7.970
2.113 -8.069
2.113 -8.092
2.116 -8.042
2.137 -8.065
2.138 -8.107
2.141 -8.035
2.167 -8.105
2.179 -8.079
2.188 -8.038
2.212 -8.061
2.227 -8.026
2.229 -8.065
2.244 -8.076
2.246 -8.086
2.257 -8.080
2.259 -8.040
2.265 -8.096
2.267 -8.121
2.267 -8.045
2.279 -8.072
2.288 -8.072
2.312 -8.123
2.313 -8.123
2.323 -8.043
2.332 -8.098
2.332 -8.139
2.352 -8.027
2.352 -8.079
2.352 -8.064
2.356 -8.080
2.358 -8.053
2.366 -8.101
2.372 -8.077
2.374 -8.090
2.375 -8.104
2.380 -8.087
2.405 -8.120
2.438 -8.045
2.438 -8.067
2.444 -8.115
2.463 -8.105
2.467 -8.045
2.469 -8.037
2.471 -8.096
2.479 -8.087
2.489 -8.106
2.491 -8.093
2.492 -8.051
2.495 -8.028
2.513 -8.077
2.521 -8.053
2.533 -8.055
2.535 -8.065
2.536 -8.044
2.539 -8.121
2.543 -8.073
2.552 -8.103
2.561 -8.105
2.566 -8.060
2.575 -8.069
2.578 -8.082
2.604 -8.132
2.604 -8.101
2.616 -8.118
2.616 -8.146
2.642 -8.071
2.672 -8.080
2.681 -8.027
2.697 -8.164
2.722 -8.122
2.730 -8.038
2.769 -8.138
2.786 -8.120
2.789 -8.116
2.791 -8.079
2.801 -8.096
2.812 -8.071
2.815 -8.156
2.826 -8.069
2.830 -8.136
2.850 -8.083
2.851 -8.129
2.852 -8.159
2.865 -8.121
2.873 -8.047
2.877 -8.059
2.883 -8.120
2.892 -8.135
2.902 -8.092
2.909 -8.161
2.922 -8.087
2.922 -8.064
2.924 -8.097
2.972 -8.109
2.982 -8.100
3.019 -8.040
3.020 -8.152
3.035 -8.161
3.042 -8.119
3.066 -8.113
3.072 -8.086
3.078 -8.121
3.082 -8.170
3.082 -8.093
3.082 -8.128
3.088 -8.096
3.092 -8.116
3.095 -8.156
3.103 -8.068
3.133 -8.082
3.166 -8.103
3.174 -8.138
3.195 -8.117
3.211 -8.124
3.235 -8.107
3.236 -8.099
3.251 -8.089
3.261 -8.145
3.276 -8.129
3.290 -8.179
3.291 -8.124
3.297 -8.153
3.313 -8.113
3.318 -8.150
3.320 -8.105
3.324 -8.149
3.342 -8.164
3.353 -8.161
3.362 -8.098
3.395 -8.136
3.403 -8.095
3.442 -8.161
3.444 -8.092
3.470 -8.121
3.473 -8.156
3.479 -8.107
3.480 -8.154
3.482 -8.160
3.491 -8.113
3.509 -8.162
3.584 -8.161
3.588 -8.182
3.589 -8.123
3.623 -8.158
3.664 -8.176
3.672 -8.093
3.684 -8.163
3.687 -8.078
3.697 -8.160
3.702 -8.167
3.706 -8.174
3.706 -8.142
3.745 -8.155
3.793 -8.097
3.806 -8.129
3.821 -8.198
3.848 -8.126
3.861 -8.158
3.864 -8.172
3.909 -8.141
3.941 -8.141
3.964 -8.148
3.985 -8.158
4.000 -8.202
4.003 -8.115
4.007 -8.205
4.022 -8.166
4.040 -8.120
4.059 -8.163
4.071 -8.167
4.078 -8.147
4.086 -8.153
4.090 -8.175
4.090 -8.180
4.116 -8.168
4.121 -8.172
4.126 -8.178
4.134 -8.156
4.164 -8.156
4.170 -8.187
4.173 -8.225
4.195 -8.179
4.205 -8.142
4.216 -8.173
4.240 -8.189
4.250 -8.147
4.267 -8.213
4.352 -8.151
4.361 -8.139
4.377 -8.173
4.386 -8.179
4.390 -8.143
4.393 -8.178
4.400 -8.140
4.420 -8.177
4.460 -8.204
4.473 -8.215
4.476 -8.159
4.476 -8.223
4.480 -8.221
4.485 -8.200
4.495 -8.160
4.497 -8.183
4.498 -8.151
4.498 -8.206
4.512 -8.178
4.519 -8.216
4.556 -8.157
4.573 -8.181
4.577 -8.182
4.583 -8.185
4.588 -8.229
4.609 -8.211
4.614 -8.167
4.627 -8.161
4.628 -8.173
4.631 -8.224
4.684 -8.231
4.687 -8.207
4.736 -8.183
4.738 -8.216
4.740 -8.197
4.760 -8.192
4.761 -8.237
4.790 -8.163
4.800 -8.170
4.802 -8.240
4.806 -8.213
4.829 -8.188
4.850 -8.229
4.857 -8.182
4.865 -8.213
4.878 -8.148
4.906 -8.195
4.937 -8.208
4.944 -8.160
4.951 -8.185
4.965 -8.193
4.980 -8.173
5.001 -8.172
5.040 -8.229
5.064 -8.231
5.072 -8.265
5.087 -8.154
5.089 -8.187
5.122 -8.220
5.125 -8.162
5.152 -8.190
5.166 -8.188
5.194 -8.243
5.233 -8.213
5.257 -8.190
5.273 -8.195
5.300 -8.210
5.300 -8.223
5.303 -8.206
5.308 -8.227
5.343 -8.270
5.347 -8.239
5.468 -8.243
5.469 -8.179
5.477 -8.206
5.520 -8.187
5.566 -8.266
5.570 -8.235
5.577 -8.202
5.585 -8.247
5.588 -8.195
5.616 -8.235
5.633 -8.268
5.653 -8.255
5.659 -8.234
5.666 -8.258
5.672 -8.255
5.675 -8.204
5.676 -8.194
5.679 -8.224
5.688 -8.225
5.699 -8.195
5.765 -8.262
5.782 -8.199
5.786 -8.229
5.845 -8.208
5.850 -8.264
5.865 -8.222
5.884 -8.238
5.893 -8.249
5.993 -8.230
5.997 -8.245
6.004 -8.222
6.042 -8.226
6.055 -8.259
6.101 -8.260
6.157 -8.196
6.160 -8.268
6.184 -8.271
6.233 -8.266
6.268 -8.257
6.280 -8.261
6.313 -8.223
6.338 -8.249
6.350 -8.293
6.355 -8.254
6.369 -8.223
6.428 -8.249
6.436 -8.247
6.452 -8.248
6.470 -8.292
6.476 -8.297
6.488 -8.316
6.508 -8.229
6.550 -8.252
6.556 -8.241
6.560 -8.275
6.561 -8.284
6.562 -8.248
6.569 -8.275
6.572 -8.297
6.606 -8.280
6.628 -8.258
6.635 -8.230
6.675 -8.241
6.733 -8.239
6.739 -8.275
6.751 -8.276
6.771 -8.231
6.788 -8.256
6.791 -8.273
6.860 -8.226
6.880 -8.267
6.924 -8.263
6.928 -8.257
6.934 -8.226
6.936 -8.266
6.939 -8.280
6.944 -8.322
6.961 -8.281
7.004 -8.235
7.008 -8.310
7.012 -8.282
7.020 -8.297
7.061 -8.310
7.074 -8.290
7.163 -8.278
7.186 -8.271
7.215 -8.333
7.229 -8.288
7.247 -8.283
7.286 -8.264
7.303 -8.329
7.320 -8.262
7.399 -8.299
7.472 -8.271
7.498 -8.276
7.623 -8.331
7.650 -8.298
7.666 -8.276
7.694 -8.305
7.708 -8.292
7.727 -8.307
7.759 -8.314
7.793 -8.314
7.803 -8.312
7.842 -8.290
7.864 -8.274
7.880 -8.245
7.885 -8.283
7.891 -8.365
7.916 -8.354
7.950 -8.280
7.950 -8.319
7.970 -8.333
7.973 -8.322
8.000 -8.228
8.028 -8.281
8.069 -8.267
8.206 -8.323
8.222 -8.333
8.287 -8.244
8.295 -8.350
8.308 -8.321
8.324 -8.309
8.428 -8.343
8.434 -8.334
8.455 -8.340
8.474 -8.386
8.476 -8.351
8.592 -8.326
8.594 -8.352
8.609 -8.372
8.670 -8.379
8.671 -8.343
8.704 -8.344
8.754 -8.348
8.781 -8.309
8.820 -8.333
8.861 -8.311
8.893 -8.364
8.910 -8.330
9.003 -8.301
9.012 -8.343
9.046 -8.355
9.060 -8.360
9.060 -8.261
9.112 -8.404
9.164 -8.347
9.175 -8.344
9.239 -8.381
9.242 -8.297
9.305 -8.352
9.344 -8.348
9.367 -8.349
9.387 -8.340
9.481 -8.323
9.496 -8.321
9.500 -8.325
9.564 -8.376
9.591 -8.327
9.617 -8.359
9.650 -8.308
9.664 -8.385
9.705 -8.373
9.709 -8.345
9.789 -8.385
9.793 -8.380
9.805 -8.357
9.832 -8.409
9.859 -8.388
9.894 -8.373
9.905 -8.313
9.910 -8.367
9.926 -8.360
9.954 -8.332
9.958 -8.430
10.120 -8.278
10.120 -8.330
10.122 -8.363
10.124 -8.406
10.133 -8.449
10.146 -8.416
10.169 -8.383
10.183 -8.347
10.184 -8.312
10.186 -8.363
10.192 -8.371
10.232 -8.315
10.330 -8.324
10.380 -8.347
10.417 -8.404
10.420 -8.367
10.449 -8.489
10.568 -8.385
10.581 -8.428
10.584 -8.368
10.588 -8.418
10.637 -8.432
10.640 -8.497
10.687 -8.389
10.762 -8.359
10.765 -8.422
10.771 -8.402
10.785 -8.380
10.840 -8.364
10.919 -8.361
10.921 -8.405
10.949 -8.409
11.048 -8.387
11.051 -8.425
11.062 -8.361
11.067 -8.413
11.089 -8.378
11.090 -8.353
11.090 -8.364
11.161 -8.420
11.177 -8.387
11.232 -8.378
11.234 -8.468
11.245 -8.373
11.260 -8.400
11.297 -8.433
11.316 -8.361
11.365 -8.415
11.405 -8.375
11.462 -8.400
11.595 -8.364
11.684 -8.376
11.687 -8.415
11.700 -8.408
11.701 -8.403
11.732 -8.441
11.745 -8.452
11.752 -8.445
11.761 -8.446
11.819 -8.374
11.845 -8.392
11.858 -8.431
11.891 -8.414
11.940 -8.393
12.006 -8.397
12.027 -8.469
12.061 -8.401
12.142 -8.473
12.170 -8.474
12.178 -8.366
12.192 -8.393
12.274 -8.454
12.278 -8.437
12.353 -8.404
12.414 -8.529
12.509 -8.385
12.516 -8.436
12.645 -8.492
12.754 -8.448
12.761 -8.351
12.783 -8.433
12.810 -8.460
12.822 -8.475
12.830 -8.397
13.062 -8.431
13.104 -8.451
13.105 -8.380
13.125 -8.492
13.128 -8.513
13.184 -8.508
13.288 -8.463
13.313 -8.412
13.365 -8.499
13.368 -8.408
13.427 -8.472
13.428 -8.441
13.450 -8.440
13.458 -8.452
13.513 -8.466
13.537 -8.442
13.561 -8.425
13.561 -8.449
13.612 -8.453
13.635 -8.440
13.657 -8.481
13.672 -8.411
13.696 -8.381
13.729 -8.444
13.759 -8.430
13.830 -8.471
13.848 -8.315
13.851 -8.466
13.868 -8.481
13.950 -8.457
13.977 -8.487
14.045 -8.443
14.082 -8.394
14.091 -8.429
14.097 -8.416
14.178 -8.417
14.199 -8.486
14.213 -8.429
14.213 -8.388
14.260 -8.437
14.340 -8.396
14.419 -8.529
14.434 -8.484
14.436 -8.502
14.495 -8.508
14.496 -8.515
14.565 -8.546
14.623 -8.442
14.627 -8.480
14.629 -8.396
14.633 -8.525
14.672 -8.472
14.677 -8.544
14.740 -8.450
14.742 -8.567
14.770 -8.457
14.854 -8.448
14.884 -8.450
14.943 -8.494
15.003 -8.481
15.012 -8.510
15.017 -8.493
15.055 -8.557
15.057 -8.506
15.058 -8.376
15.069 -8.453
15.102 -8.409
15.123 -8.415
15.220 -8.464
15.232 -8.474
15.263 -8.480
15.401 -8.444
15.412 -8.450
15.436 -8.474
15.453 -8.523
15.524 -8.492
15.607 -8.470
15.621 -8.502
15.628 -8.497
15.643 -8.502
15.682 -8.511
15.745 -8.465
15.764 -8.469
15.785 -8.467
15.825 -8.499
15.832 -8.533
15.834 -8.552
15.858 -8.490
15.870 -8.506
15.943 -8.488
16.020 -8.490
16.131 -8.451
16.156 -8.418
16.245 -8.465
16.347 -8.507
16.357 -8.475
16.364 -8.632
16.390 -8.502
16.418 -8.465
16.463 -8.410
16.473 -8.424
16.476 -8.494
16.481 -8.428
16.496 -8.448
16.498 -8.462
16.568 -8.583
16.616 -8.419
16.637 -8.491
16.707 -8.603
16.712 -8.465
16.745 -8.462
16.783 -8.445
16.794 -8.480
16.803 -8.610
16.804 -8.494
17.014 -8.477
17.038 -8.588
17.083 -8.477
17.104 -8.686
17.129 -8.592
17.457 -8.576
17.513 -8.532
17.526 -8.660
17.626 -8.611
17.630 -8.509
17.653 -8.619
17.669 -8.624
17.865 -8.637
17.946 -8.628
18.028 -8.679
18.067 -8.615
18.069 -8.506
18.126 -8.507
18.201 -8.587
18.391 -8.634
18.420 -8.502
18.477 -8.495
18.517 -8.647
18.565 -8.635
18.607 -8.573
18.770 -8.552
18.852 -8.557
18.863 -8.603
18.972 -8.529
19.009 -8.531
19.049 -8.637
19.122 -8.649
19.310 -8.689
19.408 -8.585
19.447 -8.650
19.655 -8.574
19.698 -8.641
19.862 -8.682
20.043 -8.626
20.109 -8.559
20.210 -8.584
20.304 -8.683
20.523 -8.652
20.546 -8.573
20.559 -8.682
20.561 -8.604
20.729 -8.675
20.853 -8.594
20.899 -8.630
21.089 -8.635
21.203 -8.624
21.355 -8.651
21.433 -8.574
21.613 -8.609
21.711 -8.563
21.808 -8.555
21.823 -8.623
21.848 -8.577
21.850 -8.643
21.912 -8.656
21.962 -8.553
22.435 -8.576
22.606 -8.644
22.738 -8.501
22.744 -8.620
22.748 -8.682
22.797 -8.672
23.019 -8.573
23.048 -8.548
23.186 -8.707
23.213 -8.680
23.600 -8.545
23.702 -8.562
24.006 -8.712
24.045 -8.634
24.655 -8.604
24.723 -8.754
24.775 -8.565
24.790 -8.747
24.818 -8.692
25.018 -8.562
25.195 -8.736
25.225 -8.717
25.338 -8.705
25.368 -8.604
25.370 -8.680
25.419 -8.671
25.586 -8.598
25.996 -8.719
26.013 -8.633
26.100 -8.595
26.311 -8.700
26.369 -8.716
26.392 -8.728
26.443 -8.632
26.541 -8.652
26.574 -8.675
26.805 -8.720
26.920 -8.673
26.997 -8.739
27.054 -8.726
27.115 -8.561
27.269 -8.764
27.494 -8.691
27.561 -8.779
27.580 -8.770
27.609 -8.644
27.624 -8.732
27.758 -8.695
27.775 -8.718
27.796 -8.716
27.977 -8.682
28.077 -8.670
28.194 -8.658
28.244 -8.711
28.641 -8.700
28.847 -8.697
28.847 -8.782
29.074 -8.586
29.098 -8.678
29.701 -8.697
29.814 -8.881
30.014 -8.803
30.084 -8.636
30.122 -8.699
30.140 -8.787
30.163 -8.781
30.270 -8.707
30.306 -8.683
30.762 -8.879
30.776 -8.895
30.901 -8.842
31.044 -8.769
31.321 -8.893
31.344 -8.856
32.427 -8.745
32.914 -8.783
33.129 -8.906
35.691 -8.905
36.564 -8.989
