# Ep lEiso
1.004 -9.821
1.008 -9.882
1.033 -9.701
1.047 -9.724
1.055 -9.797
1.073 -9.873
1.084 -9.678
1.094 -9.637
1.109 -9.865
1.109 -9.861
1.120 -9.786
1.138 -9.822
1.145 -9.715
1.159 -9.766
1.172 -9.717
1.178 -9.689
1.202 -9.783
1.206 -9.725
1.215 -9.704
1.218 -9.833
1.224 -9.771
1.225 -9.798
1.230 -9.656
1.237 -9.744
1.243 -9.772
1.252 -9.835
1.252 -9.819
1.258 -9.792
1.262 -9.775
1.266 -9.816
1.299 -9.926
1.301 -9.742
1.303 -9.832
1.313 -9.645
1.325 -9.746
1.327 -9.950
1.341 -9.651
1.349 -9.712
1.350 -9.902
1.362 -9.678
1.367 -9.835
1.371 -9.810
1.379 -9.906
1.380 -9.917
1.382 -9.821
1.387 -9.864
1.400 -9.862
1.419 -9.701
1.420 -9.765
1.421 -9.881
1.423 -9.774
1.426 -9.728
1.434 -9.836
1.437 -9.839
1.447 -9.739
1.448 -9.850
1.452 -9.867
1.479 -9.694
1.485 -9.847
1.504 -9.816
1.504 -9.807
1.514 -9.899
1.521 -9.889
1.539 -9.841
1.541 -9.753
1.555 -9.869
1.564 -9.763
1.592 -9.623
1.594 -9.728
1.604 -9.776
1.619 -9.895
1.619 -9.897
1.623 -9.778
1.629 -9.855
1.640 -9.933
1.648 -9.830
1.652 -9.710
1.672 -9.778
1.686 -9.816
1.687 -9.806
1.696 -9.876
1.699 -9.839
1.703 -9.749
1.712 -9.819
1.722 -9.832
1.727 -9.841
1.731 -9.860
1.755 -9.798
1.757 -9.854
1.762 -9.852
1.766 -9.840
1.776 -9.759
1.777 -9.782
1.778 -9.735
1.794 -9.738
1.798 -9.816
1.809 -9.755
1.834 -9.738
1.842 -9.745
1.842 -9.827
1.850 -9.891
1.851 -9.908
1.852 -9.943
1.853 -9.851
1.857 -9.777
1.861 -9.761
1.862 -9.844
1.873 -9.803
1.884 -9.817
1.887 -9.935
1.893 -9.899
1.894 -9.936
1.900 -9.840
1.908 -9.865
1.909 -9.830
1.914 -9.816
1.920 -9.752
1.974 -9.891
1.974 -9.724
1.981 -9.807
1.990 -9.886
1.992 -9.819
1.994 -9.827
2.003 -9.966
2.007 -9.793
2.010 -9.784
2.033 -9.955
2.035 -9.885
2.042 -9.782
2.051 -9.868
2.056 -9.868
2.068 -9.911
2.074 -9.855
2.083 -9.993
2.084 -9.794
2.104 -9.867
2.107 -9.733
2.126 -9.853
2.127 -9.902
2.138 -9.754
2.146 -9.800
2.148 -9.812
2.150 -9.816
2.168 -9.819
2.171 -9.797
2.173 -9.892
2.195 -9.825
2.198 -9.853
2.239 -9.869
2.241 -9.827
2.242 -9.719
2.285 -9.847
2.293 -9.854
2.308 -9.902
2.324 -9.800
2.348 -9.867
2.357 -9.865
2.359 -9.771
2.386 -9.876
2.394 -9.821
2.399 -9.863
2.412 -9.857
2.413 -9.795
2.423 -9.978
2.429 -9.847
2.453 -9.866
2.471 -9.841
2.523 -9.843
2.528 -9.824
2.538 -9.828
2.545 -9.855
2.558 -9.881
2.559 -9.902
2.590 -9.938
2.598 -9.745
2.602 -9.895
2.612 -9.800
2.613 -9.722
2.623 -9.828
2.628 -9.779
2.639 -9.855
2.660 -9.766
2.664 -9.821
2.670 -9.894
2.671 -9.840
2.704 -9.891
2.728 -9.834
2.737 -9.855
2.740 -9.771
2.758 -9.901
2.766 -9.853
2.773 -9.822
2.774 -9.878
2.783 -9.869
2.812 -9.931
2.828 -9.899
2.844 -9.829
2.853 -9.910
2.859 -9.850
2.863 -9.921
2.866 -9.832
2.872 -9.807
2.902 -9.855
2.911 -9.818
2.929 -9.775
2.933 -9.873
2.935 -9.839
2.944 -9.877
2.955 -9.908
2.962 -9.840
2.974 -9.869
2.978 -9.726
2.985 -9.852
3.019 -9.891
3.041 -9.964
3.046 -9.915
3.048 -9.856
3.056 -9.757
3.071 -9.900
3.077 -9.849
3.111 -9.834
3.224 -9.939
3.227 -9.850
3.233 -9.932
3.234 -9.883
3.268 -9.869
3.283 -9.760
3.292 -9.900
3.292 -9.933
3.302 -9.862
3.354 -9.894
3.357 -9.954
3.365 -9.851
3.433 -9.951
3.464 -9.913
3.486 -9.854
3.547 -9.885
3.589 -9.834
3.593 -9.891
3.631 -9.908
3.636 -9.922
3.665 -9.913
3.669 -9.852
3.685 -9.937
3.691 -9.974
3.691 -9.908
3.722 -9.900
3.744 -9.900
3.807 -9.976
3.808 -10.034
3.836 -9.854
3.857 -9.938
3.859 -10.000
3.909 -9.966
3.910 -9.908
3.910 -9.884
3.921 -9.971
3.925 -9.867
3.945 -9.941
3.961 -9.904
3.967 -9.924
3.968 -9.946
3.981 -9.919
4.048 -9.970
4.160 -9.853
4.161 -9.968
4.180 -9.965
4.244 -9.950
4.257 -9.852
4.265 -9.923
4.272 -9.935
4.300 -9.983
4.327 -9.985
4.330 -9.968
4.335 -9.862
4.342 -9.825
4.389 -9.958
4.411 -9.867
4.440 -10.005
4.448 -9.978
4.449 -9.980
4.456 -9.979
4.469 -10.028
4.491 -9.951
4.516 -10.006
4.529 -9.879
4.552 -10.065
4.560 -9.916
4.627 -10.002
4.628 -9.950
4.658 -9.979
4.659 -10.025
4.727 -9.900
4.807 -9.917
4.831 -9.828
4.871 -10.060
4.936 -9.990
4.959 -9.991
5.062 -10.019
5.105 -10.028
5.114 -10.026
5.117 -9.919
5.145 -9.948
5.177 -9.907
5.185 -10.054
5.222 -10.039
5.236 -10.019
5.300 -10.052
5.303 -10.010
5.306 -10.062
5.351 -9.997
5.377 -10.029
5.388 -9.986
5.410 -9.997
5.440 -10.023
5.472 -10.012
5.495 -10.071
5.537 -10.015
5.539 -9.899
5.544 -9.959
5.704 -9.983
5.737 -9.967
5.859 -9.860
5.862 -10.065
5.911 -10.084
5.934 -10.006
6.012 -9.996
6.032 -9.946
6.054 -10.012
6.065 -10.103
6.066 -9.960
6.068 -10.026
6.086 -10.048
6.100 -10.004
6.109 -10.079
6.136 -10.005
6.229 -9.942
6.316 -9.982
6.339 -10.047
6.395 -10.009
6.442 -10.023
6.521 -9.992
6.523 -9.977
6.571 -9.959
6.605 -10.068
6.653 -10.038
6.699 -10.139
6.700 -10.031
6.720 -10.088
6.770 -10.010
6.789 -10.085
6.794 -9.995
6.809 -10.083
6.864 -10.115
6.899 -10.109
6.928 -9.984
7.037 -10.063
7.060 -9.980
7.189 -10.117
7.196 -9.976
7.279 -10.036
7.288 -10.110
7.308 -10.008
7.310 -9.906
7.317 -10.119
7.345 -10.021
7.404 -10.126
7.644 -10.129
7.659 -10.174
7.660 -10.047
7.775 -10.063
7.932 -10.175
7.961 -9.993
8.007 -9.931
8.017 -9.962
8.055 -10.089
8.075 -9.979
8.088 -10.096
8.090 -10.107
8.236 -10.030
8.413 -10.018
8.465 -10.094
8.521 -10.255
8.606 -10.092
8.647 -10.165
8.657 -10.002
8.798 -10.032
8.897 -10.131
8.966 -10.148
9.033 -10.174
9.081 -10.139
9.089 -10.071
9.100 -10.287
9.151 -10.194
9.215 -10.080
9.280 -10.182
9.322 -10.190
9.348 -10.140
9.374 -10.154
9.389 -10.076
9.389 -10.009
9.482 -10.187
9.497 -10.196
9.517 -10.051
9.544 -10.153
9.650 -10.150
9.669 -10.149
9.680 -10.329
9.759 -10.208
9.794 -10.107
9.832 -10.189
9.918 -10.010
9.952 -10.113
10.010 -10.082
10.312 -10.105
10.342 -10.069
10.397 -10.166
10.431 -10.182
10.443 -10.078
10.455 -10.178
10.480 -10.066
10.548 -10.172
10.705 -10.250
10.756 -10.283
10.767 -10.113
10.770 -10.307
10.783 -10.302
10.803 -10.238
10.844 -10.113
10.852 -10.184
10.854 -10.087
10.854 -10.255
10.907 -10.168
10.934 -10.285
11.080 -10.097
11.144 -10.172
11.156 -10.176
11.176 -10.183
11.193 -10.325
11.263 -10.267
11.276 -10.122
11.319 -10.103
11.324 -10.259
11.334 -10.306
11.510 -10.327
11.519 -10.247
11.680 -10.189
11.686 -10.274
11.693 -10.210
11.761 -10.193
11.764 -10.342
11.858 -10.195
11.892 -10.113
11.897 -10.352
11.913 -10.260
11.990 -10.327
12.065 -10.312
12.091 -10.151
12.118 -10.259
12.165 -10.032
12.264 -10.195
12.374 -10.242
12.399 -10.071
12.422 -10.161
12.473 -10.186
12.526 -10.114
12.601 -10.111
12.742 -10.318
12.827 -10.325
12.855 -10.450
12.908 -10.039
12.915 -10.161
13.032 -10.283
13.044 -10.360
13.139 -10.170
13.189 -10.159
13.288 -10.371
13.428 -10.254
13.518 -10.169
13.577 -10.188
13.675 -10.247
13.676 -10.297
13.686 -10.234
13.703 -10.313
13.827 -10.340
13.840 -10.361
14.223 -10.383
14.227 -10.139
14.252 -10.243
14.387 -10.088
14.533 -10.472
14.544 -10.356
14.568 -9.987
14.592 -10.125
14.602 -10.208
14.693 -10.359
14.744 -10.216
14.808 -10.428
14.826 -10.348
14.848 -10.370
14.869 -10.428
14.876 -10.237
14.881 -10.198
14.889 -10.309
14.918 -10.314
14.950 -10.200
15.160 -10.444
15.212 -10.203
15.223 -10.316
15.408 -10.229
15.425 -10.191
15.472 -10.282
15.530 -10.340
15.558 -10.210
15.872 -10.296
15.885 -10.352
15.905 -10.263
16.024 -10.274
16.064 -10.077
16.200 -10.399
16.349 -10.136
16.357 -10.424
16.420 -10.429
16.548 -10.404
16.638 -10.362
16.671 -10.374
16.759 -10.216
16.824 -10.385
16.855 -10.495
16.869 -10.334
16.906 -10.204
17.060 -10.302
17.081 -10.292
17.123 -10.291
17.170 -10.474
17.186 -10.493
17.218 -10.210
17.267 -10.207
17.367 -10.304
17.383 -10.259
17.393 -10.402
17.396 -10.439
17.397 -10.291
17.416 -10.401
17.422 -10.490
17.505 -10.421
17.558 -10.336
17.574 -10.224
17.671 -10.145
17.812 -10.266
17.826 -10.407
17.856 -10.411
17.903 -10.239
17.945 -10.339
17.953 -10.404
18.120 -10.230
18.167 -10.387
18.263 -10.376
18.271 -10.353
18.283 -10.238
18.287 -10.387
18.294 -10.438
18.306 -10.237
18.342 -10.440
18.429 -10.272
18.439 -10.543
18.445 -10.443
18.460 -10.496
18.542 -10.331
18.568 -10.465
18.741 -10.408
18.788 -10.241
18.844 -10.603
18.871 -10.439
18.906 -10.416
18.983 -10.342
19.015 -10.388
19.049 -10.332
19.205 -10.323
19.348 -10.347
19.398 -10.360
19.624 -10.540
19.667 -10.423
19.692 -10.348
19.737 -10.441
19.760 -10.644
19.791 -10.443
19.842 -10.461
19.895 -10.458
19.912 -10.312
19.974 -10.379
20.010 -10.332
20.034 -10.244
20.043 -10.290
20.052 -10.592
20.092 -10.557
20.146 -10.345
20.146 -10.243
20.179 -10.489
20.184 -10.460
20.227 -10.204
20.271 -10.344
20.338 -10.308
20.545 -10.452
20.568 -10.278
20.662 -10.267
20.674 -10.522
20.692 -10.456
20.716 -10.426
20.858 -10.519
20.866 -10.499
20.893 -10.516
20.919 -10.627
20.922 -10.393
21.076 -10.501
21.080 -10.563
21.099 -10.323
21.181 -10.634
21.181 -10.350
21.226 -10.555
21.292 -10.399
21.329 -10.485
21.376 -10.775
21.426 -10.499
21.466 -10.785
21.488 -10.483
21.601 -10.406
21.612 -10.450
21.653 -10.623
21.669 -10.635
21.670 -10.413
21.729 -10.519
21.788 -10.610
21.800 -10.605
21.874 -10.690
21.876 -10.503
21.949 -10.628
21.993 -10.622
22.020 -10.625
22.042 -10.503
22.149 -10.575
22.166 -10.569
22.170 -10.578
22.238 -10.421
22.267 -10.576
22.295 -10.642
22.330 -10.533
22.344 -10.691
22.388 -10.663
22.392 -10.607
22.472 -10.679
22.476 -10.532
22.488 -10.623
22.515 -10.723
22.542 -10.679
22.578 -10.646
22.588 -10.529
22.593 -10.632
22.609 -10.618
22.637 -10.562
22.641 -10.751
22.803 -10.453
22.804 -10.501
22.806 -10.609
22.808 -10.689
22.817 -10.767
22.830 -10.703
22.853 -10.665
22.866 -10.577
22.867 -10.513
22.870 -10.656
22.876 -10.618
22.914 -10.517
23.007 -10.526
23.052 -10.567
23.086 -10.663
23.088 -10.601
23.115 -10.804
23.222 -10.625
23.234 -10.695
23.236 -10.598
23.240 -10.753
23.284 -10.699
23.287 -10.802
23.329 -10.627
23.398 -10.579
23.400 -10.676
23.405 -10.644
23.418 -10.611
23.468 -10.584
23.537 -10.578
23.539 -10.643
23.564 -10.648
23.646 -10.613
23.649 -10.667
23.658 -10.573
23.662 -10.770
23.680 -10.598
23.681 -10.561
23.681 -10.750
23.741 -10.656
23.754 -10.608
23.799 -10.594
23.801 -10.723
23.811 -10.586
23.823 -10.624
23.854 -10.671
23.870 -10.565
23.910 -10.641
23.944 -10.584
23.990 -10.617
24.098 -10.561
24.170 -10.516
24.173 -10.629
24.182 -10.618
24.183 -10.612
24.208 -10.664
24.218 -10.680
24.224 -10.669
24.231 -10.447
24.277 -10.562
24.297 -10.586
24.308 -10.725
24.333 -10.515
24.372 -10.585
24.423 -10.589
24.439 -10.700
24.466 -10.595
24.529 -10.706
24.550 -10.462
24.557 -10.450
24.567 -10.728
24.632 -10.691
24.635 -10.779
24.693 -10.587
24.740 -10.792
24.813 -10.453
24.819 -10.627
24.917 -10.725
25.001 -10.642
25.007 -10.451
25.023 -10.613
25.045 -10.668
25.054 -10.768
25.060 -10.815
25.239 -10.611
25.271 -10.649
25.273 -10.502
25.288 -10.730
25.290 -10.771
25.333 -10.756
25.414 -10.880
25.434 -10.552
25.474 -10.851
25.476 -10.722
25.523 -10.653
25.523 -10.591
25.541 -10.587
25.548 -10.372
25.591 -10.722
25.610 -10.616
25.628 -10.538
25.628 -10.585
25.668 -10.759
25.686 -10.681
25.703 -10.641
25.715 -10.502
25.734 -10.609
25.760 -10.569
25.784 -10.765
25.840 -10.623
25.854 -10.303
25.857 -10.613
25.870 -10.644
25.936 -10.589
25.957 -10.648
26.011 -10.718
26.041 -10.431
26.048 -10.507
26.053 -10.652
26.117 -10.475
26.134 -10.632
26.145 -10.716
26.145 -10.409
26.182 -10.520
26.246 -10.423
26.310 -10.735
26.322 -10.630
26.324 -10.820
26.371 -10.703
26.371 -10.721
26.426 -10.817
26.473 -10.764
26.476 -10.666
26.478 -10.453
26.480 -10.782
26.512 -10.659
26.516 -10.846
26.566 -10.627
26.568 -10.934
26.590 -10.658
26.657 -10.656
26.681 -10.661
26.727 -10.777
26.775 -10.743
26.782 -10.819
26.786 -10.775
26.816 -10.941
26.818 -10.808
26.819 -10.469
26.827 -10.506
26.853 -10.556
26.869 -10.573
26.945 -10.664
26.954 -10.475
26.979 -10.706
27.086 -10.612
27.095 -10.627
27.113 -10.593
27.126 -10.821
27.181 -10.514
27.244 -10.681
27.255 -10.765
27.260 -10.752
27.271 -10.766
27.301 -10.789
27.351 -10.670
27.367 -10.680
27.385 -10.673
27.419 -10.757
27.425 -10.612
27.427 -10.447
27.448 -10.735
27.458 -10.776
27.519 -10.729
27.584 -10.703
27.676 -10.614
27.697 -10.546
27.769 -10.675
27.852 -10.769
27.859 -10.709
27.865 -10.746
27.886 -10.760
27.908 -10.690
27.944 -10.587
27.952 -10.613
27.954 -10.745
27.958 -10.620
27.970 -10.580
27.972 -10.683
28.026 -10.914
28.064 -10.599
28.080 -10.738
28.133 -10.752
28.137 -10.683
28.162 -10.669
28.191 -10.615
28.199 -10.689
28.206 -10.601
28.206 -10.715
28.361 -10.649
28.379 -10.758
28.411 -10.650
28.426 -10.805
28.445 -10.836
28.668 -10.725
28.701 -10.899
28.709 -10.869
28.767 -10.922
28.769 -10.621
28.782 -10.789
28.791 -10.796
28.901 -10.803
28.946 -10.785
28.989 -10.851
29.010 -10.693
29.011 -10.563
29.041 -10.564
29.081 -10.693
29.179 -10.771
29.193 -10.553
29.222 -10.540
29.242 -10.792
29.266 -10.773
29.287 -10.670
29.366 -10.630
29.404 -10.635
29.410 -10.711
29.462 -10.884
29.479 -10.582
29.498 -10.759
29.533 -10.778
29.617 -10.854
29.660 -10.862
29.677 -10.755
29.770 -10.680
29.790 -10.787
29.857 -10.858
29.932 -10.772
29.960 -10.657
30.001 -10.702
30.041 -10.883
30.127 -10.829
30.136 -10.686
30.141 -10.899
30.141 -10.743
30.205 -10.869
30.252 -10.726
30.270 -10.789
30.344 -10.797
30.388 -10.779
30.440 -10.902
30.466 -10.696
30.529 -10.903
30.562 -10.861
30.597 -10.736
30.603 -10.778
30.612 -10.702
30.612 -10.810
30.635 -10.831
30.653 -10.665
30.805 -10.846
30.857 -10.811
30.899 -10.589
30.901 -10.774
30.902 -10.869
30.918 -10.854
30.990 -10.703
31.000 -10.664
31.044 -10.906
31.053 -10.865
31.161 -10.663
31.190 -10.687
31.279 -10.910
31.291 -10.795
31.478 -10.545
31.500 -10.965
31.516 -10.682
31.521 -10.952
31.530 -10.602
31.594 -10.663
31.653 -10.920
31.664 -10.891
31.704 -10.617
31.715 -10.709
31.715 -10.828
31.733 -10.810
31.792 -10.687
31.939 -10.862
31.945 -10.721
31.976 -10.652
32.075 -10.819
32.106 -10.846
32.118 -10.865
32.150 -10.705
32.209 -10.738
32.229 -10.777
32.371 -10.856
32.441 -10.775
32.488 -10.890
32.522 -10.735
32.560 -10.582
32.654 -10.889
32.813 -10.805
32.862 -10.960
32.876 -10.943
32.897 -10.718
32.908 -10.874
33.006 -10.806
33.018 -10.846
33.034 -10.842
33.165 -10.776
33.238 -10.752
33.320 -10.726
33.354 -10.819
33.644 -10.769
33.793 -10.747
33.794 -10.906
33.959 -10.523
33.977 -10.800
34.532 -10.786
34.643 -10.858
34.840 -10.857
34.909 -10.536
34.947 -10.653
34.965 -10.818
34.994 -10.748
35.150 -10.794
35.201 -10.609
35.746 -10.771
35.754 -10.983
35.821 -10.876
35.897 -10.731
36.063 -10.844
36.083 -10.742
37.047 -10.623
37.691 -10.684
38.060 -10.597
40.733 -10.804
42.033 -10.898
