# Ep lEiso
1.022 -10.597
1.047 -10.651
1.191 -10.488
1.277 -10.507
1.322 -10.573
1.426 -10.642
1.491 -10.462
1.548 -10.565
1.657 -10.636
1.662 -10.633
1.758 -10.566
1.923 -10.604
1.984 -10.503
2.110 -10.555
2.233 -10.604
2.283 -10.676
2.551 -10.585
2.602 -10.529
2.725 -10.514
2.757 -10.646
2.845 -10.586
2.860 -10.615
2.917 -10.471
3.011 -10.565
3.089 -10.597
3.207 -10.668
3.212 -10.651
3.287 -10.625
3.349 -10.610
3.396 -10.655
3.995 -10.782
4.023 -10.569
4.072 -10.673
4.258 -10.708
4.481 -10.710
4.505 -10.816
4.810 -10.528
4.999 -10.531
5.020 -10.775
5.312 -10.645
5.442 -10.704
5.546 -10.674
5.734 -10.810
5.768 -10.826
5.818 -10.697
5.946 -10.760
6.276 -10.768
6.882 -10.551
6.930 -10.647
6.967 -10.821
7.020 -10.662
7.122 -10.595
7.373 -10.765
7.475 -10.773
7.781 -10.624
7.827 -10.800
7.994 -10.826
9.058 -10.521
9.285 -10.799
10.104 -10.753
10.107 -10.735
10.587 -10.930
10.958 -10.920
11.588 -10.836
11.631 -10.653
12.163 -11.013
12.482 -10.662
13.516 -10.860
13.627 -10.879
14.029 -10.689
14.623 -10.999
14.629 -11.004
14.773 -10.706
15.034 -10.909
15.493 -11.126
15.812 -10.856
16.006 -10.879
16.840 -10.706
17.451 -10.810
17.477 -10.782
17.866 -10.995
17.995 -10.887
18.167 -10.980
18.546 -10.838
18.999 -10.887
19.199 -10.923
19.381 -10.991
20.285 -10.795
20.395 -11.000
20.556 -10.996
20.719 -10.955
21.111 -10.874
21.141 -10.748
21.188 -11.313
21.712 -10.680
21.833 -10.981
22.165 -10.883
22.898 -11.072
23.148 -11.165
23.159 -11.146
23.356 -11.336
23.373 -11.473
23.393 -11.532
23.420 -11.376
23.485 -11.253
23.580 -11.226
23.604 -11.364
23.825 -11.297
24.054 -11.318
24.128 -11.506
24.247 -11.447
24.260 -11.505
24.391 -11.354
24.559 -11.392
24.577 -11.339
24.687 -11.319
24.814 -11.186
25.625 -11.427
25.636 -11.176
25.734 -11.301
25.860 -11.420
25.892 -11.318
25.919 -11.330
26.037 -11.542
26.101 -11.277
26.138 -11.263
26.469 -11.527
26.504 -11.417
26.583 -11.257
26.681 -11.391
26.728 -11.392
26.849 -11.461
26.899 -11.369
26.992 -11.599
27.005 -11.387
27.201 -11.390
27.226 -11.160
27.414 -11.363
27.426 -11.450
27.538 -11.186
27.617 -11.268
27.636 -11.184
27.655 -11.297
27.837 -11.299
27.861 -11.258
27.888 -11.436
28.084 -11.523
28.103 -11.360
28.327 -11.390
28.337 -11.306
28.338 -11.087
28.555 -11.339
28.598 -11.625
28.671 -11.455
28.752 -11.516
28.878 -11.376
28.920 -11.474
28.930 -11.160
29.068 -11.394
29.107 -11.778
29.133 -11.361
29.198 -11.347
29.202 -11.465
29.256 -11.632
29.284 -11.321
29.406 -11.364
29.473 -11.305
29.669 -11.319
29.688 -11.270
29.727 -11.282
29.751 -11.352
29.801 -11.425
29.805 -11.481
29.920 -11.587
29.951 -11.059
29.965 -11.472
30.005 -11.211
30.010 -10.992
30.047 -11.289
30.065 -11.151
30.106 -11.368
30.186 -11.110
30.202 -11.272
30.225 -11.487
30.228 -11.329
30.351 -11.484
30.441 -11.315
30.478 -11.380
30.489 -11.119
30.558 -11.527
30.586 -11.375
30.614 -11.279
30.615 -11.457
30.650 -11.430
30.736 -11.319
30.784 -11.039
30.831 -11.306
30.856 -11.559
30.873 -11.372
30.886 -11.398
30.896 -11.318
30.913 -11.239
31.002 -11.306
31.028 -11.276
31.080 -11.149
31.093 -11.445
31.098 -11.341
31.126 -11.456
31.157 -11.549
31.178 -11.347
31.214 -11.242
31.226 -11.013
31.247 -11.386
31.345 -11.498
31.410 -11.709
31.425 -11.569
31.427 -11.398
31.445 -11.117
31.478 -11.157
31.491 -11.380
31.567 -11.339
31.806 -11.624
31.812 -11.383
31.823 -11.603
31.825 -11.365
31.885 -11.430
31.911 -11.135
31.928 -11.512
31.928 -11.601
31.944 -11.409
32.037 -11.489
32.042 -11.648
32.058 -11.372
32.179 -11.308
32.233 -11.527
32.273 -11.367
32.381 -11.445
32.455 -11.304
32.463 -11.455
32.529 -11.497
32.539 -11.535
32.591 -11.507
32.597 -11.345
32.627 -11.569
32.637 -11.666
32.637 -11.363
32.691 -11.467
32.730 -11.299
32.837 -11.660
32.839 -11.661
32.881 -11.335
32.912 -11.556
32.915 -11.720
32.992 -11.257
32.992 -11.470
32.993 -11.409
33.008 -11.639
33.015 -11.361
33.045 -11.555
33.069 -11.455
33.078 -11.507
33.080 -11.567
33.100 -11.494
33.196 -11.623
33.326 -11.298
33.327 -11.390
33.349 -11.593
33.423 -11.544
33.438 -11.284
33.448 -11.249
33.456 -11.501
33.488 -11.623
33.520 -11.540
33.523 -11.580
33.529 -11.301
33.537 -11.203
33.591 -11.548
33.617 -11.306
33.651 -11.309
33.659 -11.593
33.661 -11.263
33.669 -11.594
33.684 -11.720
33.709 -11.516
33.737 -11.523
33.750 -11.325
33.774 -11.363
33.782 -11.418
33.850 -11.633
33.852 -11.499
33.882 -11.570
33.883 -11.690
33.952 -11.358
34.034 -11.394
34.058 -11.163
34.099 -11.753
34.165 -11.568
34.188 -11.200
34.293 -11.627
34.337 -11.646
34.346 -11.639
34.349 -11.368
34.378 -11.439
34.407 -11.225
34.414 -11.702
34.444 -11.317
34.455 -11.609
34.507 -11.682
34.510 -11.576
34.512 -11.707
34.549 -11.539
34.568 -11.216
34.576 -11.270
34.592 -11.534
34.614 -11.596
34.637 -11.566
34.654 -11.708
34.686 -11.567
34.687 -11.287
34.691 -11.431
34.808 -11.477
34.832 -11.437
34.921 -11.182
34.924 -11.658
34.960 -11.697
34.977 -11.516
35.034 -11.489
35.048 -11.374
35.064 -11.523
35.072 -11.729
35.074 -11.403
35.075 -11.553
35.088 -11.603
35.098 -11.502
35.105 -11.670
35.124 -11.296
35.193 -11.356
35.257 -11.441
35.273 -11.584
35.313 -11.497
35.341 -11.522
35.386 -11.446
35.386 -11.414
35.414 -11.371
35.433 -11.600
35.460 -11.531
35.485 -11.741
35.486 -11.510
35.497 -11.631
35.526 -11.460
35.536 -11.616
35.539 -11.426
35.547 -11.609
35.578 -11.672
35.598 -11.655
35.615 -11.389
35.676 -11.544
35.689 -11.370
35.761 -11.642
35.765 -11.348
35.812 -11.466
35.817 -11.617
35.828 -11.406
35.829 -11.196
35.833 -11.633
35.849 -11.430
35.882 -11.637
36.014 -11.622
36.022 -11.711
36.023 -11.456
36.081 -11.603
36.153 -11.676
36.166 -11.315
36.187 -11.188
36.191 -11.246
36.209 -11.602
36.218 -11.273
36.224 -11.662
36.225 -11.523
36.292 -11.573
36.373 -11.312
36.396 -11.451
36.422 -11.752
36.461 -11.431
36.480 -11.566
36.484 -11.255
36.548 -11.299
36.592 -11.475
36.622 -11.501
36.652 -11.542
36.672 -11.732
36.676 -11.349
36.681 -11.746
36.702 -11.572
36.727 -11.367
36.752 -11.553
36.768 -11.568
36.778 -11.479
36.789 -11.505
36.794 -11.601
36.794 -11.251
36.831 -11.564
36.837 -11.581
36.844 -11.331
36.855 -11.508
36.896 -11.504
36.903 -11.640
36.907 -11.805
36.938 -11.603
36.952 -11.437
36.967 -11.572
37.000 -11.285
37.013 -11.453
37.035 -11.405
37.150 -11.448
37.161 -11.393
37.182 -11.541
37.195 -11.565
37.199 -11.408
37.204 -11.560
37.213 -11.390
37.239 -11.550
37.292 -11.660
37.310 -11.705
37.313 -11.459
37.314 -11.740
37.319 -11.732
37.325 -11.639
37.339 -11.458
37.342 -11.559
37.343 -11.419
37.343 -11.662
37.361 -11.535
37.370 -11.702
37.420 -11.430
37.441 -11.327
37.445 -11.540
37.452 -11.550
37.458 -11.747
37.482 -11.663
37.486 -11.463
37.501 -11.436
37.503 -11.317
37.506 -11.715
37.565 -11.733
37.568 -11.626
37.622 -11.507
37.624 -11.653
37.626 -11.241
37.648 -11.541
37.649 -11.740
37.681 -11.401
37.692 -11.430
37.694 -11.747
37.699 -11.624
37.724 -11.707
37.748 -11.682
37.755 -11.470
37.764 -11.608
37.778 -11.310
37.809 -11.516
37.843 -11.568
37.851 -11.349
37.858 -11.462
37.874 -11.491
37.890 -11.397
37.913 -11.389
37.956 -11.641
37.982 -11.644
37.991 -11.797
38.007 -11.289
38.009 -11.440
38.045 -11.583
38.049 -11.319
38.078 -11.442
38.093 -11.428
38.123 -11.676
38.166 -11.530
38.192 -11.422
38.210 -11.672
38.239 -11.505
38.239 -11.564
38.242 -11.488
38.247 -11.580
38.284 -11.774
38.287 -11.629
38.400 -11.630
38.401 -11.338
38.409 -11.461
38.448 -11.371
38.491 -11.717
38.494 -11.577
38.501 -11.132
38.508 -11.297
38.511 -11.395
38.538 -11.572
38.553 -11.716
38.572 -11.652
38.578 -11.557
38.584 -11.666
38.590 -11.652
38.592 -11.424
38.594 -11.378
38.596 -11.511
38.605 -11.516
38.615 -11.382
38.677 -11.679
38.692 -11.403
38.695 -11.534
38.750 -11.446
38.755 -11.404
38.769 -11.509
38.786 -11.577
38.794 -11.624
38.887 -11.547
38.891 -11.608
38.897 -11.513
38.933 -11.525
38.945 -11.319
38.987 -11.655
39.034 -11.387
39.036 -11.680
39.055 -11.280
39.095 -11.382
39.123 -11.616
39.133 -11.628
39.161 -11.472
39.181 -11.570
39.190 -11.745
39.195 -11.588
39.206 -11.462
39.254 -11.558
39.261 -11.548
39.274 -11.547
39.288 -11.299
39.293 -11.738
39.303 -11.471
39.319 -11.464
39.353 -11.548
39.358 -11.503
39.361 -11.639
39.363 -11.512
39.363 -11.533
39.369 -11.289
39.371 -11.721
39.399 -11.648
39.417 -11.562
39.422 -11.451
39.455 -11.365
39.502 -11.470
39.507 -11.608
39.517 -11.609
39.533 -11.338
39.547 -11.530
39.550 -11.594
39.606 -11.402
39.622 -11.559
39.654 -11.538
39.657 -11.514
39.661 -11.394
39.662 -11.548
39.665 -11.601
39.668 -11.390
39.681 -11.598
39.712 -11.420
39.715 -11.702
39.718 -11.598
39.723 -11.653
39.754 -11.697
39.764 -11.620
39.828 -11.562
39.846 -11.391
39.867 -11.761
39.877 -11.593
39.890 -11.570
39.919 -11.495
39.931 -11.542
39.943 -11.486
40.002 -11.477
40.055 -11.502
40.074 -11.515
40.167 -11.699
40.185 -11.577
40.195 -11.497
40.214 -11.597
40.224 -11.549
40.236 -11.600
40.258 -11.620
40.280 -11.616
40.287 -11.450
40.313 -11.525
40.328 -11.469
40.339 -11.363
40.342 -11.417
40.346 -11.781
40.363 -11.580
40.386 -11.480
40.386 -11.353
40.399 -11.660
40.401 -11.623
40.419 -11.295
40.438 -11.473
40.466 -11.423
40.559 -11.599
40.569 -11.460
40.614 -11.323
40.619 -11.677
40.628 -11.581
40.639 -11.536
40.699 -11.644
40.702 -11.615
40.713 -11.633
40.724 -11.784
40.725 -11.458
40.788 -11.559
40.790 -11.648
40.798 -11.300
40.832 -11.484
40.832 -11.325
40.850 -11.615
40.877 -11.379
40.893 -11.498
40.914 -11.574
40.936 -11.500
40.954 -11.674
40.964 -11.564
41.015 -11.464
41.020 -11.601
41.039 -11.534
41.046 -11.540
41.046 -11.333
41.073 -11.476
41.100 -11.596
41.105 -11.587
41.139 -11.697
41.140 -11.427
41.173 -11.594
41.193 -11.578
41.205 -11.577
41.215 -11.547
41.264 -11.484
41.272 -11.474
41.274 -11.486
41.308 -11.639
41.322 -11.483
41.336 -11.580
41.353 -11.417
41.360 -11.654
41.381 -11.611
41.383 -11.527
41.423 -11.637
41.425 -11.623
41.430 -11.551
41.444 -11.706
41.457 -11.639
41.475 -11.587
41.480 -11.404
41.482 -11.566
41.490 -11.543
41.504 -11.454
41.506 -11.754
41.587 -11.273
41.587 -11.351
41.588 -11.528
41.589 -11.659
41.594 -11.787
41.600 -11.684
41.612 -11.620
41.618 -11.474
41.619 -11.368
41.620 -11.606
41.623 -11.543
41.643 -11.374
41.692 -11.386
41.715 -11.455
41.733 -11.620
41.734 -11.513
41.749 -11.868
41.805 -11.554
41.812 -11.681
41.813 -11.506
41.815 -11.651
41.839 -11.688
41.840 -11.875
41.863 -11.559
41.899 -11.470
41.900 -11.650
41.903 -11.591
41.910 -11.528
41.937 -11.478
41.974 -11.464
41.975 -11.590
41.988 -11.599
42.034 -11.531
42.036 -11.635
42.041 -11.455
42.043 -11.602
42.054 -11.502
42.054 -11.432
42.054 -11.741
42.088 -11.614
42.095 -11.522
42.121 -11.494
42.122 -11.743
42.127 -11.480
42.134 -11.552
42.151 -11.642
42.160 -11.440
42.183 -11.586
42.202 -11.475
42.228 -11.539
42.290 -11.433
42.332 -11.459
42.333 -11.562
42.339 -11.543
42.340 -11.530
42.354 -11.630
42.360 -11.660
42.363 -11.639
42.368 -11.226
42.395 -11.444
42.407 -11.490
42.413 -11.327
42.428 -11.548
42.451 -11.493
42.481 -11.502
42.491 -11.693
42.506 -11.515
42.545 -11.702
42.558 -11.302
42.562 -11.423
42.568 -11.494
42.607 -11.652
42.609 -11.608
42.644 -11.514
42.673 -11.825
42.718 -11.314
42.721 -11.568
42.782 -11.693
42.835 -11.572
42.839 -11.323
42.849 -11.533
42.863 -11.603
42.869 -11.640
42.873 -11.789
42.987 -11.530
43.008 -11.580
43.009 -11.402
43.018 -11.681
43.020 -11.731
43.048 -11.720
43.100 -11.607
43.112 -11.484
43.138 -11.311
43.140 -11.473
43.171 -11.623
43.171 -11.545
43.183 -11.542
43.187 -11.271
43.216 -11.598
43.229 -11.536
43.242 -11.492
43.242 -11.551
43.269 -11.555
43.281 -11.521
43.292 -11.621
43.300 -11.449
43.313 -11.376
43.331 -11.531
43.347 -11.497
43.385 -11.597
43.395 -11.221
43.397 -11.360
43.406 -11.620
43.450 -11.556
43.464 -11.623
43.501 -11.508
43.521 -11.382
43.526 -11.466
43.529 -11.435
43.575 -11.433
43.586 -11.602
43.594 -11.464
43.595 -11.364
43.621 -11.483
43.667 -11.384
43.713 -11.705
43.722 -11.598
43.723 -11.640
43.757 -11.653
43.757 -11.671
43.797 -11.737
43.830 -11.471
43.833 -11.563
43.834 -11.354
43.836 -11.673
43.859 -11.538
43.862 -11.716
43.898 -11.482
43.899 -11.774
43.915 -11.500
43.963 -11.478
43.981 -11.483
44.014 -11.591
44.051 -11.559
44.057 -11.630
44.059 -11.589
44.083 -11.743
44.084 -11.620
44.085 -11.305
44.091 -11.340
44.111 -11.386
44.124 -11.402
44.183 -11.486
44.190 -11.312
44.210 -11.525
44.292 -11.439
44.299 -11.453
44.313 -11.513
44.324 -11.631
44.366 -11.350
44.415 -11.503
44.424 -11.579
44.428 -11.567
44.436 -11.580
44.460 -11.601
44.498 -11.492
44.510 -11.502
44.525 -11.496
44.551 -11.572
44.556 -11.653
44.557 -11.288
44.574 -11.552
44.582 -11.589
44.634 -11.546
44.689 -11.521
44.766 -11.430
44.784 -11.355
44.845 -11.466
44.915 -11.562
44.921 -11.490
44.926 -11.534
44.943 -11.551
44.962 -11.468
44.992 -11.345
44.998 -11.377
45.000 -11.533
45.004 -11.385
45.014 -11.338
45.015 -11.460
45.061 -11.730
45.092 -11.369
45.105 -11.526
45.150 -11.543
45.153 -11.470
45.174 -11.464
45.198 -11.427
45.206 -11.500
45.212 -11.422
45.212 -11.527
45.356 -11.478
45.372 -11.572
45.402 -11.479
45.416 -11.613
45.433 -11.640
45.640 -11.477
45.674 -11.691
45.682 -11.655
45.743 -11.720
45.745 -11.350
45.758 -11.557
45.768 -11.565
45.881 -11.573
45.926 -11.552
45.978 -11.649
46.002 -11.472
46.003 -11.322
46.038 -11.324
46.085 -11.475
46.198 -11.564
46.215 -11.316
46.248 -11.302
46.271 -11.588
46.298 -11.566
46.323 -11.450
46.413 -11.406
46.456 -11.411
46.462 -11.497
46.520 -11.690
46.540 -11.353
46.561 -11.551
46.600 -11.570
46.693 -11.643
46.741 -11.646
46.760 -11.570
46.877 -11.428
46.902 -11.554
46.990 -11.638
47.085 -11.536
47.120 -11.401
47.173 -11.454
47.223 -11.666
47.329 -11.603
47.340 -11.436
47.346 -11.684
47.347 -11.503
47.426 -11.650
47.484 -11.483
47.506 -11.556
47.595 -11.566
47.646 -11.544
47.708 -11.598
47.739 -11.449
47.823 -11.517
47.872 -11.639
47.922 -11.495
47.930 -11.544
47.942 -11.456
47.943 -11.580
47.975 -11.605
48.000 -11.413
48.215 -11.459
48.289 -11.581
48.346 -11.329
48.348 -11.538
48.350 -11.648
48.371 -11.630
48.467 -11.458
48.479 -11.414
48.539 -11.688
48.550 -11.642
48.694 -11.413
48.732 -11.442
48.845 -11.580
48.859 -11.563
49.139 -11.284
49.174 -11.753
49.201 -11.437
49.209 -11.737
49.224 -11.348
49.328 -11.416
49.421 -11.454
49.437 -11.669
49.496 -11.366
49.511 -11.467
49.513 -11.599
49.539 -11.361
49.626 -11.444
49.840 -11.444
49.849 -11.481
49.894 -11.406
50.040 -11.589
50.085 -11.618
50.103 -11.639
50.143 -11.462
50.220 -11.495
50.245 -11.537
50.479 -11.614
50.607 -11.520
50.693 -11.422
50.755 -11.468
50.824 -11.296
50.994 -11.630
51.244 -11.531
51.319 -11.488
51.340 -11.684
51.372 -11.432
51.389 -11.607
51.538 -11.342
51.557 -11.572
51.581 -11.567
51.781 -11.491
51.893 -11.462
52.075 -11.432
52.142 -11.537
52.682 -11.481
52.962 -11.457
52.962 -11.633
53.270 -11.211
53.304 -11.398
54.337 -11.488
54.595 -11.562
55.053 -11.552
55.214 -11.185
55.301 -11.316
55.342 -11.326
55.395 -11.421
55.640 -11.310
55.721 -11.253
57.005 -11.432
57.026 -11.674
57.221 -11.552
57.443 -11.387
57.873 -11.514
57.908 -11.400
60.426 -11.238
61.959 -11.281
63.354 -11.097
77.395 -11.268
91.755 -11.137
