# Ep lEiso
1.052 116.379
1.115 116.553
1.465 116.543
1.673 116.343
1.825 116.493
2.243 116.491
2.503 116.196
2.732 116.490
3.261 116.305
3.283 116.164
3.671 116.515
4.416 116.341
4.782 116.297
5.538 116.544
6.370 116.292
6.796 116.279
8.766 116.392
9.157 116.260
10.103 116.488
10.353 116.127
11.057 116.416
11.201 116.286
11.756 115.976
12.669 116.054
13.435 116.292
14.694 116.101
14.748 116.181
15.592 116.298
16.301 116.369
16.833 116.164
21.648 115.617
21.851 115.558
22.192 116.068
23.503 115.910
24.902 116.178
25.029 115.388
26.506 116.390
27.270 116.316
27.356 115.373
28.390 116.401
28.769 115.617
29.073 115.883
29.620 116.099
29.720 115.188
29.867 115.658
30.240 116.210
31.119 115.688
32.242 116.212
32.318 115.884
32.375 115.291
32.459 115.840
32.618 116.073
33.012 115.506
33.172 115.485
33.651 116.002
33.717 115.410
33.926 115.318
35.266 116.240
35.482 115.387
36.161 115.564
36.163 115.617
36.531 115.101
36.816 115.161
37.295 115.436
37.324 115.930
37.678 115.277
37.892 115.882
38.583 115.390
38.650 116.091
38.865 115.820
39.132 115.475
39.135 115.407
39.200 115.813
39.317 115.457
39.524 115.907
39.662 115.519
39.744 115.468
40.101 115.450
40.362 115.609
40.373 115.666
40.540 115.423
40.596 115.481
40.669 115.391
40.833 115.598
41.028 115.529
41.114 115.475
41.192 115.369
41.618 115.731
41.671 115.406
41.748 115.420
41.826 115.492
42.013 115.964
42.027 115.624
42.050 116.105
42.296 116.091
42.356 115.635
42.521 115.993
42.886 116.100
43.011 115.393
43.016 115.585
43.137 115.348
43.150 115.110
43.164 115.491
43.183 115.447
43.229 115.876
43.297 115.972
43.314 115.487
43.470 115.728
43.634 115.653
43.686 115.435
43.770 115.457
43.779 115.624
43.872 115.521
43.992 115.376
44.005 115.580
44.083 115.661
44.173 116.044
44.971 115.233
44.983 116.224
45.086 115.729
45.217 115.262
45.251 115.663
45.275 115.617
45.380 115.584
45.436 115.535
45.469 115.875
45.763 115.588
45.794 115.664
45.876 115.892
46.000 115.382
46.061 115.561
46.215 115.129
46.280 115.465
46.399 115.545
46.416 115.402
46.666 115.396
46.698 115.385
46.939 115.489
46.954 115.194
47.098 116.088
47.198 115.810
47.224 115.545
47.248 115.712
47.481 115.701
47.511 115.833
47.545 115.257
47.819 115.440
47.852 115.501
48.244 115.414
48.261 115.668
48.263 116.328
48.606 115.566
48.675 115.525
48.789 115.232
48.918 115.449
49.117 115.462
49.184 115.476
49.200 115.427
49.417 115.413
49.480 115.522
49.520 115.503
49.623 115.540
49.630 116.089
49.714 115.600
49.759 115.608
49.954 115.497
50.096 115.661
50.511 115.659
50.552 115.780
50.634 115.756
50.685 115.595
50.791 115.432
50.798 115.302
51.033 115.567
51.093 116.295
51.121 115.610
51.199 115.954
51.208 115.439
51.281 115.783
51.317 116.091
51.397 115.617
51.554 116.189
51.584 115.840
51.629 115.379
51.637 115.720
51.876 115.410
52.053 115.775
52.125 115.647
52.147 116.182
52.282 115.361
52.336 115.670
52.392 115.558
52.393 115.511
52.462 115.569
52.677 115.802
52.798 115.619
52.915 115.842
52.980 115.325
53.023 115.713
53.054 115.659
53.080 115.559
53.122 115.993
53.346 115.691
53.410 115.489
53.535 116.215
53.565 115.585
53.577 115.807
53.643 115.563
53.718 115.366
53.769 115.777
53.854 115.622
53.884 115.817
53.934 115.731
54.167 115.492
54.321 115.310
54.357 115.340
54.363 115.592
54.404 116.371
54.483 115.443
54.515 115.778
54.695 115.884
55.279 115.230
55.297 115.816
55.329 115.721
55.334 115.602
55.512 115.702
55.586 116.419
55.635 115.503
55.636 115.609
55.684 115.754
55.948 115.566
55.962 115.177
56.006 115.741
56.349 116.018
56.504 115.485
56.616 115.882
56.924 115.697
57.131 116.052
57.154 115.679
57.343 115.580
57.370 115.484
57.518 115.559
57.536 115.960
57.619 115.407
57.647 115.165
57.650 115.597
57.801 115.663
57.910 115.668
58.224 115.675
58.229 115.628
58.367 115.994
58.471 115.442
58.480 115.031
58.731 115.440
58.732 115.656
58.734 115.811
58.786 115.647
58.809 115.931
58.906 115.445
58.984 115.695
59.014 115.564
59.020 115.413
59.087 115.597
59.403 115.603
59.827 115.544
59.831 115.859
59.901 115.348
60.144 115.470
60.193 116.126
60.223 115.659
60.252 115.581
60.355 115.678
60.459 115.480
60.469 115.627
60.487 116.086
60.513 116.333
60.690 115.569
60.774 115.568
60.886 116.066
60.912 115.347
60.919 116.182
60.945 115.343
60.993 115.870
61.075 115.542
61.170 115.524
61.219 116.027
61.307 115.644
61.336 115.562
61.588 115.567
61.594 115.585
61.706 115.404
61.709 115.399
61.967 115.716
62.268 115.854
62.356 116.447
62.510 115.496
62.754 115.407
62.839 116.356
63.227 115.718
63.390 115.456
63.424 115.502
63.437 115.592
63.543 115.741
63.653 115.559
63.678 115.540
63.788 116.058
63.829 115.668
64.023 115.905
64.033 115.383
64.041 115.643
64.176 115.571
64.253 115.862
64.288 115.560
64.354 115.496
64.442 115.335
64.539 115.417
64.609 115.544
64.737 115.892
64.743 116.158
64.758 115.778
65.239 115.667
65.339 115.776
65.708 115.672
65.719 115.590
65.868 115.727
65.938 115.602
66.174 115.690
66.235 116.010
66.302 115.607
66.334 115.926
66.339 115.760
66.343 115.527
66.398 115.911
66.443 115.674
66.468 116.266
66.549 115.682
66.836 116.094
67.102 115.865
67.171 115.466
67.344 115.712
67.468 115.642
67.671 115.856
67.674 115.944
67.798 116.067
67.883 115.421
68.006 115.617
68.121 115.379
68.126 115.675
68.175 115.335
68.303 115.724
68.350 115.378
68.364 115.911
68.402 115.397
68.543 115.731
68.634 115.424
68.709 116.015
68.987 115.581
69.047 116.068
69.378 115.555
69.395 116.127
69.610 115.798
69.634 115.376
69.686 115.965
69.691 115.765
69.709 115.331
69.781 115.899
69.935 115.788
70.561 115.555
70.600 115.987
70.603 115.702
70.891 115.773
71.245 115.429
71.310 116.219
71.415 115.374
71.437 116.411
71.524 115.728
71.570 115.787
71.599 115.701
71.604 115.639
71.937 115.499
72.344 116.226
72.464 115.838
72.592 115.456
72.788 115.895
72.884 115.520
72.907 116.383
73.234 115.761
73.466 115.779
73.627 115.710
73.786 115.600
73.897 115.690
73.916 115.717
73.942 115.887
74.056 115.523
74.176 116.151
74.295 115.633
74.372 115.594
74.419 115.843
74.468 115.772
74.494 115.504
74.495 115.443
74.666 115.614
74.694 115.566
74.730 115.490
74.781 115.775
74.976 115.790
75.012 115.794
75.032 115.587
75.179 115.517
75.243 115.788
75.315 115.608
75.474 115.423
75.538 115.952
75.646 115.935
76.214 115.973
76.271 115.583
76.376 115.710
76.439 115.642
76.462 116.086
76.485 115.656
76.532 116.137
76.662 115.683
76.932 115.372
77.020 115.781
77.039 115.653
77.044 115.565
77.067 115.621
77.101 115.431
77.173 115.675
77.187 115.659
77.190 116.055
77.191 115.366
77.282 115.727
77.330 115.509
77.584 115.612
77.696 115.726
77.717 115.712
77.753 115.684
77.782 115.735
77.904 115.789
77.928 115.929
78.003 116.005
78.013 115.854
78.029 115.967
78.342 115.776
78.359 115.580
78.644 115.694
78.654 115.376
78.668 115.618
78.789 115.686
78.794 115.601
78.964 115.681
79.025 115.989
79.035 115.553
79.063 115.540
79.197 115.779
79.324 115.551
79.366 115.866
79.412 115.678
79.492 116.302
79.659 115.728
79.846 115.579
79.889 116.180
79.929 115.868
80.015 115.787
80.105 116.038
80.233 115.696
80.476 115.588
80.623 115.764
80.673 115.487
80.763 116.323
80.776 115.915
80.979 115.525
80.999 115.641
81.164 115.907
81.252 115.946
81.426 115.520
81.671 115.670
81.826 115.962
81.928 115.608
82.097 115.738
82.097 115.578
82.115 115.782
82.145 115.533
82.358 115.467
82.380 115.623
83.056 115.595
83.063 116.213
83.108 115.882
83.346 115.633
83.604 115.744
83.625 115.585
83.668 115.659
83.710 116.350
83.727 115.624
83.891 115.606
83.986 116.077
84.104 115.387
84.138 115.645
84.180 115.792
84.217 115.734
84.231 116.007
84.240 116.132
84.256 115.771
84.309 115.757
84.369 116.125
84.757 115.804
84.855 116.005
84.875 115.751
85.217 116.023
85.249 115.818
85.337 115.731
85.446 115.674
85.501 115.546
86.106 115.812
86.132 115.637
86.171 115.912
86.403 115.877
86.483 115.487
86.759 115.730
87.061 116.280
87.077 115.729
87.205 115.638
87.478 115.493
87.670 115.614
87.739 115.581
87.926 116.031
88.065 115.747
88.131 115.966
88.161 115.695
88.239 115.842
88.566 115.784
88.612 115.811
88.701 115.815
88.800 115.789
88.834 116.160
88.903 116.036
89.012 116.054
89.244 115.812
89.281 115.942
89.302 115.548
89.311 115.915
89.312 115.855
89.355 115.557
89.372 115.652
89.575 115.526
89.703 115.779
89.743 116.101
89.978 116.003
90.323 116.058
90.357 115.658
90.429 115.655
90.545 116.166
90.648 115.889
90.667 115.703
91.075 116.268
91.187 115.817
91.422 115.881
91.442 115.730
91.471 116.301
91.481 115.854
91.498 115.702
91.526 116.312
91.615 115.711
91.841 116.232
91.866 115.943
91.885 115.716
91.928 115.557
92.164 115.771
92.238 115.652
92.738 115.822
92.873 115.902
93.036 115.786
93.113 115.731
93.216 115.799
93.438 116.014
93.531 115.878
93.627 116.042
94.079 115.677
94.492 115.781
94.637 115.817
95.387 115.751
95.537 115.777
95.623 116.009
95.780 115.721
95.861 115.859
95.967 115.712
96.145 115.654
96.330 115.664
96.391 115.686
96.604 115.929
96.731 116.091
96.816 116.398
96.847 116.007
96.878 116.082
97.017 115.768
97.205 116.060
97.206 115.669
97.319 115.537
97.335 115.644
97.485 115.806
97.639 115.627
97.873 116.225
98.661 115.718
98.754 115.627
99.155 115.832
99.204 115.924
99.282 115.778
99.383 115.908
99.982 115.604
100.015 115.688
100.131 115.635
100.239 116.105
100.251 115.792
100.904 115.787
100.919 115.539
101.002 115.631
101.347 116.004
101.348 115.639
101.537 115.640
101.816 115.606
101.971 115.973
102.188 115.762
102.419 115.972
102.602 115.996
102.714 115.795
103.297 116.073
103.352 115.691
103.565 115.879
103.647 115.860
103.651 116.441
103.954 116.041
104.257 115.703
104.323 115.730
104.699 115.789
104.714 116.179
105.084 115.709
105.315 115.756
105.450 115.757
105.565 115.842
106.116 116.020
106.206 116.046
106.230 116.013
106.603 115.583
106.763 115.930
106.915 115.748
107.108 116.206
107.187 115.657
107.424 115.661
107.448 115.898
107.925 115.591
107.953 115.748
108.024 115.833
108.199 115.874
108.367 115.944
108.589 115.737
108.657 116.252
108.685 115.797
108.785 115.862
108.961 116.113
108.989 116.026
110.003 116.631
110.005 116.412
110.018 115.916
110.030 115.548
110.089 115.873
110.170 116.156
110.315 115.761
110.399 116.068
110.404 116.366
110.420 115.933
110.457 115.875
110.706 115.797
111.314 115.769
111.611 115.947
111.833 115.671
111.847 115.972
112.024 116.365
112.729 115.864
112.807 115.777
112.824 116.000
112.849 115.594
113.138 115.832
113.157 116.143
113.436 115.856
113.923 116.108
113.939 115.945
113.982 115.768
114.080 115.944
114.465 116.085
114.992 116.125
115.007 115.771
115.196 115.746
115.851 115.936
115.873 115.644
115.946 116.148
115.977 115.736
116.123 116.018
116.130 116.213
116.131 116.130
116.604 115.816
116.711 115.961
117.071 115.922
117.085 116.250
117.162 115.957
117.261 115.876
117.502 115.624
117.633 116.191
117.954 115.782
118.218 116.093
118.586 115.913
119.444 115.870
120.019 116.138
120.039 115.848
120.120 115.903
120.126 115.939
120.329 115.659
120.411 115.810
120.454 115.634
120.515 115.627
120.887 116.179
121.062 116.052
121.164 115.762
121.415 115.895
121.790 116.053
122.285 116.031
122.446 116.477
122.701 116.001
123.319 115.919
123.526 115.819
123.588 116.269
123.692 116.072
124.319 116.069
124.345 115.757
124.917 116.028
125.374 115.761
126.099 116.251
126.153 115.891
127.126 116.188
127.956 115.898
128.012 115.946
128.176 116.011
128.387 115.817
128.475 115.715
128.536 116.271
130.382 116.005
130.779 115.900
130.795 116.399
130.983 115.978
131.014 116.192
131.541 115.928
132.532 115.824
132.766 115.917
133.262 115.880
133.289 116.087
133.858 115.779
133.864 115.996
134.080 116.004
134.160 115.925
134.688 115.849
134.921 116.021
135.150 116.147
135.152 115.981
135.639 115.969
135.861 115.980
136.072 115.917
136.218 116.039
136.452 115.896
136.775 116.036
137.066 116.132
137.762 115.852
137.939 116.021
137.972 115.887
138.133 115.786
138.942 115.967
139.199 115.777
139.874 116.100
140.237 116.455
140.330 116.220
140.384 116.308
141.211 116.083
141.467 115.837
141.638 116.226
141.644 116.508
142.221 116.172
143.217 116.451
144.205 115.778
144.391 115.849
144.419 115.729
145.152 116.122
145.160 116.431
146.021 115.910
146.745 115.911
146.795 115.946
146.828 116.535
146.869 116.371
147.365 116.016
147.425 116.164
148.208 116.175
148.230 115.701
148.582 116.123
149.621 116.186
150.002 116.006
150.728 115.868
151.470 115.957
151.588 115.759
151.643 115.872
152.122 115.760
152.146 115.787
152.158 116.673
152.285 116.149
152.692 116.445
152.956 116.401
154.141 116.164
154.289 116.092
154.678 116.052
156.739 116.307
156.916 116.269
157.282 116.101
157.553 116.058
158.653 115.987
159.922 116.146
160.150 115.931
160.256 115.966
160.481 115.930
161.082 115.875
162.087 116.188
162.405 116.163
162.777 116.182
163.454 115.970
163.584 116.163
163.614 115.872
164.032 116.032
164.236 115.926
165.467 116.054
166.765 116.134
168.613 116.400
169.034 115.965
170.486 116.309
172.137 116.047
172.293 116.252
172.405 116.127
172.903 116.080
173.500 116.217
174.436 115.957
174.632 116.163
174.697 116.135
174.803 116.307
175.115 116.430
175.160 116.343
176.589 115.976
177.564 116.058
177.988 116.163
179.385 116.120
179.479 116.326
180.123 116.344
180.877 116.452
181.094 116.244
181.275 115.961
181.282 116.168
185.312 116.318
185.755 116.051
186.594 116.124
186.991 116.081
187.461 116.387
193.264 116.063
194.239 116.574
194.462 115.887
196.514 116.156
196.604 116.707
197.105 116.122
197.453 116.100
201.723 116.092
203.434 116.158
205.110 115.918
205.903 116.235
205.939 116.084
207.094 116.277
208.631 116.395
212.323 116.155
212.867 116.461
213.945 116.467
214.701 116.094
215.609 116.158
216.398 116.249
219.346 116.628
220.763 116.149
220.958 116.374
222.864 116.136
223.510 116.161
224.211 116.231
225.823 116.178
230.007 115.975
232.153 116.035
233.001 116.187
237.564 116.600
238.515 116.240
241.802 116.004
245.390 116.300
246.708 116.448
248.704 116.166
250.575 116.277
254.593 116.122
255.004 116.601
255.229 116.230
255.257 116.409
258.229 116.105
260.408 116.472
261.229 116.263
264.905 116.240
267.602 116.308
270.867 116.159
272.531 116.592
276.413 116.403
278.505 116.660
280.591 116.285
280.922 116.336
281.451 116.590
281.490 116.232
282.820 116.377
283.895 116.620
292.934 116.604
296.027 116.258
298.431 116.163
298.537 116.384
298.617 116.291
299.501 116.120
303.532 116.625
304.065 116.345
306.569 116.450
307.050 116.437
313.107 116.569
314.701 116.693
320.649 116.303
321.572 116.352
336.030 116.533
337.717 116.476
338.993 116.744
339.375 116.253
340.070 116.361
345.034 116.398
349.437 116.542
350.185 116.498
353.011 116.417
353.738 116.515
353.793 116.294
355.022 116.352
359.155 116.752
369.352 116.764
369.789 116.657
371.933 116.728
378.858 116.485
380.998 116.273
381.843 116.212
383.759 116.731
387.389 116.638
388.596 116.517
401.081 116.298
408.215 116.574
412.993 116.661
416.492 116.725
420.322 116.403
429.827 116.440
443.761 116.547
447.931 116.671
449.133 116.362
450.902 116.834
451.876 116.332
460.189 116.559
461.235 116.431
462.544 116.446
473.754 116.665
479.949 116.634
486.892 116.839
489.316 116.542
519.010 116.731
538.601 116.822
538.659 116.594
560.254 116.697
562.610 116.677
620.129 116.774
630.892 116.558
649.940 116.576
657.130 116.833
665.762 116.772
669.879 116.711
675.087 116.932
699.323 116.799
707.342 116.735
792.098 116.911
793.231 116.509
803.678 116.586
815.510 117.044
838.531 116.702
840.402 117.018
995.961 117.411
1123.170 117.252
1179.410 117.480
1802.053 117.098
1945.643 116.784
