# Ep lEiso
1.004 119.341
1.009 119.546
1.036 119.987
1.052 119.872
1.061 119.482
1.080 119.656
1.092 120.134
1.103 120.360
1.119 119.312
1.120 119.147
1.132 119.560
1.152 119.372
1.159 119.961
1.174 119.685
1.189 119.425
1.196 119.771
1.222 119.604
1.226 119.457
1.237 120.049
1.239 119.327
1.247 119.679
1.248 119.526
1.253 120.328
1.260 119.682
1.267 119.681
1.277 119.323
1.277 119.418
1.283 119.571
1.289 119.668
1.292 119.435
1.329 119.570
1.331 119.870
1.333 119.354
1.345 120.430
1.358 119.856
1.359 119.504
1.375 120.414
1.384 120.061
1.385 119.452
1.398 120.263
1.404 119.353
1.408 119.497
1.417 119.948
1.418 119.849
1.420 119.436
1.426 119.186
1.439 119.511
1.460 120.153
1.462 119.775
1.463 119.263
1.465 119.727
1.469 119.999
1.477 119.362
1.481 119.343
1.491 119.938
1.493 119.278
1.497 119.387
1.537 120.219
1.546 119.302
1.576 119.489
1.576 119.546
1.593 118.990
1.605 119.290
1.626 119.347
1.628 119.877
1.643 119.175
1.653 119.825
1.683 120.682
1.686 120.046
1.697 119.754
1.713 119.382
1.713 119.308
1.717 119.744
1.724 119.362
1.736 119.844
1.744 119.426
1.749 119.372
1.770 119.350
1.786 119.520
1.786 119.582
1.796 119.319
1.799 119.382
1.804 119.284
1.814 119.506
1.825 119.431
1.830 119.373
1.835 119.258
1.860 119.646
1.863 119.296
1.868 119.311
1.872 119.388
1.884 119.539
1.884 119.529
1.886 120.046
1.903 120.029
1.907 119.539
1.919 119.923
1.946 119.370
1.955 119.276
1.955 119.481
1.964 119.480
1.965 118.971
1.966 119.380
1.968 119.332
1.971 119.793
1.976 119.895
1.977 119.375
1.989 119.632
2.000 119.552
2.004 119.317
2.010 119.340
2.011 119.519
2.018 119.408
2.027 119.252
2.027 119.471
2.033 119.558
2.040 119.969
2.098 119.093
2.099 119.413
2.106 119.626
2.116 119.124
2.118 119.554
2.120 119.505
2.129 119.468
2.134 119.415
2.137 119.781
2.166 119.469
2.170 119.551
2.180 119.793
2.195 119.243
2.202 119.435
2.221 119.445
2.228 119.328
2.243 119.412
2.245 119.258
2.275 119.247
2.278 119.235
2.307 119.343
2.309 119.026
2.326 119.984
2.338 119.683
2.341 119.398
2.344 119.578
2.372 119.562
2.376 119.703
2.380 119.185
2.413 119.276
2.417 119.341
2.464 119.241
2.467 119.514
2.467 120.222
2.513 119.398
2.522 119.353
2.538 119.036
2.555 119.267
2.582 119.277
2.591 119.292
2.593 119.238
2.622 119.303
2.631 119.336
2.636 119.315
2.650 119.354
2.651 119.610
2.662 119.416
2.668 119.424
2.694 119.301
2.714 119.475
2.769 119.467
2.775 119.342
2.786 119.569
2.793 119.395
2.807 119.219
2.808 119.655
2.841 119.360
2.850 119.383
2.854 119.405
2.865 119.773
2.866 119.219
2.877 119.370
2.882 119.341
2.894 119.408
2.917 119.256
2.921 119.645
2.928 119.148
2.929 119.515
2.971 119.180
3.005 119.572
3.019 119.435
3.023 119.081
3.050 119.473
3.060 119.460
3.071 119.339
3.071 119.289
3.085 119.351
3.126 119.601
3.150 119.404
3.173 119.644
3.185 119.323
3.194 119.505
3.200 119.448
3.205 119.340
3.213 119.806
3.256 119.409
3.269 119.265
3.294 119.154
3.301 119.368
3.303 119.304
3.317 119.344
3.332 119.133
3.342 119.574
3.360 119.407
3.366 119.246
3.376 119.525
3.424 119.268
3.455 119.073
3.463 119.105
3.464 119.375
3.472 119.192
3.488 119.215
3.495 119.575
3.532 119.155
3.651 118.987
3.655 119.616
3.661 119.514
3.662 119.387
3.699 119.494
3.714 119.305
3.724 119.280
3.724 119.394
3.734 119.550
3.790 119.341
3.793 118.923
3.802 119.528
3.876 119.038
3.918 119.237
3.949 119.659
4.033 119.448
4.089 119.645
4.095 119.420
4.146 119.306
4.154 119.202
4.194 119.276
4.199 119.706
4.221 119.110
4.229 119.202
4.230 119.312
4.271 119.378
4.301 119.381
4.388 119.385
4.390 119.334
4.428 119.182
4.457 119.261
4.459 118.690
4.528 119.125
4.529 119.358
4.529 119.525
4.544 119.348
4.550 119.313
4.577 119.129
4.599 119.396
4.607 119.255
4.609 119.093
4.627 119.290
4.715 119.293
4.832 119.224
4.833 118.985
4.853 119.012
4.923 119.140
4.940 119.358
4.950 119.341
4.960 119.255
4.996 119.356
5.032 119.140
5.036 119.298
5.042 119.416
5.051 119.309
5.113 119.228
5.142 119.224
5.181 119.024
5.190 119.352
5.192 119.203
5.201 119.084
5.218 119.090
5.246 119.187
5.279 119.165
5.296 119.704
5.327 119.289
5.337 119.200
5.425 119.198
5.427 119.217
5.466 119.019
5.467 119.013
5.557 119.346
5.662 119.133
5.692 119.307
5.746 119.094
5.831 118.992
5.860 119.205
5.995 119.312
6.052 119.027
6.065 119.075
6.070 119.172
6.115 119.332
6.161 119.137
6.171 119.116
6.218 119.313
6.235 119.253
6.316 119.508
6.320 118.948
6.324 119.226
6.380 119.150
6.413 119.111
6.427 119.138
6.455 119.068
6.492 118.896
6.532 119.098
6.561 119.120
6.615 119.004
6.617 119.106
6.623 119.372
6.824 119.252
6.866 119.138
7.019 119.246
7.024 119.156
7.086 118.626
7.115 119.158
7.213 119.074
7.238 118.995
7.266 119.146
7.280 118.760
7.283 119.308
7.285 119.057
7.311 119.183
7.333 119.206
7.345 118.707
7.384 119.205
7.522 118.993
7.651 119.380
7.684 118.949
7.767 119.206
7.827 119.126
7.924 119.123
7.925 119.037
7.984 118.977
8.025 118.873
8.084 119.079
8.139 118.819
8.141 119.137
8.165 119.050
8.226 119.183
8.248 118.810
8.254 119.052
8.273 118.828
8.340 119.182
8.382 118.849
8.418 118.977
8.552 119.005
8.584 119.153
8.760 118.970
8.769 119.049
8.883 119.225
8.895 118.771
8.923 119.178
8.926 119.188
8.935 118.721
8.973 119.223
9.054 118.704
9.383 118.944
9.404 118.470
9.405 119.102
9.555 119.029
9.740 118.796
9.773 119.030
9.828 118.732
9.841 119.162
9.889 119.108
9.915 119.170
9.931 119.076
9.934 119.010
10.119 118.843
10.344 118.725
10.410 119.184
10.481 118.768
10.588 119.232
10.641 118.825
10.653 118.999
10.832 119.070
10.957 119.079
11.045 118.999
11.132 118.875
11.193 118.969
11.204 118.998
11.219 119.180
11.281 118.786
11.355 118.713
11.430 118.844
11.479 118.801
11.508 119.068
11.539 118.990
11.556 118.701
11.556 118.972
11.664 118.814
11.681 118.763
11.704 118.927
11.735 118.985
11.857 118.996
11.880 118.999
11.892 118.777
11.984 118.697
12.024 118.987
12.068 118.792
12.167 118.589
12.206 119.157
12.273 118.695
12.618 119.151
12.652 118.729
12.716 118.860
12.754 118.784
12.767 118.990
12.782 118.796
12.810 119.104
12.888 118.817
13.049 118.469
13.101 118.904
13.113 119.078
13.116 118.672
13.129 118.933
13.149 118.525
13.192 119.074
13.200 118.765
13.202 119.190
13.203 118.870
13.257 118.834
13.285 118.597
13.435 118.696
13.500 118.813
13.513 118.798
13.534 118.766
13.551 118.819
13.620 118.876
13.634 119.027
13.676 119.109
13.682 118.945
13.691 119.067
13.866 118.862
13.875 118.651
14.034 118.774
14.040 118.433
14.047 118.692
14.114 118.765
14.117 118.674
14.210 118.761
14.244 119.091
14.249 118.622
14.265 118.609
14.339 118.865
14.408 118.621
14.431 118.958
14.457 118.757
14.500 119.273
14.591 118.810
14.692 118.651
14.715 119.296
14.736 118.960
14.780 118.871
14.827 119.118
14.892 118.768
15.015 118.646
15.089 118.832
15.114 118.534
15.160 118.669
15.166 118.990
15.268 118.567
15.279 118.691
15.362 118.973
15.406 119.014
15.492 118.551
15.613 118.707
15.689 119.017
15.739 118.636
15.822 118.771
15.822 118.599
15.830 118.817
15.844 118.548
15.943 118.468
15.953 118.634
16.260 118.363
16.263 119.212
16.284 118.853
16.392 118.566
16.509 118.663
16.518 118.490
16.537 118.918
16.557 118.337
16.564 118.524
16.637 118.495
16.679 118.997
16.730 118.250
16.745 118.526
16.763 118.682
16.780 118.618
16.786 118.912
16.790 119.045
16.797 118.657
16.820 118.640
16.846 119.033
17.008 118.789
17.048 118.904
17.057 118.631
17.199 118.924
17.212 118.704
17.249 118.610
17.293 118.549
17.315 118.411
17.558 118.697
17.568 118.509
17.584 118.805
17.677 118.767
17.708 118.348
17.818 118.609
17.934 119.199
17.940 118.608
17.989 118.510
18.089 118.354
18.159 118.484
18.185 118.449
18.253 118.932
18.304 118.627
18.328 118.085
18.339 118.572
18.368 118.729
18.487 118.667
18.504 118.697
18.537 118.701
18.573 118.672
18.586 118.106
18.611 118.938
18.651 118.384
18.734 118.693
18.747 118.831
18.754 118.408
18.757 118.802
18.758 118.738
18.773 118.416
18.779 118.151
18.847 118.374
18.890 118.639
18.903 118.983
18.982 118.869
19.097 118.913
19.109 118.481
19.133 118.476
19.172 119.020
19.206 118.718
19.213 118.518
19.349 118.350
19.387 118.617
19.466 118.677
19.472 118.515
19.481 119.127
19.485 118.646
19.490 118.483
19.500 119.138
19.529 118.491
19.603 119.046
19.611 118.167
19.617 118.490
19.630 118.320
19.702 118.549
19.725 118.422
19.878 118.604
19.919 118.690
19.969 118.566
19.993 118.506
20.024 118.580
20.092 118.811
20.121 118.664
20.150 118.841
20.287 118.441
20.411 118.713
20.455 118.578
20.668 118.491
20.710 118.516
20.734 118.764
20.777 118.450
20.800 118.597
20.829 118.438
20.878 118.373
20.929 118.384
20.946 118.408
21.005 118.669
21.039 118.843
21.063 119.173
21.071 118.753
21.080 118.833
21.118 118.496
21.170 118.810
21.170 118.389
21.201 118.248
21.206 118.363
21.247 118.537
21.289 118.344
21.353 118.987
21.562 118.439
21.586 118.340
21.685 118.555
21.697 118.653
21.717 118.495
21.742 118.634
21.890 118.299
21.898 118.389
21.927 118.331
21.954 118.834
21.957 118.497
22.119 118.469
22.123 118.201
22.143 118.298
22.228 118.684
22.229 118.292
22.276 118.286
22.345 118.239
22.383 118.627
22.437 118.392
22.494 118.613
22.539 118.637
22.564 118.421
22.693 118.720
22.705 118.310
22.752 118.512
22.770 118.491
22.771 119.116
22.838 118.686
22.905 118.322
22.920 118.352
23.003 118.414
23.006 118.834
23.088 118.329
23.139 118.379
23.169 118.381
23.195 118.472
23.317 118.663
23.337 118.691
23.343 118.656
23.426 118.193
23.461 118.664
23.495 118.371
23.538 118.863
23.555 118.273
23.608 118.277
23.613 118.532
23.711 118.199
23.717 118.368
23.731 118.458
23.765 118.501
23.798 118.574
23.841 118.350
23.854 118.903
23.860 118.414
23.879 118.483
23.914 118.751
23.919 118.657
24.118 119.298
24.119 118.826
24.121 118.530
24.123 118.134
24.135 118.483
24.151 118.787
24.179 118.360
24.196 118.690
24.197 118.250
24.200 118.545
24.208 118.482
24.256 118.396
24.376 118.947
24.435 118.549
24.479 118.250
24.482 118.573
24.517 118.214
24.657 118.432
24.672 118.046
24.675 118.572
24.680 118.134
24.738 118.372
24.742 118.704
24.797 118.385
24.887 118.654
24.889 118.479
24.897 118.289
24.914 118.477
24.979 118.629
25.070 118.672
25.072 118.292
25.105 118.265
25.218 118.469
25.221 118.155
25.234 118.697
25.239 118.254
25.265 118.557
25.266 118.651
25.266 118.677
25.348 118.340
25.366 118.496
25.429 118.454
25.431 118.087
25.444 118.492
25.462 118.405
25.504 118.134
25.526 118.743
25.582 118.303
25.628 118.637
25.692 118.444
25.843 118.766
25.941 118.686
25.944 118.375
25.957 118.434
25.957 118.472
25.989 118.171
26.001 118.333
26.008 118.145
26.018 118.138
26.075 118.731
26.101 118.593
26.114 118.280
26.147 118.420
26.195 118.586
26.260 118.556
26.281 119.033
26.314 118.518
26.395 118.423
26.422 118.312
26.430 118.795
26.444 118.582
26.527 118.571
26.530 118.236
26.606 118.521
26.666 118.228
26.762 118.746
26.769 118.359
26.899 118.666
27.011 118.345
27.018 118.395
27.040 118.463
27.069 118.252
27.081 118.142
27.089 118.738
27.330 118.474
27.374 118.323
27.376 118.860
27.397 118.018
27.400 118.637
27.459 118.522
27.571 118.241
27.597 118.613
27.653 118.301
27.656 118.646
27.721 118.193
27.722 118.426
27.746 118.435
27.755 118.350
27.816 118.268
27.842 118.453
27.869 118.588
27.869 118.410
27.924 118.397
27.950 118.409
27.974 118.198
27.991 118.718
28.018 118.319
28.056 118.469
28.089 118.572
28.170 118.272
28.191 118.481
28.195 118.310
28.213 118.201
28.307 118.395
28.338 118.191
28.418 118.538
28.461 118.919
28.472 118.667
28.479 118.762
28.574 118.519
28.598 118.256
28.614 118.674
28.615 118.976
28.669 118.615
28.766 118.907
28.861 118.172
28.879 118.247
28.882 118.118
28.953 118.531
28.954 118.017
29.037 118.295
29.108 118.603
29.112 118.325
29.116 118.958
29.120 118.780
29.169 118.397
29.175 118.557
29.253 118.568
29.255 118.059
29.291 118.513
29.394 118.580
29.433 118.565
29.505 118.238
29.579 118.334
29.591 118.121
29.597 118.243
29.645 118.123
29.647 118.151
29.648 119.104
29.661 118.540
29.704 118.858
29.731 118.811
29.854 118.556
29.870 118.479
29.910 118.437
30.083 118.700
30.098 118.657
30.127 118.475
30.149 118.426
30.238 118.343
30.345 118.505
30.364 118.274
30.373 118.310
30.392 118.271
30.443 118.208
30.529 118.537
30.556 118.508
30.587 118.527
30.645 118.295
30.655 118.587
30.658 119.159
30.693 118.358
30.711 118.243
30.815 118.373
30.925 118.451
31.090 118.726
31.128 118.956
31.258 118.617
31.407 118.326
31.421 118.545
31.431 118.411
31.468 118.359
31.509 118.612
31.573 118.222
31.586 118.889
31.591 118.413
31.598 118.597
31.619 118.728
31.622 118.635
31.720 118.682
31.787 118.323
31.818 118.434
31.921 118.385
31.928 118.606
31.976 118.623
32.031 118.738
32.047 118.514
32.061 118.209
32.061 118.432
32.358 118.583
32.391 118.295
32.452 118.372
32.482 118.325
32.516 118.653
32.963 118.584
33.042 118.838
33.060 118.099
33.197 118.381
33.202 118.973
33.232 118.342
33.253 118.317
33.510 118.292
33.613 118.357
33.714 118.060
33.762 118.430
33.764 118.098
33.834 119.053
33.931 118.592
34.181 118.321
34.218 119.079
34.291 118.650
34.342 118.247
34.404 118.313
34.457 118.670
34.657 118.805
34.753 118.789
34.766 118.526
34.896 118.549
34.939 118.288
34.987 118.361
35.073 118.301
35.284 118.077
35.407 118.673
35.456 118.300
35.717 118.737
35.771 118.350
35.959 118.092
36.165 118.404
36.240 118.562
36.354 118.657
36.461 118.005
36.691 118.201
36.715 118.715
36.728 118.317
36.729 118.508
36.907 118.178
37.057 118.570
37.114 118.344
37.344 118.314
37.477 118.381
37.638 118.214
37.720 118.675
37.911 118.464
38.014 118.088
38.117 118.328
38.133 118.382
38.159 118.654
38.161 118.269
38.227 118.422
38.279 118.786
38.725 118.646
38.896 118.268
39.046 118.161
39.052 118.398
39.057 118.299
39.112 118.113
39.363 118.648
39.396 118.346
39.552 118.454
39.582 118.439
39.959 118.787
40.058 118.700
40.354 118.271
40.392 118.322
40.993 118.494
41.064 118.430
41.117 118.716
41.133 118.187
41.166 118.993
41.442 118.785
41.687 118.493
41.729 118.446
41.886 118.952
41.926 118.636
41.929 118.225
41.998 118.286
42.228 118.714
42.795 118.723
42.819 118.608
42.939 118.683
43.324 118.279
43.443 118.191
43.490 118.125
43.597 118.682
43.799 118.581
43.866 118.450
44.491 118.203
44.831 118.492
45.059 118.579
45.226 118.645
45.408 118.934
45.861 118.324
46.525 118.425
46.724 118.554
46.782 118.220
46.866 118.726
46.912 118.186
47.308 118.422
47.358 118.284
47.421 118.298
48.196 118.523
48.651 118.484
49.160 118.698
49.338 118.376
50.774 118.547
51.515 118.623
51.518 118.607
52.651 118.481
52.799 118.460
56.421 118.574
57.099 118.343
59.066 118.350
59.821 118.620
60.231 118.470
60.426 118.482
60.673 118.717
61.821 118.561
62.201 118.489
67.961 118.661
68.063 119.157
69.004 118.313
70.071 118.806
72.145 118.440
72.314 118.779
89.676 119.311
107.025 119.191
119.575 119.005
342.200 119.231
478.799 119.319
