# Ep lEiso
2.397 119.910
6.623 119.692
32.951 119.353
35.324 119.615
36.086 119.192
37.480 119.483
38.347 119.765
38.884 119.205
39.535 118.852
39.561 118.864
40.020 119.133
40.817 118.956
41.111 119.264
41.604 119.081
41.973 119.220
42.126 119.298
42.789 119.036
42.894 119.198
43.148 119.253
43.215 118.901
43.396 119.071
43.427 118.997
43.544 119.383
43.737 119.145
43.899 119.071
44.111 118.901
44.118 119.239
44.225 119.018
44.316 119.063
44.383 118.954
45.015 119.016
45.044 119.154
45.094 119.145
45.287 119.410
45.518 119.146
45.542 118.985
45.824 119.396
45.970 119.235
45.986 118.741
46.212 119.324
46.312 118.917
46.393 118.982
46.521 119.182
46.541 118.707
46.571 118.956
46.647 118.845
46.826 118.992
47.104 119.283
47.127 119.114
47.143 118.807
47.168 119.093
47.215 119.216
47.330 118.931
47.377 118.923
47.517 119.193
47.537 118.895
47.598 118.853
47.991 119.329
48.075 119.196
48.347 119.003
48.348 119.029
48.496 118.776
48.610 118.807
48.784 118.943
48.794 119.187
48.911 118.866
48.982 119.162
49.210 119.550
49.233 119.262
49.313 119.130
49.432 118.804
49.433 118.799
49.462 119.126
49.515 118.914
49.606 118.702
49.668 118.984
49.704 119.315
49.863 119.130
49.979 119.027
49.984 119.054
50.058 118.865
50.083 119.320
50.115 119.211
50.188 119.022
50.275 118.989
50.313 118.964
50.348 118.914
50.537 119.083
50.561 118.932
50.595 118.939
50.630 118.972
50.713 119.190
50.719 119.128
50.729 119.255
50.842 119.248
50.871 119.038
50.950 119.202
51.124 119.250
51.183 119.233
51.186 119.014
51.244 118.843
51.250 118.799
51.256 118.705
51.265 118.952
51.287 119.147
51.320 119.190
51.328 118.970
51.402 119.079
51.480 119.045
51.505 118.730
51.545 118.828
51.550 118.730
51.594 118.985
51.651 118.920
51.657 119.012
51.694 119.048
51.737 119.220
52.118 118.858
52.124 119.296
52.173 119.078
52.235 118.871
52.252 119.048
52.265 119.028
52.324 118.664
52.355 119.118
52.374 119.141
52.539 118.696
52.556 118.880
52.600 119.147
52.664 118.925
52.695 118.925
52.773 118.815
52.806 118.961
52.867 118.996
52.875 119.120
53.003 118.931
53.019 119.279
53.142 118.972
53.149 118.845
53.222 119.229
53.273 119.109
53.286 119.228
53.298 119.067
53.417 119.062
53.432 119.118
53.450 118.873
53.589 119.049
53.606 118.977
53.809 118.940
53.818 119.048
53.819 119.326
54.015 119.004
54.055 119.155
54.120 118.865
54.194 119.127
54.305 118.961
54.341 118.967
54.349 119.208
54.465 118.941
54.499 119.175
54.520 118.978
54.575 118.994
54.579 119.220
54.624 119.018
54.648 119.021
54.752 118.976
54.828 119.043
55.049 119.042
55.072 119.091
55.115 119.081
55.142 119.015
55.199 118.949
55.203 118.896
55.334 118.809
55.368 119.299
55.385 118.920
55.429 119.161
55.434 119.360
55.477 119.091
55.497 119.216
55.544 119.024
55.634 119.254
55.652 119.114
55.678 118.928
55.682 119.066
55.818 118.941
55.916 119.087
55.955 119.036
55.968 119.250
56.042 118.921
56.071 119.045
56.102 119.124
56.103 118.982
56.141 119.005
56.260 119.098
56.327 119.327
56.391 119.114
56.427 118.907
56.450 119.062
56.468 118.882
56.482 119.107
56.505 119.173
56.629 119.053
56.664 119.150
56.736 119.261
56.754 119.011
56.761 119.099
56.799 119.002
56.843 118.924
56.872 119.099
56.922 119.192
56.939 119.391
56.968 119.069
57.103 118.974
57.190 118.789
57.210 118.917
57.214 119.072
57.237 119.332
57.281 119.301
57.299 119.097
57.401 119.145
57.729 118.887
57.740 119.137
57.757 118.910
57.760 119.047
57.860 119.094
57.902 119.406
57.930 119.011
57.931 118.918
57.957 119.121
58.110 119.044
58.118 118.872
58.144 119.172
58.343 119.252
58.431 119.010
58.495 119.187
58.670 119.101
58.789 119.256
58.802 119.090
58.909 119.044
58.925 119.001
59.009 119.033
59.019 119.209
59.067 118.965
59.083 118.858
59.084 119.190
59.171 119.076
59.234 119.260
59.416 118.866
59.419 118.699
59.498 119.219
59.558 118.980
59.563 118.802
59.707 119.303
59.707 119.072
59.709 119.139
59.738 118.890
59.751 119.190
59.807 118.981
59.852 119.088
59.869 119.032
59.873 118.968
59.911 119.047
60.092 118.909
60.336 119.255
60.338 119.157
60.379 118.941
60.518 118.993
60.547 119.268
60.564 119.306
60.581 119.039
60.640 118.910
60.700 118.998
60.706 118.956
60.716 119.251
60.731 119.353
60.833 118.990
60.881 119.244
60.945 118.867
60.961 118.943
60.964 119.289
60.980 118.941
61.007 119.159
61.054 119.023
61.109 119.016
61.137 119.224
61.188 119.184
61.204 119.126
61.349 118.901
61.353 119.041
61.417 118.967
61.419 118.842
61.567 119.188
61.740 119.151
61.791 119.391
61.879 118.777
62.020 118.970
62.068 119.352
62.291 118.908
62.384 118.990
62.404 119.008
62.411 119.177
62.472 119.103
62.535 119.325
62.549 118.831
62.613 119.229
62.636 118.927
62.748 119.168
62.753 118.961
62.758 118.826
62.836 119.000
62.880 119.335
62.900 119.280
62.938 119.006
62.988 118.942
63.043 118.975
63.083 118.826
63.157 119.163
63.160 119.268
63.169 119.117
63.445 119.086
63.502 119.134
63.713 119.442
63.719 118.899
63.804 118.855
63.845 119.064
63.979 119.096
64.014 119.229
64.052 119.059
64.071 118.823
64.074 119.197
64.076 119.025
64.108 119.184
64.133 119.084
64.147 118.891
64.194 119.322
64.357 119.256
64.509 119.161
64.548 118.997
64.647 119.098
64.718 119.069
64.833 119.157
64.834 119.192
64.905 119.242
64.953 118.979
65.023 119.059
65.089 118.819
65.092 119.082
65.120 118.944
65.193 119.140
65.219 118.962
65.227 119.178
65.249 118.970
65.329 118.899
65.380 118.918
65.422 119.219
65.581 119.044
65.614 119.240
65.802 118.935
65.811 119.262
65.933 119.131
65.947 118.963
65.976 119.197
65.979 119.431
65.989 118.945
66.030 119.171
66.117 118.941
66.470 118.959
66.492 118.861
66.494 119.141
66.656 119.120
66.855 118.901
66.892 119.294
66.951 119.433
66.963 119.370
67.011 119.104
67.036 119.362
67.051 119.094
67.053 119.068
67.216 119.013
67.416 119.334
67.474 119.176
67.537 118.827
67.632 119.200
67.679 119.043
67.690 119.402
67.850 119.351
67.962 119.151
68.041 119.122
68.118 119.077
68.172 118.860
68.181 119.299
68.194 118.845
68.249 119.045
68.314 119.282
68.380 119.070
68.422 119.054
68.448 119.156
68.476 119.127
68.490 119.017
68.490 119.417
68.585 119.062
68.601 119.043
68.621 119.329
68.648 119.128
68.756 119.133
68.776 118.979
68.787 118.791
68.868 119.023
68.904 119.213
68.943 119.060
69.031 119.388
69.067 119.198
69.126 119.254
69.439 119.206
69.470 119.267
69.527 119.101
69.562 119.074
69.575 119.250
69.587 119.079
69.613 119.270
69.684 119.090
69.832 118.967
69.881 118.917
69.891 119.193
69.894 118.878
69.906 118.887
69.925 118.991
69.964 119.194
69.972 119.081
69.973 119.236
69.974 118.965
70.024 119.107
70.050 118.921
70.188 119.223
70.250 119.338
70.261 119.102
70.281 119.091
70.297 118.872
70.364 118.965
70.377 119.186
70.418 119.216
70.423 119.348
70.432 118.908
70.601 118.886
70.610 119.004
70.766 119.135
70.772 118.974
70.779 119.428
70.845 119.099
70.847 118.879
70.940 119.256
70.973 119.225
70.978 118.872
70.994 119.010
71.066 119.145
71.135 119.293
71.157 119.185
71.182 119.029
71.225 119.367
71.315 119.134
71.416 119.073
71.440 119.319
71.462 119.191
71.508 119.158
71.557 119.261
71.627 119.268
71.756 118.987
71.835 118.983
71.861 119.036
71.909 119.376
71.916 119.210
72.026 119.051
72.037 119.342
72.127 119.206
72.174 119.222
72.267 118.950
72.398 119.110
72.480 119.228
72.534 119.252
72.624 119.137
72.624 119.073
72.634 119.155
72.650 119.055
72.763 119.029
72.775 119.003
73.136 119.003
73.139 119.316
73.163 119.184
73.290 119.394
73.427 118.910
73.438 119.059
73.461 119.535
73.484 119.359
73.492 119.254
73.578 119.065
73.627 119.250
73.688 118.979
73.705 119.081
73.727 118.965
73.747 118.980
73.755 119.223
73.759 119.271
73.768 119.130
73.796 119.125
73.828 119.268
74.035 118.963
74.087 119.262
74.097 119.122
74.279 119.228
74.296 119.275
74.343 119.163
74.400 119.092
74.428 119.043
74.737 119.145
74.750 119.078
74.770 119.184
74.893 119.170
74.936 119.399
75.083 119.026
75.244 119.323
75.252 119.000
75.320 119.440
75.459 119.328
75.556 119.070
75.591 119.057
75.686 119.228
75.757 119.120
75.790 118.930
75.805 119.101
75.845 119.239
76.011 119.134
76.035 119.145
76.082 119.148
76.135 119.423
76.153 118.940
76.190 119.236
76.248 119.246
76.372 119.158
76.391 119.209
76.403 119.057
76.407 119.199
76.408 119.176
76.431 119.452
76.440 118.965
76.541 119.050
76.606 119.151
76.626 119.278
76.745 119.383
76.918 119.269
76.936 119.108
76.972 119.108
77.030 119.429
77.082 119.205
77.092 119.129
77.297 119.367
77.354 119.181
77.472 119.210
77.482 119.147
77.497 119.387
77.503 119.086
77.512 119.134
77.527 118.945
77.575 119.138
77.696 119.354
77.709 119.011
77.719 119.137
77.741 119.071
77.858 119.017
77.896 119.111
78.146 119.182
78.213 119.387
78.295 118.942
78.333 119.144
78.385 119.172
78.496 119.261
78.542 118.974
78.590 119.272
78.817 119.122
79.023 119.252
79.096 119.179
79.470 119.020
79.544 119.163
79.587 119.257
79.665 119.140
79.705 119.196
79.758 119.137
79.846 119.113
79.938 119.117
79.968 119.311
80.074 119.224
80.137 119.288
80.179 119.411
80.194 119.349
80.210 118.927
80.279 119.159
80.372 119.275
80.372 119.422
80.428 119.068
80.436 119.110
80.511 119.487
80.587 119.283
80.703 119.340
81.081 119.139
81.123 119.418
81.316 119.450
81.339 119.051
81.378 119.159
81.427 119.209
81.722 119.088
81.738 119.121
81.796 119.100
81.849 118.931
81.854 119.296
82.176 119.155
82.183 119.060
82.224 119.434
82.393 119.236
82.394 119.406
82.487 119.096
82.624 119.348
82.701 119.221
82.807 119.140
82.921 119.218
83.010 119.034
83.059 119.151
83.315 119.391
83.340 119.112
83.433 119.182
83.469 119.175
83.471 119.393
83.613 119.245
83.761 119.120
83.793 119.131
83.977 119.017
83.984 119.305
84.165 119.129
84.278 119.149
84.344 119.151
84.400 119.185
84.669 119.259
84.713 119.270
84.725 119.257
84.907 119.092
84.985 119.266
85.060 119.160
85.154 119.342
85.193 119.081
85.309 119.130
85.320 119.224
85.534 119.104
85.546 119.357
85.576 119.201
85.651 119.029
85.723 119.105
85.818 119.165
85.847 119.372
85.859 119.190
85.902 119.216
85.977 119.318
85.989 118.979
86.441 119.532
86.442 119.443
86.448 119.241
86.454 119.091
86.482 118.945
86.522 119.063
86.592 119.136
86.633 119.301
86.635 119.422
86.643 119.151
86.661 119.223
86.782 119.415
87.077 119.400
87.221 119.322
87.329 119.136
87.336 119.257
87.422 118.858
87.764 119.211
87.802 119.070
87.810 119.265
87.822 119.103
87.963 119.062
87.972 118.854
88.107 119.205
88.325 119.304
88.332 119.105
88.350 119.170
88.391 119.239
88.551 119.294
88.770 119.310
88.776 119.171
88.855 119.162
89.127 119.236
89.136 119.122
89.167 119.318
89.179 119.158
89.240 119.267
89.243 119.343
89.244 119.311
89.440 119.146
89.485 119.245
89.645 119.277
89.652 119.008
89.689 119.293
89.737 119.215
89.853 119.119
89.917 119.339
90.072 119.182
90.200 119.305
90.377 119.237
90.792 119.361
91.070 119.462
91.079 119.221
91.118 119.243
91.121 119.258
91.220 119.147
91.259 119.114
91.280 119.138
91.309 119.601
91.489 119.359
91.570 119.309
91.611 119.493
91.712 119.451
91.864 119.310
92.065 119.302
92.130 119.085
92.233 119.290
92.483 119.079
92.567 119.538
92.592 119.400
92.634 119.320
92.888 119.141
92.898 119.191
93.130 119.417
93.315 118.943
93.634 119.541
93.660 119.245
94.131 119.100
94.532 119.240
94.559 119.526
94.639 119.285
94.740 119.205
94.783 119.163
94.813 119.389
95.670 119.288
95.827 119.232
95.833 119.431
95.907 119.119
95.920 119.062
96.128 119.076
96.519 119.202
96.611 119.339
96.807 119.529
96.818 119.351
97.042 119.186
97.045 119.270
97.130 119.274
97.162 119.571
97.370 119.213
97.462 119.280
97.552 119.329
97.553 119.265
97.745 119.260
97.833 119.297
97.916 119.188
97.974 119.375
98.066 119.453
98.204 119.286
98.345 119.324
98.682 119.220
98.767 119.627
98.783 119.476
98.861 119.196
99.253 119.269
99.377 119.197
99.704 119.325
99.880 119.464
99.925 119.373
99.951 119.408
100.341 119.478
100.440 119.229
100.506 119.381
100.508 119.491
100.731 119.362
101.115 119.475
101.497 119.124
101.569 119.243
101.580 119.196
101.862 119.184
101.866 119.165
102.198 119.094
102.477 119.392
102.496 119.290
102.509 119.523
102.525 119.167
102.717 119.319
102.740 119.120
103.042 119.385
103.051 119.058
103.187 119.366
103.588 119.395
103.735 119.390
104.076 119.269
104.439 119.305
104.497 119.226
104.523 119.271
104.757 119.101
104.770 119.238
104.775 119.587
104.837 119.549
105.036 119.496
105.165 119.479
105.745 119.385
105.817 119.576
106.007 119.342
106.823 119.435
106.891 119.420
107.030 119.355
107.133 119.228
107.551 119.529
108.033 119.365
108.120 119.284
108.160 119.297
108.245 119.283
108.474 119.261
108.856 119.376
108.977 119.365
109.118 119.372
109.376 119.292
109.425 119.501
109.436 119.588
109.595 119.313
109.673 119.274
110.141 119.319
110.634 119.345
111.549 119.443
111.757 119.522
112.476 119.412
113.294 119.319
113.371 119.393
113.427 119.348
113.630 119.332
113.855 119.419
114.207 119.547
114.280 119.514
114.305 119.354
114.345 119.507
114.462 119.555
114.479 119.430
115.017 119.157
115.383 119.530
115.543 119.369
116.068 119.355
116.103 119.430
116.346 119.437
116.629 119.478
116.711 119.403
116.779 119.483
116.781 119.375
118.297 119.435
118.464 119.339
118.779 119.437
118.929 119.567
119.132 119.273
122.075 119.455
122.569 119.237
122.682 119.275
123.539 119.213
123.573 119.592
123.762 119.382
123.894 119.374
125.505 119.373
126.151 119.398
126.783 119.301
127.083 119.484
127.096 119.638
127.532 119.637
128.112 119.486
129.539 119.402
129.823 119.656
130.386 119.672
130.780 119.382
131.254 119.406
131.666 119.526
133.204 119.577
133.944 119.574
134.046 119.487
135.041 119.295
135.378 119.638
135.744 119.439
136.404 119.422
137.992 119.355
138.806 119.355
139.129 119.432
140.861 119.582
141.222 119.456
142.489 119.377
144.423 119.485
145.133 119.621
146.209 119.572
147.218 119.365
149.384 119.435
149.605 119.600
149.726 119.355
149.741 119.534
151.343 119.395
152.518 119.562
152.960 119.491
154.762 119.487
155.799 119.511
157.054 119.463
157.694 119.609
159.309 119.548
160.479 119.437
161.645 119.582
161.830 119.535
162.126 119.622
162.148 119.501
162.891 119.481
163.492 119.671
168.545 119.491
170.274 119.540
171.619 119.795
171.677 119.588
171.722 119.480
172.217 119.499
174.470 119.681
174.768 119.726
176.168 119.459
176.437 119.506
179.823 119.751
180.988 119.724
184.923 119.474
185.433 119.602
193.428 119.867
194.361 119.423
195.067 119.722
195.278 119.438
195.662 119.805
198.407 119.739
200.842 119.703
201.256 119.506
202.818 119.783
203.220 119.690
203.250 119.570
203.930 119.786
206.216 119.710
213.813 119.735
214.176 119.703
215.953 119.778
221.695 119.638
223.469 119.619
224.170 119.603
225.759 119.769
228.769 119.751
229.769 119.717
236.901 119.673
240.444 119.770
242.818 119.666
244.556 119.696
247.195 119.991
254.350 119.650
264.838 119.799
267.977 119.651
268.882 119.669
270.214 119.893
270.947 119.740
277.204 119.816
277.992 119.778
278.977 119.784
287.415 119.859
292.079 119.889
298.245 119.923
301.117 119.838
324.301 119.736
336.282 119.959
336.318 119.805
349.525 120.195
350.966 119.928
400.576 119.999
412.011 119.937
432.249 119.956
439.374 120.047
443.231 120.003
445.071 120.009
447.398 120.085
458.229 120.046
461.813 119.970
530.499 120.104
531.510 119.870
540.834 119.991
551.394 120.155
571.938 120.036
573.608 120.149
700.967 120.350
788.804 120.323
827.636 120.455
1321.193 120.304
1648.228 120.135
