# Ep lEiso
73.594 121.641
74.995 121.705
78.987 121.846
80.427 121.828
81.033 121.737
81.780 121.788
82.244 121.911
82.654 121.971
83.284 121.721
83.308 121.680
83.752 121.787
84.402 121.747
84.572 121.892
84.923 121.826
85.264 121.763
85.405 121.934
86.017 121.810
86.114 121.775
86.349 121.921
86.411 121.744
86.578 121.831
86.606 121.793
86.715 121.991
86.893 121.833
87.043 121.834
87.253 121.746
87.260 121.770
87.357 121.809
87.439 121.833
87.501 121.776
88.074 121.815
88.101 121.889
88.146 121.762
88.321 122.029
88.530 121.889
88.552 121.803
88.808 122.029
88.941 121.943
88.955 121.794
89.160 121.995
89.251 121.772
89.324 121.809
89.456 121.920
89.480 121.896
89.515 121.795
89.605 121.735
89.816 121.816
90.098 121.977
90.118 121.884
90.133 121.759
90.156 121.873
90.199 121.940
90.305 121.785
90.348 121.780
90.477 121.928
90.495 121.766
90.551 121.793
90.912 122.002
90.989 121.778
91.239 121.827
91.239 121.841
91.375 121.706
91.480 121.723
91.656 121.798
91.667 121.928
91.798 121.757
91.876 121.918
92.131 122.132
92.156 121.976
92.245 121.905
92.376 121.815
92.377 121.797
92.405 121.905
92.454 121.811
92.540 121.930
92.598 121.828
92.632 121.815
92.781 121.811
92.890 121.854
92.895 121.869
92.965 121.805
92.988 121.820
93.019 121.797
93.087 121.852
93.169 121.834
93.205 121.820
93.238 121.792
93.416 121.889
93.438 121.803
93.470 121.807
93.503 121.826
93.581 121.951
93.587 121.862
93.596 121.989
93.717 121.985
93.748 121.865
93.833 121.960
94.021 121.990
94.085 121.803
94.087 121.854
94.150 121.792
94.157 121.729
94.164 121.830
94.173 121.818
94.197 121.931
94.232 121.957
94.241 121.829
94.321 121.893
94.405 121.874
94.432 121.816
94.476 121.823
94.480 121.866
94.528 121.840
94.586 121.802
94.592 121.856
94.627 121.878
94.669 121.979
95.035 121.770
95.041 122.032
95.088 121.902
95.148 121.779
95.164 121.885
95.177 121.873
95.233 121.865
95.263 121.853
95.281 121.943
95.440 121.869
95.457 121.889
95.501 121.950
95.568 121.816
95.600 121.816
95.684 121.751
95.719 121.840
95.783 121.862
95.792 121.824
95.927 121.824
95.945 121.822
96.075 121.851
96.083 121.773
96.160 122.010
96.215 121.937
96.228 121.868
96.241 121.912
96.367 121.911
96.383 121.946
96.402 121.794
96.546 121.843
96.563 121.860
96.762 121.836
96.771 121.904
96.772 122.078
96.965 121.877
97.004 121.866
97.068 121.788
97.140 121.846
97.252 121.849
97.290 121.853
97.298 121.840
97.421 121.836
97.456 121.865
97.479 121.860
97.536 121.870
97.540 122.015
97.588 121.886
97.613 121.888
97.722 121.858
97.802 121.902
98.035 121.901
98.058 121.933
98.104 121.927
98.133 121.884
98.192 121.841
98.196 121.807
98.329 121.877
98.364 122.069
98.380 121.888
98.424 121.979
98.430 122.109
98.472 121.934
98.492 122.015
98.539 121.890
98.630 122.041
98.647 121.949
98.673 121.827
98.677 121.917
98.815 121.835
98.917 121.932
98.959 121.898
98.972 122.039
99.049 121.823
99.080 121.904
99.113 121.875
99.114 121.862
99.153 121.878
99.277 121.939
99.347 122.091
99.415 121.950
99.452 121.813
99.477 121.915
99.495 121.901
99.510 121.946
99.534 121.989
99.663 121.910
99.700 121.974
99.775 122.048
99.793 121.882
99.801 121.941
99.839 121.877
99.883 121.826
99.913 121.935
99.963 121.895
99.980 122.139
100.010 121.924
100.147 121.864
100.237 121.817
100.258 121.826
100.262 121.892
100.286 122.099
100.332 122.077
100.351 121.943
100.457 121.973
100.799 121.807
100.810 121.961
100.828 121.937
100.832 121.905
100.936 121.934
100.980 122.124
101.008 121.882
101.009 121.825
101.037 121.949
101.196 121.900
101.204 121.797
101.230 121.975
101.433 122.017
101.525 122.087
101.591 121.979
101.774 121.928
101.897 122.021
101.911 121.922
102.023 121.895
102.039 121.869
102.127 122.137
102.137 121.994
102.186 121.848
102.203 121.870
102.205 121.897
102.295 121.914
102.361 121.915
102.548 121.919
102.551 122.067
102.633 122.005
102.695 121.860
102.700 121.751
102.850 122.059
102.851 121.918
102.852 121.959
102.883 121.916
102.896 121.991
102.954 121.863
103.001 121.930
103.019 121.895
103.022 121.856
103.062 121.905
103.251 121.909
103.504 122.040
103.506 121.978
103.548 121.843
103.693 121.876
103.723 122.049
103.740 122.073
103.757 121.905
103.819 121.931
103.881 121.878
103.887 121.917
103.898 122.038
103.914 122.104
104.019 121.873
104.069 122.035
104.136 122.033
104.152 122.004
104.156 122.064
104.172 121.842
104.200 121.981
104.249 121.895
104.306 121.890
104.335 122.023
104.388 121.922
104.405 121.900
104.555 121.904
104.559 121.909
104.626 121.862
104.627 121.861
104.781 121.947
104.961 121.986
105.013 122.143
105.105 122.070
105.251 121.872
105.301 122.122
105.532 121.954
105.628 121.885
105.649 121.897
105.656 122.008
105.720 121.960
105.785 122.106
105.800 121.907
105.865 122.043
105.889 122.036
106.005 122.003
106.011 121.865
106.016 121.934
106.096 121.891
106.142 122.114
106.163 122.077
106.202 121.895
106.254 121.852
106.311 121.874
106.353 121.908
106.429 121.999
106.432 122.070
106.441 121.969
106.727 121.943
106.786 121.973
107.004 122.163
107.011 122.057
107.098 122.017
107.140 121.929
107.279 121.950
107.316 122.034
107.355 121.926
107.374 122.010
107.377 121.966
107.379 121.905
107.412 122.005
107.438 121.942
107.453 122.098
107.501 121.943
107.669 122.052
107.826 121.992
107.867 121.886
107.968 121.951
108.042 121.933
108.160 121.989
108.162 122.012
108.235 122.045
108.285 121.875
108.357 121.926
108.424 121.863
108.427 121.941
108.456 121.921
108.531 121.957
108.559 121.866
108.567 122.007
108.589 121.872
108.671 121.964
108.724 121.885
108.768 122.042
108.931 121.929
108.966 122.058
109.158 121.922
109.168 122.073
109.294 121.986
109.307 121.875
109.338 122.031
109.341 122.186
109.351 121.863
109.393 122.013
109.483 121.984
109.845 121.922
109.868 122.036
109.869 121.961
110.036 121.980
110.240 121.889
110.278 122.098
110.338 122.191
110.351 122.148
110.401 121.968
110.427 122.129
110.444 121.961
110.447 121.945
110.620 121.917
110.825 122.112
110.884 122.009
110.949 121.909
111.046 122.025
111.094 121.926
111.106 122.153
111.269 121.989
111.384 121.994
111.464 121.976
111.543 121.947
111.597 121.970
111.607 122.090
111.620 122.022
111.676 121.926
111.742 122.079
111.810 121.942
111.853 121.932
111.879 121.998
111.907 121.979
111.922 121.908
111.922 122.168
112.019 121.937
112.035 121.925
112.055 122.111
112.084 121.980
112.193 121.984
112.214 121.985
112.225 122.047
112.308 121.911
112.344 121.983
112.384 121.936
112.473 122.151
112.509 122.027
112.569 122.025
112.887 122.045
112.919 122.086
112.977 121.975
113.013 121.957
113.025 122.074
113.039 121.961
113.065 122.088
113.137 121.968
113.287 121.886
113.336 121.994
113.346 121.960
113.349 121.937
113.361 121.952
113.381 121.901
113.420 122.037
113.428 121.961
113.430 122.066
113.431 121.987
113.481 121.979
113.507 121.922
113.648 121.949
113.709 121.979
113.721 121.976
113.741 121.968
113.757 121.982
113.824 121.996
113.838 122.033
113.879 122.053
113.885 122.143
113.894 122.043
114.066 121.992
114.075 121.941
114.232 121.971
114.238 121.887
114.245 122.193
114.311 121.969
114.313 121.946
114.406 121.968
114.439 122.050
114.445 121.935
114.461 121.932
114.534 121.996
114.604 121.937
114.627 122.021
114.652 121.972
114.695 122.137
114.786 121.987
114.887 121.950
114.910 122.109
114.932 122.027
114.979 122.006
115.028 122.074
115.097 122.079
115.229 121.955
115.309 122.002
115.335 121.929
115.384 122.149
115.392 122.042
115.501 121.939
115.512 122.128
115.601 122.040
115.648 122.050
115.740 121.937
115.871 121.977
115.954 122.054
116.009 121.961
116.100 121.995
116.100 121.953
116.110 122.007
116.126 121.941
116.241 121.924
116.253 121.965
116.608 121.951
116.612 122.114
116.635 122.026
116.762 122.091
116.901 122.090
116.912 121.945
116.935 122.265
116.958 122.147
116.967 121.955
117.053 121.951
117.102 122.076
117.164 121.895
117.181 121.963
117.203 122.002
117.222 121.987
117.230 122.059
117.234 122.092
117.243 121.997
117.271 121.994
117.301 122.091
117.503 122.009
117.554 122.091
117.565 121.996
117.743 122.070
117.760 122.102
117.808 121.992
117.865 121.977
117.893 121.943
118.205 122.014
118.218 121.967
118.239 122.040
118.358 122.031
118.399 122.189
118.542 121.992
118.698 122.137
118.706 121.992
118.772 122.218
118.906 122.141
119.004 121.961
119.040 121.953
119.135 122.072
119.206 121.997
119.240 122.055
119.255 121.983
119.295 122.079
119.462 122.006
119.485 122.014
119.531 122.015
119.582 122.205
119.599 122.106
119.634 122.073
119.690 122.078
119.809 122.014
119.828 122.048
119.839 121.944
119.843 122.041
119.843 122.025
119.865 122.212
119.874 121.972
119.971 121.937
120.033 122.003
120.052 122.088
120.166 122.154
120.336 122.075
120.353 121.969
120.389 121.969
120.448 122.177
120.500 122.031
120.510 121.982
120.716 122.132
120.773 122.013
120.892 122.031
120.902 121.991
120.916 122.142
120.921 122.024
120.930 121.984
120.944 122.145
120.989 121.987
121.104 122.125
121.116 122.049
121.126 121.989
121.146 122.039
121.257 122.005
121.292 121.975
121.529 122.023
121.593 122.045
121.670 122.016
121.706 122.002
121.755 122.021
121.860 122.079
121.907 122.043
121.955 122.086
122.181 121.990
122.388 122.017
122.460 122.027
122.815 122.010
122.884 122.016
122.924 122.078
122.997 122.002
123.034 122.038
123.083 121.999
123.165 121.984
123.251 121.986
123.279 121.992
123.377 122.056
123.435 122.099
123.475 122.180
123.489 122.077
123.503 122.097
123.568 122.014
123.654 122.091
123.655 122.188
123.709 122.046
123.717 121.981
123.791 122.233
123.867 122.097
123.983 122.136
124.360 122.004
124.402 122.193
124.582 122.216
124.603 122.058
124.638 122.019
124.684 122.054
124.953 122.034
124.967 121.995
125.020 121.981
125.068 122.105
125.073 122.023
125.366 122.021
125.373 122.015
125.410 122.213
125.565 122.078
125.566 122.195
125.651 121.982
125.776 122.157
125.848 122.069
125.954 122.014
126.066 122.069
126.155 122.075
126.203 122.022
126.457 122.097
126.481 122.045
126.574 122.046
126.610 122.042
126.611 122.195
126.743 122.090
126.875 122.001
126.904 122.009
127.067 122.025
127.074 122.128
127.235 122.016
127.336 122.018
127.394 122.018
127.444 122.041
127.684 122.089
127.723 122.096
127.734 122.088
127.896 121.975
127.966 122.091
128.032 122.019
128.116 122.140
128.150 121.996
128.254 121.997
128.264 122.060
128.471 121.979
128.483 122.079
128.513 122.043
128.586 122.054
128.657 122.072
128.750 122.017
128.779 122.153
128.791 122.033
128.833 122.050
128.907 122.117
128.919 122.094
129.345 122.253
129.346 122.195
129.352 122.064
129.357 121.967
129.382 122.053
129.416 122.128
129.477 122.023
129.512 122.104
129.514 122.183
129.521 122.069
129.536 122.053
129.641 122.179
129.897 122.171
130.022 122.072
130.115 121.999
130.121 122.078
130.195 122.182
130.492 122.049
130.525 122.026
130.532 122.085
130.542 121.978
130.664 122.041
130.672 122.123
130.789 122.047
130.978 122.114
130.984 122.071
131.000 122.024
131.035 122.071
131.173 122.109
131.385 122.121
131.391 122.027
131.468 122.021
131.733 122.073
131.742 122.024
131.772 122.130
131.784 122.021
131.844 122.096
131.846 122.148
131.847 122.125
132.039 122.044
132.082 122.083
132.228 122.073
132.234 122.160
132.265 122.083
132.305 122.062
132.403 121.996
132.456 122.146
132.586 122.039
132.694 122.122
132.843 122.075
133.191 122.157
133.424 122.139
133.432 122.063
133.465 122.077
133.467 122.087
133.550 122.014
133.583 122.054
133.601 122.008
133.625 122.314
133.776 122.153
133.844 122.119
133.878 122.240
133.964 122.078
134.091 122.119
134.259 122.113
134.314 122.231
134.401 122.105
134.612 122.083
134.693 122.264
134.718 122.279
134.759 122.123
135.004 122.121
135.014 122.039
135.238 122.110
135.417 122.039
135.700 122.261
135.722 122.073
136.102 122.150
136.428 122.072
136.450 122.258
136.514 122.102
136.596 122.051
136.631 122.024
136.655 122.170
137.349 122.099
137.476 122.072
137.481 122.204
137.541 122.255
137.551 122.194
137.720 122.122
138.036 122.095
138.111 122.146
138.270 122.070
138.278 122.155
138.460 122.045
138.462 122.102
138.531 122.105
138.557 122.306
138.748 122.064
138.836 122.110
138.923 122.143
138.923 122.100
139.107 122.097
139.191 122.100
139.271 122.084
139.326 122.176
139.414 122.078
139.536 122.116
139.646 122.141
139.909 122.113
139.975 122.348
139.988 122.113
140.049 122.051
140.354 122.100
140.451 122.050
140.706 122.136
140.843 122.230
140.878 122.168
140.898 122.191
141.202 122.132
141.279 122.068
141.330 122.171
141.332 122.245
141.506 122.157
141.806 122.231
142.103 122.054
142.159 122.073
142.168 122.042
142.388 122.146
142.391 122.228
142.650 122.091
142.868 122.091
142.882 122.101
142.893 122.256
142.905 122.213
143.054 122.120
143.072 122.159
143.308 122.162
143.314 122.037
143.441 122.149
143.821 122.168
143.961 122.121
144.226 122.085
144.497 122.110
144.541 122.058
144.561 122.088
144.736 122.059
144.745 122.066
144.749 122.300
144.796 122.162
144.945 122.241
145.041 122.230
145.475 122.169
145.529 122.150
145.671 122.141
146.282 122.208
146.332 122.198
146.436 122.153
146.513 122.142
146.826 122.123
147.187 122.164
147.252 122.108
147.282 122.117
147.346 122.107
147.517 122.093
147.803 122.175
147.893 122.168
147.999 122.173
148.192 122.117
148.228 122.189
148.237 122.329
148.356 122.133
148.414 122.105
148.764 122.139
149.185 122.159
149.843 122.229
149.993 122.287
150.511 122.205
151.099 122.136
151.155 122.190
151.195 122.157
151.341 122.145
151.503 122.181
151.756 122.301
151.809 122.277
151.827 122.160
151.856 122.271
151.940 122.306
151.952 122.215
152.339 122.228
152.603 122.286
152.718 122.169
153.096 122.158
153.121 122.212
153.296 122.217
153.500 122.246
153.558 122.192
153.607 122.250
153.609 122.171
154.700 122.213
154.820 122.142
155.047 122.162
155.154 122.151
155.282 122.232
157.219 122.221
157.561 122.285
157.639 122.231
158.232 122.175
158.255 122.320
158.386 122.166
158.477 122.160
159.591 122.157
160.038 122.174
160.475 122.111
160.682 122.194
160.692 122.349
160.993 122.348
161.394 122.236
162.358 122.173
162.500 122.359
162.781 122.371
162.979 122.156
163.216 122.173
163.422 122.197
164.388 122.299
164.888 122.298
164.957 122.234
165.629 122.243
165.857 122.347
166.104 122.199
166.550 122.187
167.624 122.353
168.174 122.287
168.392 122.196
169.562 122.310
169.806 122.216
170.650 122.157
171.570 122.238
171.908 122.279
172.420 122.206
172.900 122.237
174.164 122.199
174.310 122.326
174.389 122.228
174.399 122.275
175.449 122.197
176.220 122.296
176.510 122.241
177.692 122.237
178.372 122.255
179.195 122.216
179.615 122.331
180.594 122.281
181.121 122.349
181.647 122.251
181.731 122.264
181.864 122.331
181.874 122.237
182.209 122.275
182.480 122.365
184.759 122.337
185.732 122.247
186.604 122.442
186.643 122.282
186.672 122.258
186.993 122.213
188.455 122.350
188.648 122.277
189.556 122.306
189.731 122.303
191.928 122.396
192.506 122.377
194.230 122.277
194.454 122.291
197.958 122.517
198.367 122.331
198.676 122.402
198.768 122.272
198.937 122.471
200.414 122.423
201.996 122.355
202.264 122.344
203.280 122.470
203.541 122.393
203.561 122.292
204.002 122.308
205.488 122.417
209.152 122.427
209.309 122.399
210.079 122.459
212.567 122.325
213.336 122.305
213.640 122.289
214.328 122.427
215.633 122.405
216.066 122.374
220.022 122.322
222.374 122.399
223.949 122.477
225.102 122.442
226.365 122.576
229.499 122.374
234.093 122.408
235.468 122.380
235.865 122.362
236.448 122.487
236.769 122.355
239.510 122.419
239.855 122.386
240.409 122.391
246.205 122.459
249.408 122.457
252.998 122.517
254.252 122.441
264.371 122.505
270.120 122.535
270.145 122.475
279.408 122.742
280.418 122.497
305.089 122.573
312.316 122.522
325.922 122.560
330.712 122.608
333.306 122.594
334.543 122.578
336.107 122.592
343.389 122.607
345.798 122.591
384.042 122.678
384.642 122.801
390.170 122.599
396.430 122.727
408.611 122.650
409.601 122.735
490.489 122.915
553.832 122.920
590.775 122.831
969.719 123.008
1124.539 122.952
