# Ep lEiso
131.891 -8.472
138.912 -8.409
153.148 -8.286
156.683 -8.287
158.430 -8.330
162.409 -8.311
164.884 -8.220
167.068 -8.182
169.937 -8.303
170.013 -8.256
171.377 -8.271
173.744 -8.287
174.618 -8.207
176.421 -8.237
178.173 -8.265
178.898 -8.263
182.041 -8.229
182.539 -8.247
183.744 -8.166
184.062 -8.259
184.762 -8.210
184.866 -8.230
185.267 -8.124
185.926 -8.205
186.480 -8.202
187.312 -8.245
187.346 -8.233
187.872 -8.210
188.314 -8.196
188.645 -8.225
191.730 -8.194
191.876 -8.154
192.120 -8.220
193.060 -8.076
194.189 -8.233
194.308 -8.191
195.686 -8.067
196.399 -8.109
196.479 -8.188
197.582 -8.078
198.073 -8.195
198.467 -8.202
199.077 -8.114
199.183 -8.127
199.339 -8.180
199.736 -8.212
200.671 -8.190
202.129 -8.081
202.245 -8.130
202.332 -8.197
202.461 -8.136
202.705 -8.100
203.310 -8.182
203.556 -8.184
204.290 -8.105
204.391 -8.191
204.713 -8.176
206.769 -8.064
207.208 -8.182
208.634 -8.155
208.638 -8.147
209.412 -8.179
210.011 -8.178
211.016 -8.168
211.076 -8.099
211.822 -8.148
212.241 -8.103
213.529 -7.987
213.655 -8.150
214.108 -8.105
214.779 -8.151
214.785 -8.161
214.947 -8.103
215.242 -8.152
215.760 -8.087
216.104 -8.140
216.312 -8.147
217.204 -8.146
217.858 -8.121
217.886 -8.113
218.304 -8.146
218.444 -8.137
218.628 -8.149
219.038 -8.119
219.526 -8.127
219.741 -8.134
219.937 -8.148
221.004 -8.093
221.136 -8.138
221.329 -8.136
221.525 -8.125
221.994 -8.057
222.030 -8.105
222.087 -8.037
222.810 -8.037
222.995 -8.100
223.504 -8.048
224.615 -8.116
224.973 -8.128
224.987 -8.101
225.336 -8.133
225.372 -8.166
225.412 -8.113
225.466 -8.119
225.598 -8.059
225.793 -8.045
225.841 -8.113
226.290 -8.078
226.758 -8.087
226.908 -8.118
227.150 -8.114
227.176 -8.090
227.442 -8.104
227.784 -8.124
227.821 -8.095
228.045 -8.083
228.303 -8.029
230.592 -8.138
230.625 -7.999
230.920 -8.067
231.296 -8.132
231.393 -8.076
231.474 -8.082
231.826 -8.086
232.015 -8.092
232.126 -8.044
233.118 -8.094
233.222 -8.072
233.496 -8.039
233.915 -8.110
234.120 -8.084
234.640 -8.081
234.858 -8.096
235.259 -8.084
235.316 -8.079
236.149 -8.103
236.254 -7.990
237.031 -8.088
237.078 -8.129
237.542 -8.003
237.866 -8.041
237.948 -8.078
238.025 -8.054
238.777 -8.054
238.873 -8.035
238.984 -8.102
239.868 -8.088
239.974 -8.079
241.259 -8.088
241.319 -8.052
241.325 -7.960
242.567 -8.064
242.817 -8.069
243.233 -8.109
243.699 -8.077
244.418 -8.074
244.662 -8.071
244.718 -8.078
245.506 -8.078
245.733 -8.062
245.880 -8.065
246.250 -8.059
246.279 -7.982
246.580 -8.049
246.740 -8.048
247.431 -8.062
247.936 -8.037
249.407 -8.034
249.554 -8.050
249.845 -8.047
250.024 -8.041
250.401 -8.063
250.425 -8.006
251.294 -8.042
251.525 -7.939
251.633 -8.035
251.929 -7.986
251.964 -7.917
252.246 -8.037
252.381 -7.966
252.690 -8.031
253.293 -7.950
253.408 -7.998
253.581 -8.062
253.608 -8.014
254.528 -8.055
255.206 -8.003
255.481 -8.020
255.567 -7.945
256.082 -8.058
256.286 -8.014
256.499 -8.029
256.505 -8.036
256.767 -8.027
257.581 -7.992
258.039 -7.910
258.483 -7.984
258.726 -8.056
258.890 -8.001
259.008 -8.039
259.107 -8.022
259.265 -7.960
260.114 -8.010
260.357 -8.028
260.853 -7.925
260.974 -8.013
261.023 -8.021
261.286 -8.015
261.585 -8.041
261.787 -7.979
262.127 -8.004
262.243 -7.875
262.443 -7.988
263.373 -8.019
263.986 -8.042
264.129 -8.038
264.155 -8.003
264.319 -7.893
264.631 -7.904
264.758 -7.975
265.475 -8.028
267.790 -8.047
267.864 -7.965
267.988 -8.039
268.009 -7.994
268.714 -7.979
269.009 -7.878
269.204 -8.006
269.209 -8.036
269.397 -7.971
270.477 -7.996
270.531 -8.051
270.711 -7.956
272.116 -7.932
272.751 -7.894
273.208 -7.950
274.470 -7.974
275.319 -7.924
275.413 -7.976
276.186 -7.989
276.296 -8.002
276.903 -7.860
276.976 -7.935
277.316 -8.012
277.432 -8.000
277.442 -7.986
278.063 -7.976
278.518 -7.974
279.828 -7.971
279.848 -7.892
280.427 -7.925
280.861 -7.984
280.898 -7.983
281.948 -7.894
281.954 -7.969
281.963 -7.948
282.180 -7.970
282.274 -7.930
282.680 -7.997
283.008 -7.962
283.132 -7.980
283.158 -8.001
283.437 -7.975
284.761 -7.971
286.542 -7.976
286.559 -7.959
286.859 -8.003
287.886 -7.983
288.097 -7.891
288.223 -7.878
288.344 -7.967
288.782 -7.952
289.225 -7.979
289.268 -7.958
289.342 -7.894
289.455 -7.859
290.204 -7.964
290.560 -7.893
291.034 -7.893
291.148 -7.908
291.176 -7.876
291.288 -7.979
291.491 -7.919
291.837 -7.965
292.244 -7.967
292.453 -7.896
292.827 -7.949
292.949 -7.960
294.028 -7.958
294.052 -7.956
294.532 -7.981
294.542 -7.981
295.644 -7.935
296.933 -7.914
297.310 -7.830
297.971 -7.868
299.024 -7.971
299.386 -7.837
301.054 -7.921
301.755 -7.956
301.903 -7.949
301.957 -7.936
302.416 -7.914
302.889 -7.835
302.997 -7.940
303.474 -7.866
303.649 -7.920
304.488 -7.884
304.528 -7.957
304.562 -7.921
305.149 -7.942
305.484 -7.823
305.635 -7.930
305.921 -7.938
306.303 -7.960
306.720 -7.948
307.024 -7.930
307.581 -7.947
307.606 -7.843
307.670 -7.896
309.762 -7.907
310.198 -7.891
311.800 -7.790
311.848 -7.847
312.495 -7.898
312.801 -7.916
313.827 -7.905
314.093 -7.861
314.382 -7.917
314.524 -7.872
314.546 -7.896
314.564 -7.928
314.804 -7.874
314.998 -7.907
315.108 -7.824
315.464 -7.906
316.707 -7.845
317.870 -7.873
318.169 -7.928
318.922 -7.892
319.466 -7.902
320.344 -7.872
320.357 -7.859
320.896 -7.841
321.267 -7.930
321.806 -7.901
322.310 -7.932
322.330 -7.891
322.547 -7.902
323.108 -7.884
323.311 -7.932
323.370 -7.858
323.537 -7.930
324.152 -7.881
324.545 -7.922
324.871 -7.838
326.087 -7.898
326.347 -7.830
327.793 -7.896
327.867 -7.816
328.807 -7.861
328.912 -7.920
329.139 -7.838
329.162 -7.755
329.240 -7.926
329.556 -7.847
330.228 -7.862
332.832 -7.889
332.981 -7.828
332.993 -7.868
334.091 -7.858
335.440 -7.900
335.687 -7.790
336.085 -7.740
336.171 -7.763
336.503 -7.858
336.675 -7.773
336.788 -7.862
336.807 -7.871
338.071 -7.890
339.622 -7.782
340.074 -7.837
340.563 -7.890
341.305 -7.826
341.669 -7.877
341.755 -7.756
342.997 -7.841
343.872 -7.839
344.480 -7.846
345.074 -7.860
345.489 -7.846
345.560 -7.783
345.660 -7.818
346.087 -7.868
346.592 -7.788
347.107 -7.860
347.440 -7.865
347.642 -7.831
347.854 -7.841
347.965 -7.878
347.968 -7.741
348.702 -7.860
348.821 -7.866
348.976 -7.767
349.190 -7.835
350.019 -7.855
350.173 -7.828
350.257 -7.857
350.882 -7.864
351.162 -7.826
351.470 -7.851
352.157 -7.737
352.435 -7.803
352.897 -7.783
355.342 -7.797
355.584 -7.775
356.035 -7.833
356.306 -7.842
356.403 -7.780
356.504 -7.840
356.706 -7.772
357.258 -7.835
358.418 -7.878
358.797 -7.821
358.878 -7.838
358.900 -7.851
358.996 -7.843
359.143 -7.869
359.449 -7.797
359.510 -7.838
359.521 -7.782
359.527 -7.824
359.918 -7.828
360.119 -7.859
361.201 -7.787
361.675 -7.828
361.766 -7.830
361.921 -7.833
362.046 -7.826
362.570 -7.817
362.673 -7.797
362.995 -7.785
363.036 -7.738
363.104 -7.790
364.434 -7.814
364.503 -7.841
365.715 -7.822
365.758 -7.866
365.813 -7.704
366.320 -7.821
366.341 -7.833
367.066 -7.820
367.325 -7.777
367.368 -7.838
367.490 -7.839
368.060 -7.804
368.601 -7.835
368.779 -7.791
368.974 -7.816
369.310 -7.728
370.015 -7.807
370.797 -7.826
370.976 -7.742
371.145 -7.785
371.507 -7.796
371.885 -7.760
372.432 -7.756
373.457 -7.821
374.077 -7.796
374.286 -7.834
374.667 -7.717
374.723 -7.774
375.574 -7.828
375.661 -7.727
376.356 -7.774
376.724 -7.768
377.441 -7.827
378.455 -7.805
379.107 -7.763
379.537 -7.811
380.250 -7.792
380.251 -7.814
380.327 -7.786
380.452 -7.820
381.352 -7.828
381.443 -7.806
384.227 -7.833
384.255 -7.722
384.440 -7.768
385.418 -7.733
386.500 -7.732
386.588 -7.809
386.768 -7.640
386.949 -7.702
387.019 -7.804
387.700 -7.805
388.091 -7.739
388.575 -7.835
388.714 -7.799
388.885 -7.778
389.037 -7.786
389.094 -7.747
389.131 -7.730
389.197 -7.780
389.416 -7.782
389.660 -7.730
391.252 -7.773
391.653 -7.729
391.735 -7.779
393.139 -7.739
393.269 -7.768
393.630 -7.779
394.066 -7.787
394.283 -7.805
396.750 -7.763
396.855 -7.787
397.015 -7.748
397.965 -7.751
398.290 -7.667
399.421 -7.769
400.660 -7.690
400.724 -7.767
401.247 -7.646
402.314 -7.797
403.060 -7.779
403.332 -7.783
404.060 -7.719
404.602 -7.758
404.863 -7.726
404.987 -7.764
405.305 -7.743
406.639 -7.749
406.827 -7.745
407.192 -7.744
407.596 -7.643
407.736 -7.695
408.017 -7.712
408.463 -7.783
409.410 -7.741
409.560 -7.722
409.648 -7.777
409.682 -7.726
409.687 -7.734
409.863 -7.635
409.928 -7.762
410.708 -7.779
411.203 -7.744
411.356 -7.699
412.264 -7.662
413.594 -7.703
413.727 -7.759
414.004 -7.759
414.451 -7.648
414.847 -7.725
414.923 -7.751
416.493 -7.671
416.935 -7.734
417.893 -7.724
417.973 -7.746
418.090 -7.666
418.132 -7.728
418.202 -7.750
418.317 -7.664
418.679 -7.748
419.601 -7.675
419.703 -7.789
419.778 -7.747
419.942 -7.769
420.838 -7.739
421.122 -7.755
423.026 -7.729
423.541 -7.718
424.160 -7.733
424.453 -7.741
424.847 -7.731
425.691 -7.700
426.045 -7.719
426.410 -7.696
428.134 -7.745
429.704 -7.707
430.258 -7.724
433.097 -7.728
433.660 -7.724
433.983 -7.691
434.575 -7.730
434.878 -7.710
435.276 -7.730
435.944 -7.737
436.642 -7.734
436.870 -7.730
437.672 -7.695
438.146 -7.671
438.467 -7.628
438.582 -7.682
438.700 -7.672
439.222 -7.715
439.929 -7.672
439.931 -7.621
440.356 -7.745
440.419 -7.730
440.982 -7.596
441.562 -7.730
442.438 -7.645
445.305 -7.711
445.624 -7.610
446.993 -7.596
447.158 -7.680
447.425 -7.700
447.769 -7.681
449.984 -7.722
450.105 -7.710
450.536 -7.717
450.936 -7.651
450.978 -7.695
453.395 -7.693
453.450 -7.728
453.755 -7.591
455.032 -7.716
455.038 -7.599
455.738 -7.712
456.768 -7.716
457.341 -7.664
458.144 -7.693
458.998 -7.663
459.668 -7.730
460.037 -7.687
461.964 -7.595
462.147 -7.699
462.850 -7.671
463.119 -7.674
463.134 -7.592
464.135 -7.647
465.134 -7.693
465.353 -7.689
466.594 -7.679
466.644 -7.625
467.871 -7.689
468.711 -7.681
469.203 -7.680
469.623 -7.668
471.631 -7.641
471.959 -7.636
472.047 -7.641
473.407 -7.699
473.988 -7.637
474.545 -7.675
475.248 -7.610
475.536 -7.686
476.401 -7.684
476.486 -7.651
478.082 -7.692
478.171 -7.687
478.398 -7.658
478.955 -7.718
479.494 -7.691
480.200 -7.670
480.416 -7.598
480.507 -7.661
480.827 -7.652
481.388 -7.616
481.476 -7.628
484.712 -7.541
484.719 -7.571
484.760 -7.641
484.798 -7.692
484.987 -7.647
485.247 -7.701
485.708 -7.662
485.977 -7.618
485.991 -7.577
486.044 -7.637
486.163 -7.645
486.954 -7.577
488.896 -7.580
489.844 -7.632
490.551 -7.670
490.597 -7.628
491.162 -7.572
493.606 -7.640
493.886 -7.690
493.948 -7.621
494.036 -7.678
495.075 -7.643
495.141 -7.600
496.144 -7.639
497.757 -7.602
497.807 -7.625
497.940 -7.650
498.240 -7.625
499.423 -7.604
501.045 -7.596
501.092 -7.646
501.674 -7.649
503.688 -7.620
503.754 -7.661
503.978 -7.590
504.072 -7.648
504.524 -7.608
504.544 -7.580
504.549 -7.592
506.003 -7.650
506.330 -7.614
507.438 -7.618
507.480 -7.699
507.718 -7.613
508.021 -7.624
508.763 -7.658
509.167 -7.578
510.154 -7.635
510.966 -7.590
512.096 -7.614
514.736 -7.570
516.504 -7.534
516.565 -7.619
516.813 -7.611
516.831 -7.606
517.457 -7.644
517.709 -7.656
517.842 -7.647
518.028 -7.485
519.173 -7.569
519.683 -7.587
519.946 -7.523
520.592 -7.608
521.667 -7.586
523.140 -7.588
523.618 -7.527
524.375 -7.592
526.212 -7.660
526.826 -7.510
527.012 -7.503
527.321 -7.581
529.184 -7.637
529.260 -7.621
530.961 -7.585
532.319 -7.694
534.471 -7.512
534.632 -7.601
537.523 -7.640
539.992 -7.596
540.158 -7.514
540.645 -7.583
541.271 -7.605
541.533 -7.616
541.715 -7.552
546.987 -7.575
547.950 -7.589
547.988 -7.535
548.445 -7.620
548.520 -7.635
549.799 -7.629
552.204 -7.593
552.771 -7.556
553.974 -7.506
554.041 -7.552
555.420 -7.593
555.435 -7.571
555.958 -7.570
556.168 -7.494
557.690 -7.584
558.363 -7.566
559.025 -7.552
559.029 -7.569
560.437 -7.568
561.078 -7.558
561.686 -7.585
562.108 -7.537
562.784 -7.516
563.716 -7.558
564.555 -7.547
566.564 -7.573
567.075 -7.468
567.170 -7.506
567.635 -7.578
569.969 -7.557
570.711 -7.575
572.660 -7.541
573.706 -7.505
573.976 -7.528
574.133 -7.519
576.454 -7.516
577.044 -7.562
577.436 -7.523
577.451 -7.495
578.779 -7.527
581.072 -7.497
583.344 -7.583
583.774 -7.553
583.839 -7.564
585.525 -7.566
585.543 -7.571
587.525 -7.587
589.191 -7.512
589.305 -7.537
589.382 -7.479
589.475 -7.567
590.618 -7.529
590.755 -7.577
592.557 -7.511
592.608 -7.591
593.419 -7.515
595.810 -7.506
596.687 -7.507
598.357 -7.534
600.240 -7.524
600.577 -7.543
600.733 -7.532
602.092 -7.572
602.162 -7.538
602.195 -7.452
602.556 -7.461
603.712 -7.473
604.460 -7.477
607.825 -7.496
608.245 -7.448
609.350 -7.506
614.088 -7.477
614.479 -7.481
615.287 -7.497
615.886 -7.528
618.313 -7.506
621.113 -7.488
621.617 -7.509
621.851 -7.505
622.347 -7.508
623.674 -7.513
625.894 -7.481
626.595 -7.483
627.417 -7.480
628.911 -7.500
629.197 -7.522
629.264 -7.420
630.187 -7.493
630.636 -7.503
633.355 -7.489
636.219 -7.479
640.297 -7.450
641.227 -7.428
644.431 -7.456
648.077 -7.480
648.421 -7.459
648.669 -7.559
649.577 -7.475
650.578 -7.451
652.146 -7.415
652.475 -7.423
652.584 -7.468
652.763 -7.425
653.404 -7.437
653.500 -7.446
656.588 -7.519
658.696 -7.415
659.612 -7.458
662.630 -7.460
662.833 -7.439
664.226 -7.436
665.855 -7.424
666.325 -7.444
666.716 -7.471
666.730 -7.451
675.439 -7.428
676.397 -7.453
678.211 -7.426
679.068 -7.535
680.083 -7.542
692.624 -7.411
694.730 -7.467
695.212 -7.456
698.865 -7.470
699.010 -7.370
699.816 -7.425
700.376 -7.427
707.242 -7.422
709.994 -7.414
712.690 -7.437
713.966 -7.389
714.023 -7.349
715.881 -7.348
718.353 -7.385
725.837 -7.402
727.030 -7.336
729.396 -7.331
731.053 -7.465
733.045 -7.397
734.776 -7.365
741.240 -7.424
744.348 -7.347
744.775 -7.369
748.957 -7.416
750.373 -7.327
751.911 -7.377
754.683 -7.380
761.358 -7.424
764.780 -7.391
766.134 -7.417
773.412 -7.419
774.928 -7.359
780.172 -7.377
785.894 -7.405
787.997 -7.332
791.181 -7.413
794.165 -7.373
800.575 -7.421
801.230 -7.309
801.588 -7.371
801.634 -7.326
806.845 -7.359
811.908 -7.313
813.814 -7.330
821.577 -7.351
826.046 -7.318
831.456 -7.350
834.212 -7.289
840.644 -7.361
844.110 -7.329
847.567 -7.291
848.115 -7.303
848.990 -7.280
849.055 -7.311
851.258 -7.316
853.040 -7.335
868.015 -7.309
873.140 -7.295
877.124 -7.301
877.298 -7.353
877.431 -7.309
878.896 -7.304
885.574 -7.256
886.457 -7.324
890.606 -7.310
891.402 -7.298
901.437 -7.328
904.078 -7.240
911.954 -7.298
912.976 -7.265
936.891 -7.179
939.842 -7.295
942.075 -7.214
942.742 -7.289
943.957 -7.191
952.642 -7.202
960.343 -7.269
961.652 -7.260
966.594 -7.250
967.867 -7.206
967.962 -7.239
970.113 -7.232
977.342 -7.276
995.178 -7.183
995.943 -7.192
999.693 -7.171
1011.806 -7.210
1015.549 -7.215
1017.027 -7.219
1020.378 -7.173
1026.729 -7.177
1028.839 -7.187
1043.885 -7.198
1051.360 -7.171
1056.367 -7.199
1060.304 -7.153
1067.329 -7.107
1084.762 -7.193
1110.315 -7.142
1117.964 -7.179
1120.169 -7.173
1123.413 -7.111
1125.198 -7.152
1140.444 -7.125
1142.363 -7.134
1144.763 -7.132
1165.322 -7.104
1176.684 -7.091
1189.417 -7.078
1193.863 -7.099
1229.756 -7.115
1248.304 -7.053
1248.359 -7.092
1284.604 -6.982
1289.038 -7.046
1397.309 -6.993
1417.568 -7.036
1453.422 -6.985
1466.045 -6.909
1472.879 -6.932
1476.139 -6.966
1480.262 -6.950
1499.450 -6.952
1505.798 -6.909
1646.988 -6.888
1649.078 -6.931
1668.350 -6.902
1690.176 -6.864
1732.642 -6.871
1736.092 -6.880
1927.200 -6.771
2140.234 -6.767
2234.416 -6.744
3096.535 -6.656
3535.975 -6.624
