# Ep lEiso
166.239 -8.455
171.911 -8.445
186.372 -8.276
190.339 -7.949
192.446 -8.011
197.243 -8.306
199.487 -8.118
200.902 -7.690
203.076 -8.265
203.162 -7.940
204.695 -7.655
207.355 -7.849
208.337 -7.857
210.363 -7.589
212.228 -7.838
212.775 -7.809
215.149 -7.606
215.525 -7.885
216.435 -7.855
216.675 -7.706
217.325 -7.568
217.434 -7.627
217.855 -7.771
218.546 -7.561
219.126 -7.558
219.998 -7.984
220.033 -7.666
220.585 -7.599
221.047 -7.555
221.395 -8.020
224.588 -7.945
224.706 -7.974
224.904 -7.834
225.665 -7.934
226.578 -7.759
226.674 -7.985
227.789 -7.603
228.366 -7.729
228.431 -7.846
229.324 -7.573
229.721 -7.672
230.039 -7.814
230.613 -7.839
230.717 -7.863
230.871 -7.635
231.262 -7.734
232.182 -7.940
233.618 -7.527
233.733 -7.500
233.818 -7.757
233.945 -7.519
234.186 -7.909
234.782 -7.653
235.024 -7.659
235.747 -7.508
235.846 -7.679
236.127 -7.712
237.835 -7.620
238.200 -7.666
239.384 -7.869
239.388 -7.855
240.031 -7.779
240.528 -7.754
241.363 -7.641
241.413 -7.896
242.033 -7.830
242.405 -7.604
243.610 -7.778
243.729 -7.789
244.153 -7.470
244.780 -7.760
244.786 -7.765
244.938 -7.470
245.214 -7.661
245.699 -7.856
246.021 -7.856
246.215 -7.617
246.986 -7.623
247.533 -7.552
247.557 -7.527
247.907 -7.699
248.023 -7.606
248.178 -7.801
248.520 -7.853
248.928 -7.584
249.109 -7.606
249.273 -7.650
250.165 -7.496
250.276 -7.631
250.437 -7.624
250.600 -7.594
250.993 -7.536
251.023 -7.788
251.070 -7.809
251.676 -7.638
251.830 -7.533
252.256 -7.844
253.195 -7.591
253.517 -7.624
253.530 -7.550
253.844 -7.694
253.876 -7.731
253.912 -7.887
253.961 -7.602
254.079 -7.658
254.254 -7.556
254.298 -7.586
254.702 -7.653
255.123 -7.521
255.258 -7.780
255.475 -7.698
255.498 -7.779
255.738 -7.569
256.045 -7.621
256.076 -7.547
256.263 -7.517
256.478 -7.663
258.389 -7.673
258.417 -7.565
258.663 -7.492
258.977 -7.663
259.058 -7.516
259.125 -7.533
259.420 -7.835
259.578 -7.458
259.670 -7.618
260.498 -7.810
260.585 -7.656
260.814 -7.433
261.164 -7.752
261.335 -7.619
261.769 -7.711
261.951 -7.589
262.286 -7.890
262.333 -7.612
263.037 -7.614
263.129 -7.618
263.807 -7.580
263.848 -7.688
264.253 -7.542
264.535 -7.770
264.607 -7.489
264.674 -7.498
265.301 -7.501
265.381 -7.452
265.473 -7.667
266.207 -7.770
266.296 -7.576
267.363 -7.610
267.413 -7.825
267.418 -7.776
268.450 -7.550
268.657 -7.884
269.003 -7.686
269.390 -7.756
269.988 -7.593
270.190 -7.705
270.237 -7.608
270.892 -7.722
271.081 -8.051
271.202 -7.915
271.510 -7.560
271.534 -7.827
271.786 -7.883
271.922 -7.768
272.507 -7.579
272.923 -7.505
274.132 -7.762
274.252 -7.447
274.491 -7.457
274.639 -7.729
274.948 -7.588
274.968 -7.641
275.681 -7.722
275.871 -7.573
275.959 -7.719
276.202 -7.735
276.232 -7.575
276.463 -7.437
276.574 -7.805
276.827 -7.500
277.322 -7.667
277.417 -7.780
277.559 -7.832
277.581 -7.456
278.337 -7.747
278.893 -7.622
279.119 -7.476
279.190 -7.667
279.613 -7.576
279.779 -7.756
279.952 -7.505
279.957 -7.522
280.170 -7.762
280.833 -7.807
281.206 -7.563
281.568 -7.410
281.766 -7.584
281.899 -7.580
281.996 -7.604
282.076 -7.677
282.205 -7.459
282.896 -7.747
283.094 -7.528
283.498 -7.726
283.596 -7.498
283.636 -7.740
283.850 -7.505
284.094 -7.566
284.258 -7.680
284.535 -7.632
284.630 -7.429
284.792 -7.455
285.550 -7.527
286.047 -7.663
286.162 -7.571
286.183 -7.659
286.314 -7.548
286.565 -7.542
286.668 -7.439
287.247 -7.401
289.117 -7.626
289.177 -7.409
289.277 -7.608
289.294 -7.488
289.864 -7.448
290.102 -7.462
290.260 -7.526
290.263 -7.612
290.416 -7.424
291.288 -7.502
291.332 -7.668
291.477 -7.427
292.604 -7.631
293.113 -7.523
293.480 -7.378
294.492 -7.442
295.173 -7.660
295.248 -7.686
295.868 -7.470
295.956 -7.494
296.443 -7.470
296.501 -7.596
296.773 -7.507
296.866 -7.566
296.874 -7.461
297.371 -7.445
297.734 -7.444
298.781 -7.570
298.796 -7.671
299.257 -7.669
299.603 -7.503
299.632 -7.614
300.468 -7.553
300.473 -7.444
300.480 -7.401
300.653 -7.563
300.728 -7.367
301.051 -7.504
301.312 -7.434
301.410 -7.470
301.431 -7.680
301.653 -7.461
302.707 -7.537
304.121 -7.369
304.135 -7.515
304.372 -7.509
305.185 -7.491
305.352 -7.353
305.452 -7.455
305.547 -7.474
305.894 -7.704
306.244 -7.590
306.279 -7.553
306.337 -7.430
306.427 -7.600
307.020 -7.906
307.301 -7.504
307.676 -7.722
307.766 -7.630
307.788 -7.636
307.877 -7.637
308.038 -7.826
308.311 -7.535
308.631 -7.745
308.796 -7.752
309.092 -7.907
309.188 -7.586
310.040 -7.624
310.059 -7.460
310.438 -7.509
310.445 -7.729
311.315 -7.396
312.332 -7.370
312.628 -7.398
313.147 -7.526
313.974 -7.446
314.258 -7.508
315.570 -7.476
316.118 -7.487
316.234 -7.484
316.277 -7.517
316.636 -7.385
317.007 -7.420
317.092 -7.516
317.466 -7.495
317.603 -7.546
318.263 -7.504
318.294 -7.453
318.321 -7.516
318.780 -7.434
319.041 -7.522
319.159 -7.570
319.382 -7.432
319.681 -7.465
320.006 -7.491
320.243 -7.527
320.678 -7.451
320.698 -7.473
320.748 -7.374
322.379 -7.553
322.719 -7.535
323.968 -7.390
324.005 -7.473
324.509 -7.491
324.747 -7.404
325.546 -7.394
325.753 -7.344
325.978 -7.411
326.089 -7.500
326.106 -7.389
326.120 -7.425
326.306 -7.442
326.457 -7.399
326.543 -7.462
326.819 -7.395
327.786 -7.380
328.689 -7.412
328.921 -7.452
329.507 -7.427
329.929 -7.434
330.612 -7.490
330.622 -7.404
331.041 -7.391
331.328 -7.457
331.745 -7.437
332.111 -7.497
332.125 -7.431
332.272 -7.466
332.652 -7.483
332.789 -7.461
332.829 -7.407
332.942 -7.459
333.359 -7.477
333.625 -7.472
333.846 -7.397
334.670 -7.374
334.845 -7.391
335.820 -7.468
335.870 -7.385
336.503 -7.419
336.574 -7.461
336.727 -7.402
336.742 -7.342
336.795 -7.466
337.007 -7.408
337.460 -7.495
339.295 -7.952
339.410 -7.967
339.419 -7.923
340.262 -7.944
341.299 -7.955
341.488 -7.894
341.794 -7.872
341.859 -7.882
342.113 -7.942
342.246 -7.886
342.332 -7.952
342.347 -7.928
343.317 -7.933
344.505 -7.887
344.851 -7.911
345.226 -7.962
345.792 -7.907
346.071 -7.929
346.137 -7.876
347.088 -7.877
347.756 -7.903
348.223 -7.906
348.683 -7.913
349.004 -7.947
349.060 -7.878
349.137 -7.949
349.464 -7.918
349.850 -7.881
350.243 -7.914
350.496 -7.916
350.651 -7.901
350.812 -7.905
350.897 -7.922
350.900 -7.861
351.466 -7.915
351.558 -7.918
351.677 -7.875
351.843 -7.905
352.484 -7.904
352.603 -7.927
352.668 -7.956
353.149 -7.921
353.361 -7.892
353.593 -7.915
354.114 -7.865
354.327 -7.893
354.680 -7.857
356.540 -7.884
356.723 -7.874
357.065 -7.898
357.270 -7.901
357.344 -7.874
357.420 -7.900
357.574 -7.870
357.999 -7.897
358.883 -7.915
359.172 -7.923
359.234 -7.879
359.250 -7.929
359.323 -7.927
359.435 -7.911
359.667 -7.879
359.714 -7.896
359.722 -7.872
359.727 -7.914
360.023 -7.892
360.176 -7.921
360.999 -7.872
361.358 -7.853
361.426 -7.890
361.543 -7.892
361.637 -7.927
362.036 -7.912
362.115 -7.877
362.360 -7.872
362.391 -7.851
362.443 -7.874
363.456 -7.924
363.509 -7.906
364.432 -7.886
364.465 -7.911
364.506 -7.840
364.893 -7.866
364.909 -7.926
365.451 -7.868
365.645 -7.852
365.677 -7.927
365.768 -7.906
366.194 -7.886
366.603 -7.863
366.740 -7.879
366.889 -7.867
367.146 -7.851
367.685 -7.883
368.283 -7.870
368.420 -7.852
368.549 -7.871
368.826 -7.874
369.115 -7.857
369.524 -7.854
370.290 -7.894
370.753 -7.893
370.910 -7.884
371.194 -7.829
371.236 -7.855
371.873 -7.877
371.938 -7.831
372.472 -7.851
372.755 -7.848
373.305 -7.891
374.082 -7.863
374.570 -7.844
374.891 -7.866
375.425 -7.856
375.425 -7.867
375.482 -7.853
375.576 -7.869
376.249 -7.902
376.318 -7.877
378.403 -7.873
378.425 -7.821
378.569 -7.843
379.326 -7.807
380.147 -7.885
380.213 -7.860
380.347 -7.781
380.483 -7.810
380.536 -7.828
381.046 -7.858
381.339 -7.883
381.702 -7.871
381.806 -7.854
381.934 -7.873
382.049 -7.871
382.091 -7.830
382.119 -7.822
382.168 -7.845
382.333 -7.846
382.515 -7.822
383.709 -7.871
384.009 -7.820
384.071 -7.844
385.123 -7.824
385.220 -7.868
385.492 -7.834
385.819 -7.846
385.988 -7.854
387.844 -7.832
387.922 -7.844
388.042 -7.825
388.755 -7.826
388.998 -7.786
389.846 -7.848
390.774 -7.795
390.822 -7.851
391.214 -7.774
392.014 -7.844
392.573 -7.835
392.776 -7.837
393.322 -7.806
393.728 -7.837
393.921 -7.857
394.009 -7.827
394.237 -7.802
395.228 -7.819
395.369 -7.817
395.645 -7.816
395.950 -7.768
396.055 -7.853
396.267 -7.867
396.603 -7.799
397.317 -7.814
397.430 -7.806
397.496 -7.832
397.522 -7.838
397.525 -7.811
397.658 -7.764
397.707 -7.847
398.296 -7.833
398.669 -7.815
398.784 -7.794
399.469 -7.776
400.471 -7.796
400.571 -7.822
400.780 -7.822
401.118 -7.769
401.416 -7.806
401.473 -7.818
402.657 -7.780
402.985 -7.810
403.668 -7.805
403.725 -7.800
403.809 -7.777
403.838 -7.807
403.889 -7.817
403.970 -7.846
404.229 -7.816
404.895 -7.780
404.972 -7.835
405.029 -7.815
405.153 -7.825
405.833 -7.832
406.047 -7.817
407.491 -7.802
407.882 -7.796
408.351 -7.839
408.573 -7.806
408.872 -7.801
409.511 -7.785
409.780 -7.831
410.057 -7.782
411.363 -7.804
412.554 -7.780
412.974 -7.791
415.021 -7.813
415.419 -7.789
415.649 -7.773
416.068 -7.791
416.283 -7.782
416.564 -7.791
417.058 -7.794
417.591 -7.792
417.765 -7.790
418.377 -7.773
418.740 -7.761
418.985 -7.740
419.073 -7.751
419.163 -7.821
419.562 -7.813
420.102 -7.761
420.103 -7.736
420.428 -7.796
420.476 -7.788
420.906 -7.724
421.349 -7.788
422.018 -7.747
424.208 -7.777
424.452 -7.728
425.497 -7.721
425.623 -7.790
425.827 -7.771
426.090 -7.762
427.652 -7.780
427.737 -7.774
428.041 -7.777
428.323 -7.806
428.353 -7.784
430.056 -7.764
430.094 -7.781
430.309 -7.714
431.230 -7.795
431.235 -7.718
431.774 -7.772
432.568 -7.726
433.009 -7.748
433.627 -7.761
434.284 -7.746
434.800 -7.778
435.085 -7.757
436.568 -7.736
436.709 -7.762
437.250 -7.748
437.458 -7.749
437.469 -7.710
438.240 -7.736
439.009 -7.757
439.178 -7.755
440.133 -7.775
440.171 -7.723
441.114 -7.754
441.700 -7.750
442.043 -7.749
442.336 -7.743
443.737 -7.729
443.966 -7.727
444.027 -7.729
444.976 -7.757
445.382 -7.726
445.770 -7.744
446.261 -7.712
446.461 -7.757
447.065 -7.748
447.124 -7.732
448.289 -7.752
448.358 -7.726
448.535 -7.735
448.968 -7.764
449.387 -7.750
449.937 -7.739
450.106 -7.704
450.176 -7.735
450.425 -7.730
450.862 -7.712
450.930 -7.770
453.449 -7.673
453.454 -7.688
453.486 -7.722
453.516 -7.747
453.663 -7.772
453.865 -7.752
454.224 -7.732
454.433 -7.711
454.444 -7.690
454.486 -7.720
454.578 -7.724
455.194 -7.690
456.705 -7.690
457.443 -7.702
457.993 -7.733
458.029 -7.712
458.469 -7.780
460.219 -7.717
460.413 -7.741
460.455 -7.707
460.517 -7.761
461.235 -7.741
461.281 -7.777
461.974 -7.715
463.090 -7.696
463.124 -7.731
463.216 -7.719
463.424 -7.707
464.242 -7.696
465.364 -7.691
465.396 -7.716
465.799 -7.717
467.192 -7.702
467.237 -7.722
467.392 -7.687
467.458 -7.715
467.770 -7.695
467.784 -7.682
467.787 -7.741
468.921 -7.714
469.177 -7.696
470.046 -7.689
470.078 -7.738
470.265 -7.685
470.503 -7.699
471.085 -7.716
471.401 -7.675
472.175 -7.702
472.811 -7.679
473.696 -7.690
475.766 -7.663
477.152 -7.642
477.199 -7.687
477.394 -7.683
477.408 -7.680
477.899 -7.700
478.096 -7.706
478.200 -7.701
478.346 -7.614
479.244 -7.658
479.643 -7.716
479.850 -7.719
480.356 -7.677
481.112 -7.664
482.112 -7.706
482.437 -7.704
482.951 -7.665
484.198 -7.703
484.616 -7.615
484.742 -7.641
484.952 -7.656
486.217 -7.694
486.269 -7.725
487.424 -7.678
488.347 -7.723
489.808 -7.605
489.918 -7.662
491.886 -7.687
493.867 -7.657
494.000 -7.600
494.391 -7.648
494.893 -7.663
495.103 -7.691
495.249 -7.704
499.479 -7.644
500.251 -7.652
500.282 -7.612
500.648 -7.673
500.709 -7.684
501.734 -7.681
503.664 -7.715
504.118 -7.626
505.084 -7.588
505.137 -7.673
506.244 -7.654
506.256 -7.638
506.675 -7.636
506.832 -7.578
507.858 -7.673
508.312 -7.633
508.759 -7.623
508.761 -7.636
509.710 -7.636
510.143 -7.660
510.553 -7.649
510.837 -7.612
511.293 -7.596
511.922 -7.629
512.487 -7.621
513.842 -7.640
514.186 -7.562
514.250 -7.637
514.564 -7.644
516.138 -7.629
516.638 -7.643
517.952 -7.618
518.658 -7.591
518.840 -7.608
518.946 -7.602
520.510 -7.600
520.923 -7.633
521.244 -7.605
521.256 -7.585
522.340 -7.608
524.213 -7.585
526.068 -7.648
526.419 -7.626
526.471 -7.634
527.848 -7.635
527.863 -7.638
529.481 -7.650
530.841 -7.595
530.934 -7.613
530.997 -7.571
531.074 -7.635
532.006 -7.607
532.119 -7.642
533.590 -7.593
533.631 -7.652
534.293 -7.596
536.246 -7.589
536.962 -7.589
538.325 -7.609
539.719 -7.601
539.942 -7.615
540.045 -7.607
540.944 -7.636
540.991 -7.612
541.013 -7.549
541.251 -7.555
542.017 -7.564
542.512 -7.566
544.739 -7.580
545.017 -7.545
545.748 -7.587
548.885 -7.566
549.144 -7.568
549.679 -7.580
550.075 -7.603
551.681 -7.586
553.535 -7.573
553.868 -7.588
554.023 -7.585
554.352 -7.587
555.230 -7.590
556.860 -7.567
557.445 -7.568
558.130 -7.566
559.375 -7.579
559.613 -7.595
559.669 -7.523
560.438 -7.574
560.812 -7.581
563.077 -7.569
565.464 -7.607
568.862 -7.539
569.637 -7.523
572.307 -7.541
575.345 -7.556
575.631 -7.542
575.838 -7.611
576.594 -7.552
577.429 -7.535
578.735 -7.509
579.009 -7.515
579.100 -7.546
579.249 -7.516
579.685 -7.507
579.747 -7.530
581.744 -7.581
583.106 -7.508
583.698 -7.538
585.649 -7.583
585.780 -7.525
586.681 -7.522
587.734 -7.514
588.037 -7.528
588.290 -7.512
588.299 -7.533
593.929 -7.516
594.548 -7.533
595.721 -7.514
596.275 -7.591
596.931 -7.596
606.849 -7.500
608.641 -7.539
609.051 -7.532
612.159 -7.540
612.282 -7.469
612.968 -7.508
613.444 -7.509
619.286 -7.504
621.627 -7.497
623.920 -7.513
625.006 -7.477
625.055 -7.449
626.635 -7.447
628.739 -7.474
633.789 -7.485
634.534 -7.437
636.010 -7.432
637.043 -7.530
638.286 -7.480
639.366 -7.457
643.399 -7.500
645.338 -7.442
645.604 -7.459
648.213 -7.493
649.097 -7.427
650.056 -7.464
651.786 -7.466
657.138 -7.496
660.100 -7.470
661.271 -7.489
667.570 -7.420
668.882 -7.443
673.420 -7.454
678.372 -7.472
680.191 -7.401
682.947 -7.477
685.529 -7.445
691.076 -7.479
691.643 -7.395
691.953 -7.441
691.993 -7.407
696.094 -7.430
699.103 -7.396
700.235 -7.408
704.849 -7.405
707.505 -7.398
710.720 -7.421
712.358 -7.375
716.180 -7.428
718.240 -7.404
720.416 -7.375
720.896 -7.384
721.664 -7.367
721.721 -7.390
723.652 -7.393
725.213 -7.355
738.337 -7.382
742.828 -7.371
746.320 -7.320
746.473 -7.413
746.589 -7.380
747.873 -7.376
753.726 -7.337
754.499 -7.328
758.136 -7.378
758.834 -7.368
767.628 -7.388
769.942 -7.320
776.845 -7.362
777.740 -7.337
791.766 -7.270
793.403 -7.360
794.641 -7.297
795.011 -7.356
795.685 -7.279
800.502 -7.288
804.773 -7.292
805.592 -7.334
809.941 -7.270
811.061 -7.289
811.144 -7.315
813.037 -7.309
819.398 -7.340
835.092 -7.262
835.764 -7.268
839.064 -7.251
849.722 -7.276
853.015 -7.279
854.316 -7.282
857.265 -7.245
862.853 -7.246
864.709 -7.253
877.948 -7.256
884.525 -7.233
888.930 -7.252
892.157 -7.217
895.688 -7.182
904.453 -7.246
918.727 -7.207
925.378 -7.233
927.295 -7.228
930.116 -7.181
931.669 -7.211
944.927 -7.187
946.595 -7.194
948.683 -7.191
966.561 -7.165
976.441 -7.153
987.513 -7.139
991.380 -7.155
1022.592 -7.160
1038.721 -7.107
1038.769 -7.138
1056.549 -7.052
1058.488 -7.083
1148.305 -7.040
1165.315 -7.072
1195.418 -7.023
1206.017 -6.958
1211.755 -6.976
1214.492 -7.004
1217.953 -6.989
1234.063 -6.988
1239.394 -6.951
1346.241 -6.919
1347.880 -6.956
1362.998 -6.928
1380.119 -6.893
1413.430 -6.895
1416.137 -6.876
1591.572 -6.769
1740.706 -6.714
1806.638 -6.697
2497.321 -6.558
2948.480 -6.427
