# Ep lEiso
1.002 -9.199
1.003 -9.779
1.013 -8.039
1.019 -8.250
1.023 -8.954
1.030 -9.682
1.034 -7.789
1.038 -8.878
1.044 -9.595
1.045 -9.565
1.049 -8.828
1.056 -9.166
1.059 -8.117
1.065 -8.612
1.070 -9.078
1.073 -9.798
1.083 -8.766
1.084 -8.183
1.088 -7.977
1.089 -9.261
1.092 -8.636
1.092 -8.909
1.094 -9.557
1.097 -8.362
1.099 -8.636
1.103 -9.273
1.103 -9.105
1.105 -8.834
1.107 -8.664
1.109 -9.076
1.122 -8.844
1.123 -8.316
1.124 -9.227
1.128 -7.332
1.133 -8.345
1.133 -8.966
1.140 -8.002
1.143 -7.991
1.143 -9.924
1.148 -8.820
1.150 -9.238
1.152 -8.985
1.155 -9.967
1.155 -10.073
1.156 -9.095
1.158 -9.534
1.163 -9.511
1.171 -7.848
1.172 -8.508
1.172 -9.704
1.173 -8.593
1.174 -8.119
1.177 -9.233
1.179 -9.266
1.183 -8.230
1.183 -9.381
1.185 -9.548
1.196 -7.743
1.198 -9.339
1.206 -9.011
1.206 -8.912
1.210 -9.876
1.213 -9.765
1.218 -9.255
1.219 -8.336
1.223 -9.552
1.225 -8.427
1.233 -6.944
1.234 -8.043
1.237 -8.546
1.242 -9.798
1.242 -9.819
1.244 -8.560
1.246 -9.375
1.249 -8.385
1.252 -9.106
1.253 -9.199
1.260 -8.539
1.265 -8.939
1.265 -8.832
1.268 -9.572
1.269 -9.175
1.270 -9.479
1.273 -8.959
1.277 -9.087
1.279 -9.186
1.280 -9.383
1.288 -8.713
1.289 -9.315
1.290 -9.288
1.292 -9.155
1.295 -8.283
1.295 -8.530
1.296 -8.022
1.301 -8.049
1.302 -8.890
1.306 -8.230
1.314 -8.034
1.317 -9.337
1.317 -8.985
1.320 -9.678
1.320 -9.859
1.320 -9.157
1.321 -9.239
1.322 -8.447
1.323 -8.271
1.324 -9.164
1.327 -8.721
1.331 -8.858
1.332 -9.261
1.334 -9.743
1.334 -8.640
1.336 -9.103
1.339 -9.369
1.339 -8.993
1.341 -8.843
1.343 -8.139
1.361 -9.631
1.361 -8.682
1.364 -8.719
1.367 -9.577
1.367 -8.840
1.368 -8.925
1.371 -8.986
1.372 -8.549
1.373 -8.451
1.381 -8.978
1.382 -9.543
1.384 -8.422
1.387 -9.357
1.389 -9.358
1.393 -9.820
1.395 -9.204
1.398 -9.057
1.398 -9.319
1.405 -9.331
1.406 -9.351
1.412 -9.160
1.412 -9.700
1.416 -8.064
1.419 -8.574
1.420 -8.703
1.420 -8.752
1.426 -8.772
1.427 -8.531
1.428 -9.584
1.435 -8.829
1.436 -9.138
1.447 -9.298
1.447 -8.833
1.447 -7.628
1.457 -9.020
1.460 -9.094
1.463 -9.629
1.467 -9.234
1.473 -9.210
1.475 -9.700
1.475 -9.274
1.482 -9.299
1.484 -8.670
1.486 -9.138
1.489 -9.071
1.490 -8.638
1.493 -8.964
1.494 -8.952
1.501 -9.155
1.506 -8.862
1.521 -8.872
1.522 -8.655
1.525 -8.701
1.527 -8.990
1.531 -9.282
1.531 -9.515
1.539 -9.901
1.542 -9.254
1.543 -9.416
1.546 -8.361
1.546 -9.275
1.549 -8.667
1.550 -8.122
1.553 -8.963
1.559 -9.210
1.561 -9.582
1.562 -9.386
1.562 -8.785
1.572 -9.335
1.578 -8.698
1.581 -8.923
1.582 -9.499
1.587 -9.424
1.589 -8.886
1.591 -8.544
1.591 -9.165
1.594 -9.064
1.602 -9.734
1.607 -9.379
1.611 -8.601
1.614 -9.495
1.615 -8.826
1.617 -9.603
1.618 -8.631
1.619 -8.346
1.628 -8.870
1.630 -8.454
1.635 -9.395
1.636 -9.055
1.637 -8.676
1.639 -9.094
1.642 -9.431
1.644 -8.680
1.648 -8.998
1.649 -7.430
1.651 -8.813
1.660 -9.223
1.667 -10.019
1.668 -9.482
1.668 -8.828
1.670 -7.743
1.673 -9.310
1.674 -8.747
1.682 -8.573
1.705 -9.674
1.706 -8.700
1.707 -9.588
1.707 -9.056
1.714 -8.893
1.717 -7.707
1.719 -9.225
1.719 -9.582
1.721 -8.811
1.732 -9.136
1.733 -9.777
1.735 -8.667
1.751 -9.722
1.758 -9.300
1.764 -8.663
1.778 -8.983
1.788 -8.427
1.790 -9.026
1.799 -9.195
1.800 -9.350
1.807 -9.238
1.808 -8.603
1.812 -9.484
1.813 -9.870
1.813 -9.186
1.821 -9.090
1.826 -9.084
1.841 -9.852
1.842 -9.857
1.848 -8.586
1.853 -9.449
1.854 -10.086
1.866 -9.725
1.866 -9.121
1.866 -8.881
1.869 -9.774
1.870 -8.698
1.875 -9.450
1.879 -9.067
1.880 -9.269
1.880 -9.500
1.884 -9.219
1.899 -9.718
1.920 -8.489
1.920 -8.839
1.924 -9.610
1.936 -9.429
1.938 -8.450
1.939 -9.148
1.941 -9.266
1.946 -9.728
1.951 -9.418
1.952 -9.567
1.953 -8.520
1.954 -8.155
1.963 -8.933
1.967 -8.549
1.972 -9.850
1.974 -9.621
1.974 -9.635
1.975 -9.627
1.978 -8.855
1.982 -9.337
1.986 -9.365
1.989 -8.632
1.993 -8.775
1.994 -8.981
2.008 -9.773
2.008 -9.280
2.015 -9.542
2.015 -9.984
2.029 -8.765
2.046 -8.898
2.051 -8.060
2.060 -10.203
2.074 -9.530
2.079 -9.524
2.101 -9.741
2.110 -9.459
2.112 -9.782
2.112 -8.813
2.118 -9.067
2.124 -8.684
2.126 -10.003
2.132 -9.629
2.134 -9.672
2.145 -9.929
2.146 -9.556
2.146 -10.018
2.154 -9.422
2.158 -9.691
2.160 -9.315
2.164 -9.402
2.169 -9.618
2.174 -9.507
2.178 -10.007
2.185 -9.507
2.186 -8.519
2.187 -9.025
2.214 -9.175
2.219 -9.031
2.240 -8.123
2.240 -9.796
2.249 -9.932
2.253 -9.290
2.266 -9.192
2.270 -8.786
2.274 -9.309
2.276 -10.035
2.276 -8.889
2.277 -9.415
2.280 -9.592
2.283 -9.236
2.284 -9.827
2.290 -9.234
2.307 -8.721
2.324 -9.018
2.328 -9.521
2.339 -9.218
2.347 -9.308
2.359 -9.048
2.359 -8.940
2.367 -8.792
2.372 -9.589
2.380 -9.352
2.387 -9.833
2.387 -9.284
2.390 -9.700
2.398 -9.116
2.401 -9.650
2.402 -9.003
2.404 -9.629
2.413 -9.843
2.418 -9.788
2.423 -8.889
2.440 -9.418
2.444 -8.837
2.464 -9.751
2.465 -8.780
2.478 -9.176
2.479 -9.673
2.482 -8.980
2.483 -9.647
2.484 -9.727
2.488 -9.061
2.497 -9.743
2.536 -9.704
2.539 -9.990
2.539 -9.172
2.558 -9.649
2.582 -9.886
2.586 -8.752
2.593 -9.707
2.594 -8.542
2.600 -9.659
2.603 -9.747
2.605 -9.847
2.605 -9.413
2.627 -9.578
2.653 -8.789
2.661 -9.219
2.669 -10.134
2.682 -9.167
2.688 -9.576
2.690 -9.769
2.711 -9.325
2.725 -9.313
2.736 -9.390
2.746 -9.511
2.753 -10.070
2.754 -8.943
2.756 -10.109
2.763 -9.598
2.771 -8.997
2.780 -9.540
2.786 -9.580
2.790 -9.321
2.794 -9.395
2.796 -9.674
2.796 -8.654
2.809 -9.560
2.811 -9.609
2.814 -8.881
2.818 -9.393
2.833 -9.378
2.836 -9.769
2.838 -10.247
2.849 -9.658
2.854 -9.176
2.860 -9.565
2.872 -9.753
2.877 -9.215
2.885 -10.036
2.929 -9.198
2.933 -9.043
2.941 -9.462
2.946 -9.529
2.948 -9.087
2.950 -9.516
2.953 -9.037
2.963 -9.488
2.983 -9.795
2.990 -9.922
2.991 -9.233
2.992 -10.019
2.993 -9.996
2.996 -9.736
3.001 -9.231
3.002 -9.512
3.003 -9.124
3.003 -9.800
3.010 -9.446
3.013 -9.909
3.033 -9.165
3.042 -9.457
3.044 -9.471
3.047 -9.499
3.049 -10.042
3.059 -9.814
3.061 -9.270
3.067 -9.200
3.067 -9.782
3.069 -9.958
3.094 -10.020
3.095 -9.732
3.117 -9.522
3.118 -9.821
3.119 -9.594
3.129 -9.534
3.129 -10.055
3.142 -9.181
3.147 -9.261
3.148 -10.082
3.150 -9.765
3.161 -9.987
3.171 -9.927
3.174 -9.388
3.177 -9.744
3.184 -8.993
3.197 -9.525
3.211 -9.667
3.214 -9.124
3.217 -9.408
3.224 -9.484
3.231 -9.261
3.241 -9.250
3.260 -9.870
3.271 -9.878
3.275 -9.763
3.283 -9.020
3.284 -9.383
3.300 -9.730
3.302 -9.095
3.315 -9.391
3.322 -9.356
3.336 -9.950
3.355 -9.601
3.368 -9.345
3.376 -9.390
3.389 -9.541
3.389 -9.681
3.390 -9.503
3.393 -9.721
3.410 -9.777
3.411 -9.835
3.463 -9.835
3.464 -9.152
3.467 -9.439
3.487 -9.241
3.508 -10.052
3.510 -9.731
3.513 -8.709
3.517 -9.090
3.518 -9.317
3.531 -9.728
3.538 -10.061
3.548 -9.919
3.550 -9.705
3.554 -9.953
3.557 -9.922
3.558 -9.407
3.558 -9.304
3.560 -9.604
3.564 -9.618
3.569 -9.316
3.599 -9.975
3.607 -9.352
3.609 -9.645
3.636 -9.440
3.638 -9.344
3.645 -9.578
3.653 -9.729
3.658 -9.833
3.705 -9.638
3.707 -9.776
3.710 -9.561
3.729 -9.594
3.735 -9.132
3.757 -9.893
3.782 -9.302
3.783 -9.953
3.793 -9.071
3.814 -9.911
3.828 -9.823
3.834 -9.849
3.848 -9.514
3.859 -9.730
3.864 -10.108
3.866 -9.769
3.872 -9.496
3.899 -9.703
3.902 -9.682
3.909 -9.680
3.917 -9.145
3.920 -10.091
3.925 -9.516
3.934 -9.503
3.953 -9.682
3.956 -9.586
3.957 -9.878
3.958 -9.606
3.958 -9.650
3.962 -9.127
3.963 -10.053
3.978 -9.897
3.988 -9.712
3.991 -9.476
4.009 -9.293
4.035 -9.517
4.037 -9.811
4.043 -9.814
4.052 -9.442
4.060 -9.646
4.062 -9.782
4.094 -9.376
4.103 -9.707
4.121 -9.663
4.123 -9.613
4.125 -9.360
4.126 -9.878
4.127 -9.794
4.129 -10.121
4.136 -9.789
4.154 -9.416
4.156 -10.006
4.157 -9.789
4.161 -9.904
4.178 -9.996
4.183 -9.835
4.221 -9.713
4.231 -9.656
4.244 -10.125
4.250 -9.778
4.257 -9.730
4.274 -9.576
4.281 -10.070
4.289 -9.557
4.323 -9.816
4.355 -9.609
4.367 -9.742
4.422 -10.048
4.433 -9.821
4.439 -9.673
4.451 -9.871
4.457 -9.786
4.464 -9.886
4.478 -9.925
4.491 -9.919
4.496 -9.608
4.512 -9.748
4.521 -9.644
4.528 -9.448
4.530 -9.547
4.532 -10.224
4.542 -9.851
4.556 -9.665
4.557 -9.915
4.565 -9.998
4.566 -9.931
4.577 -9.325
4.589 -9.654
4.607 -9.562
4.665 -9.885
4.671 -9.943
4.699 -9.385
4.703 -10.026
4.708 -9.852
4.716 -9.771
4.758 -9.965
4.760 -9.913
4.769 -9.947
4.776 -10.219
4.777 -10.013
4.824 -9.880
4.825 -10.032
4.831 -9.445
4.856 -9.773
4.856 -9.671
4.870 -9.998
4.890 -9.610
4.901 -9.806
4.917 -9.932
4.934 -9.810
4.948 -10.095
4.955 -9.915
4.994 -9.753
4.997 -9.975
5.012 -9.866
5.017 -9.877
5.017 -9.539
5.038 -9.772
5.058 -9.968
5.062 -9.952
5.088 -10.162
5.089 -9.685
5.114 -10.018
5.130 -10.002
5.139 -10.001
5.147 -9.933
5.185 -9.791
5.191 -9.770
5.193 -9.796
5.219 -10.140
5.230 -9.790
5.240 -10.008
5.254 -9.643
5.259 -10.081
5.276 -10.078
5.278 -9.888
5.309 -10.136
5.310 -10.011
5.315 -9.943
5.326 -10.289
5.336 -10.139
5.350 -10.023
5.354 -9.613
5.356 -9.976
5.362 -9.925
5.373 -9.726
5.375 -9.795
5.439 -9.319
5.439 -9.670
5.440 -9.890
5.441 -10.184
5.444 -9.925
5.450 -9.713
5.459 -10.066
5.464 -9.821
5.464 -9.692
5.465 -9.929
5.468 -9.975
5.484 -10.039
5.520 -10.066
5.537 -9.926
5.550 -10.148
5.550 -9.908
5.560 -10.222
5.601 -9.999
5.605 -10.283
5.606 -9.891
5.608 -10.216
5.624 -10.027
5.625 -9.779
5.641 -10.010
5.667 -9.810
5.668 -9.941
5.670 -10.082
5.675 -9.942
5.694 -9.829
5.721 -9.797
5.722 -10.080
5.731 -10.100
5.764 -9.948
5.765 -10.181
5.769 -9.778
5.770 -10.107
5.778 -9.886
5.778 -9.730
5.778 -9.797
5.802 -10.164
5.808 -9.965
5.826 -10.009
5.827 -10.282
5.831 -9.981
5.836 -10.046
5.848 -10.247
5.855 -9.794
5.871 -10.121
5.885 -9.873
5.904 -10.017
5.949 -9.777
5.979 -9.837
5.980 -10.068
5.984 -10.024
5.984 -9.995
5.995 -10.219
5.999 -10.287
6.002 -10.239
6.005 -10.244
6.025 -9.804
6.033 -9.906
6.038 -10.138
6.049 -10.035
6.066 -9.911
6.088 -9.933
6.095 -10.000
6.106 -9.961
6.134 -10.032
6.143 -10.114
6.146 -9.756
6.151 -9.914
6.179 -9.934
6.181 -10.183
6.207 -9.985
6.228 -10.212
6.261 -9.842
6.263 -10.130
6.308 -9.901
6.347 -10.141
6.350 -10.103
6.357 -10.052
6.367 -10.209
6.371 -10.291
6.374 -9.848
6.458 -10.044
6.473 -10.157
6.474 -10.304
6.481 -10.094
6.483 -9.923
6.503 -10.009
6.542 -10.103
6.551 -9.953
6.571 -10.191
6.572 -10.026
6.595 -10.279
6.595 -10.106
6.604 -10.102
6.607 -10.166
6.628 -10.118
6.637 -10.099
6.646 -10.002
6.646 -10.134
6.665 -10.149
6.674 -10.074
6.683 -10.193
6.689 -10.096
6.699 -10.210
6.712 -10.098
6.724 -10.021
6.752 -10.110
6.759 -10.089
6.761 -10.111
6.767 -10.298
6.800 -10.153
6.811 -10.305
6.838 -10.047
6.853 -9.919
6.857 -9.951
6.859 -10.308
6.893 -10.060
6.902 -10.256
6.908 -9.946
6.908 -9.848
6.927 -9.989
6.961 -10.203
6.994 -10.304
7.000 -10.247
7.001 -10.343
7.026 -10.208
7.026 -10.116
7.055 -10.198
7.080 -10.199
7.081 -10.171
7.083 -10.293
7.084 -9.960
7.101 -10.119
7.103 -10.001
7.131 -10.274
7.132 -10.376
7.144 -10.042
7.180 -9.999
7.194 -10.206
7.219 -10.260
7.245 -10.194
7.249 -10.353
7.251 -10.263
7.268 -10.356
7.269 -10.335
7.269 -10.331
7.274 -10.112
7.288 -10.403
7.297 -10.053
7.339 -10.047
7.344 -10.105
7.359 -10.139
7.420 -9.954
7.425 -10.231
7.435 -10.124
7.443 -10.161
7.474 -10.228
7.511 -10.113
7.517 -10.287
7.520 -10.260
7.526 -10.291
7.544 -10.340
7.572 -10.100
7.581 -10.123
7.592 -10.110
7.611 -10.286
7.615 -10.133
7.616 -10.366
7.628 -10.242
7.634 -10.328
7.671 -10.234
7.710 -10.179
7.765 -10.172
7.778 -10.329
7.822 -10.336
7.872 -10.284
7.876 -10.121
7.880 -10.221
7.892 -10.261
7.906 -10.154
7.927 -10.365
7.932 -10.200
7.933 -10.223
7.936 -10.259
7.943 -10.396
7.944 -10.307
7.977 -10.357
7.999 -10.294
8.010 -10.213
8.044 -10.254
8.046 -10.149
8.062 -10.398
8.081 -10.291
8.086 -10.163
8.090 -10.390
8.090 -10.224
8.190 -10.124
8.200 -10.339
8.221 -10.284
8.231 -10.320
8.242 -10.439
8.385 -10.363
8.409 -10.389
8.414 -10.509
8.459 -10.304
8.460 -10.328
8.470 -10.334
8.477 -10.353
8.563 -10.380
8.597 -10.336
8.631 -10.535
8.647 -10.286
8.648 -10.407
8.671 -10.257
8.702 -10.171
8.776 -10.380
8.787 -10.138
8.808 -10.138
8.823 -10.439
8.842 -10.392
8.857 -10.322
8.916 -10.275
8.945 -10.422
8.949 -10.243
8.992 -10.440
9.007 -10.423
9.023 -10.369
9.051 -10.415
9.120 -10.584
9.156 -10.540
9.170 -10.420
9.245 -10.298
9.261 -10.387
9.315 -10.581
9.375 -10.351
9.396 -10.459
9.429 -10.463
9.460 -10.378
9.527 -10.508
9.533 -10.605
9.537 -10.422
9.538 -10.280
9.588 -10.527
9.631 -10.504
9.647 -10.408
9.713 -10.435
9.751 -10.388
9.796 -10.515
9.820 -10.443
9.874 -10.334
9.904 -10.403
9.933 -10.438
9.938 -10.399
9.945 -10.550
9.946 -10.484
9.964 -10.541
9.979 -10.725
10.106 -10.589
10.150 -10.498
10.184 -10.579
10.185 -10.403
10.186 -10.477
10.199 -10.615
10.255 -10.475
10.263 -10.447
10.298 -10.368
10.305 -10.380
10.400 -10.291
10.429 -10.653
10.515 -10.525
10.526 -10.489
10.701 -10.380
10.722 -10.429
10.737 -10.373
10.742 -10.612
10.750 -10.526
10.810 -10.509
10.863 -10.405
10.873 -10.441
10.907 -10.512
10.916 -10.436
10.916 -10.612
10.931 -10.569
10.981 -10.648
11.105 -10.578
11.110 -10.599
11.136 -10.686
11.220 -10.517
11.246 -10.534
11.256 -10.742
11.279 -10.596
11.327 -10.449
11.349 -10.512
11.499 -10.708
11.574 -10.498
11.625 -10.436
11.661 -10.732
11.702 -10.653
11.802 -10.637
11.948 -10.571
11.992 -10.669
12.005 -10.727
12.023 -10.352
12.033 -10.755
12.121 -10.584
12.132 -10.688
12.146 -10.678
12.263 -10.518
12.328 -10.551
12.401 -10.581
12.427 -10.637
12.718 -10.522
12.899 -10.472
12.899 -10.654
13.099 -10.595
13.120 -10.613
13.652 -10.596
13.751 -10.779
13.927 -10.713
13.989 -10.584
14.023 -10.697
14.047 -10.689
14.089 -10.655
14.287 -10.643
14.352 -10.700
15.044 -10.624
15.053 -10.946
15.138 -10.892
15.235 -10.535
15.422 -10.824
15.438 -10.574
16.487 -10.938
17.379 -10.514
17.774 -10.688
21.357 -10.953
22.810 -10.982
