# Ep lEiso
1.192 118.435
1.422 118.595
3.415 118.506
5.950 118.238
7.863 118.394
15.170 118.293
21.592 117.951
26.893 118.164
32.515 117.975
32.732 117.835
35.369 118.101
39.103 117.755
40.482 118.190
42.239 117.899
43.809 118.090
44.457 118.204
47.272 117.693
47.718 117.960
48.545 118.050
48.728 117.437
49.223 117.736
49.306 117.606
49.627 118.286
50.153 117.868
50.595 117.738
51.259 117.434
51.286 117.514
51.706 117.645
52.059 117.726
52.324 117.529
54.787 117.644
54.903 117.898
55.098 117.881
55.760 118.376
56.425 117.899
56.495 117.601
57.307 118.079
57.727 118.091
57.774 117.575
58.424 118.272
58.713 117.504
58.945 117.630
59.362 118.017
59.438 117.934
59.550 117.586
59.834 118.151
60.505 117.662
61.550 118.220
61.633 117.901
61.695 117.467
61.788 117.862
61.963 118.095
62.397 117.560
62.573 117.546
63.069 118.055
63.128 117.496
63.319 117.415
64.533 118.296
64.792 117.519
65.634 117.680
65.637 117.729
66.094 117.259
66.448 117.313
67.041 117.563
67.077 118.013
67.517 117.419
67.782 117.970
68.639 117.521
68.723 118.160
69.024 117.914
69.471 117.599
69.475 117.537
69.583 117.907
69.779 117.583
70.123 117.993
70.338 117.640
70.461 117.595
70.993 117.582
71.382 117.730
71.399 117.782
71.648 117.562
71.731 117.616
71.841 117.534
72.085 117.725
72.375 117.664
72.504 117.616
72.621 117.520
73.256 117.855
73.334 117.559
73.449 117.573
73.566 117.639
73.845 117.770
73.867 117.762
73.900 118.200
74.331 118.190
74.441 117.776
74.745 118.104
75.413 118.206
75.642 117.564
75.652 117.738
75.875 117.739
75.898 117.307
75.923 117.655
75.958 117.614
76.043 118.006
76.167 118.094
76.198 117.653
76.486 117.874
76.785 117.809
76.881 117.610
77.037 117.631
77.053 117.783
77.224 117.690
77.433 117.559
77.455 117.745
77.591 117.819
77.747 118.167
79.132 117.429
79.152 118.331
79.331 117.881
79.558 117.456
79.616 117.821
79.665 117.779
79.879 117.748
79.993 117.704
80.060 118.014
80.660 117.752
80.723 117.822
80.889 118.029
81.143 117.564
81.266 117.728
81.581 117.739
81.713 117.640
81.956 117.713
81.990 117.974
82.500 117.577
82.566 117.567
83.058 117.662
83.087 117.394
83.381 118.208
83.586 117.954
83.638 117.890
83.686 117.865
84.159 117.858
84.218 117.978
84.287 117.541
84.833 117.840
84.899 117.688
85.694 117.620
85.731 117.853
85.735 118.454
86.503 117.772
86.658 117.737
86.915 117.474
87.203 117.676
87.648 117.695
87.799 117.711
87.834 117.666
88.321 117.661
88.462 117.762
88.552 117.746
88.782 117.784
88.799 118.284
88.987 117.842
89.088 117.850
89.524 117.756
89.843 117.910
90.771 117.917
90.864 117.811
91.048 118.005
91.161 117.858
91.398 117.710
91.413 117.591
91.961 117.833
92.108 117.726
92.175 117.872
92.362 118.186
92.384 117.716
92.562 118.029
92.647 118.311
92.842 117.879
93.222 117.752
93.295 118.082
93.404 117.662
93.421 117.973
94.001 117.690
94.429 118.022
94.602 117.906
94.657 118.393
94.982 117.645
95.112 117.927
95.248 117.825
95.252 117.782
95.419 117.835
95.938 118.047
96.231 117.880
96.516 118.085
96.673 117.615
96.778 117.970
96.855 117.921
96.918 117.831
97.020 118.227
97.568 117.895
97.725 117.775
98.044 118.439
98.122 117.866
98.154 117.812
98.324 117.847
98.516 117.670
98.647 118.045
98.866 117.906
98.941 118.085
99.069 118.008
99.670 117.795
100.065 117.633
100.157 117.661
100.174 117.890
100.279 117.736
100.481 117.757
100.563 118.063
101.027 117.711
102.539 117.579
102.588 118.113
102.670 118.027
102.684 117.919
103.149 118.012
103.344 117.853
103.472 117.832
103.476 117.636
103.600 118.062
104.312 117.888
104.348 117.534
104.467 118.048
105.394 118.297
105.813 117.810
106.115 118.171
106.948 117.999
107.520 118.318
107.583 117.978
108.105 117.884
108.179 117.796
108.588 117.861
108.637 118.226
108.867 117.721
108.945 117.799
108.952 117.893
109.371 117.950
109.677 117.954
110.560 117.961
110.573 117.918
110.963 118.252
111.254 117.859
111.279 117.374
111.992 117.749
111.997 117.946
112.002 118.087
112.151 117.939
112.216 118.198
112.495 117.756
112.721 117.985
112.806 117.866
112.824 117.729
113.015 117.898
113.926 117.909
115.147 117.862
115.159 118.149
115.364 117.684
116.070 117.799
116.218 118.397
116.306 117.972
116.391 117.900
116.696 117.989
117.006 117.808
117.036 117.942
117.088 118.361
117.167 117.953
117.691 117.889
117.940 117.888
118.271 118.342
118.351 118.000
118.370 118.448
118.449 117.774
118.590 118.164
118.832 117.864
119.115 117.848
119.260 118.307
119.521 117.958
119.606 117.883
120.371 117.897
120.388 117.914
120.729 117.754
120.736 117.749
121.520 118.049
122.435 118.189
122.702 118.043
123.169 117.873
123.927 117.798
124.187 117.804
125.389 118.093
125.891 117.859
125.997 117.901
126.036 117.984
126.366 118.121
126.712 117.955
126.790 117.938
127.139 118.410
127.266 118.054
127.880 118.270
127.909 117.795
127.934 118.031
128.361 117.884
128.604 117.933
128.713 117.956
128.920 117.898
129.199 117.751
129.507 117.826
129.731 117.941
130.142 117.825
130.161 117.929
130.207 118.155
131.747 118.053
132.070 118.153
133.260 118.048
133.296 117.972
133.775 118.092
134.004 117.977
134.774 118.057
134.974 118.349
135.191 117.982
135.297 118.273
135.314 118.122
135.327 117.909
135.506 118.259
135.651 118.043
135.734 118.058
136.002 118.046
136.941 118.422
137.819 118.214
138.046 117.850
138.617 118.074
139.030 118.010
139.702 118.205
139.712 118.285
140.124 118.397
140.406 117.811
140.819 117.998
141.205 117.789
141.221 118.059
141.386 117.991
141.817 118.110
141.973 117.795
142.019 118.280
142.148 117.812
142.621 118.116
142.926 117.837
143.178 118.375
144.120 117.979
144.321 118.423
145.443 117.956
145.501 118.024
146.233 118.177
146.315 117.792
146.493 118.330
146.510 118.147
146.572 117.752
146.819 118.270
147.345 118.186
149.455 117.981
149.573 118.374
149.581 118.115
150.450 118.179
151.522 118.034
151.718 118.066
152.035 118.117
152.104 118.369
152.368 118.139
152.505 118.192
152.595 118.114
152.610 118.058
153.620 117.941
154.863 117.870
155.228 118.263
155.622 117.916
156.220 118.316
156.514 117.974
156.584 118.122
157.588 118.194
158.297 118.210
158.795 118.147
159.282 118.047
159.622 118.129
159.680 118.154
159.762 118.309
160.112 117.983
160.525 118.515
160.944 118.049
161.215 118.019
161.380 118.248
161.555 118.183
161.647 117.939
161.650 118.168
162.259 118.039
162.359 117.995
162.487 118.136
162.666 118.186
163.355 118.199
163.485 118.203
163.556 118.015
164.083 117.950
164.314 118.197
164.568 118.033
165.135 117.865
165.365 118.347
165.747 118.332
167.786 118.366
167.987 118.011
168.362 118.126
168.591 118.102
168.674 118.470
168.759 118.077
168.930 118.515
169.397 118.102
170.370 117.818
170.686 118.191
170.755 118.074
170.773 117.995
170.853 118.046
170.976 117.873
171.232 118.095
171.283 118.080
171.292 118.441
171.297 118.169
171.627 118.143
171.799 117.946
172.724 118.046
173.128 118.153
173.204 118.141
173.335 118.116
173.440 118.163
173.882 118.215
173.968 118.344
174.240 118.415
174.274 118.277
174.332 118.381
175.461 118.211
175.522 118.033
176.570 118.137
176.607 117.847
176.655 118.067
177.093 118.130
177.112 118.052
177.728 118.126
177.947 118.405
177.984 118.008
178.088 117.997
178.571 118.214
179.030 118.007
179.182 118.293
179.349 118.123
179.642 118.694
180.258 118.177
180.943 118.049
181.099 118.598
181.247 118.315
181.564 118.245
181.895 118.477
182.362 118.170
183.238 118.080
183.768 118.246
183.947 117.996
184.273 118.115
184.322 118.388
185.076 118.050
185.152 118.139
185.768 118.190
186.094 118.417
186.728 118.028
187.624 118.165
188.186 118.431
188.557 118.109
189.172 118.227
189.173 118.081
189.239 118.267
189.347 118.040
190.123 117.981
190.204 118.123
192.706 118.094
192.731 118.657
192.898 118.356
193.777 118.127
194.730 118.226
194.806 118.081
194.963 118.149
195.120 117.957
195.181 118.116
195.774 118.102
196.114 118.533
196.535 117.907
196.656 118.144
196.804 118.278
196.937 118.226
196.986 118.476
197.018 118.590
197.076 118.262
197.275 118.249
197.498 118.584
198.951 118.292
199.316 118.475
199.391 118.243
200.671 118.072
200.790 118.304
201.120 118.225
201.518 118.173
201.715 118.056
203.890 118.299
203.982 118.139
204.123 118.151
204.957 118.359
205.243 118.341
206.286 118.229
207.435 118.736
207.495 118.235
207.980 118.154
208.969 118.027
209.662 118.140
209.914 118.112
210.590 118.525
211.092 118.269
211.330 118.470
211.440 118.224
211.722 118.359
212.905 118.312
213.071 118.338
213.395 118.343
213.754 118.321
213.877 118.660
214.126 118.548
214.522 118.080
215.372 118.349
215.513 118.467
215.596 118.109
215.629 118.443
215.633 118.389
215.799 118.116
215.861 118.203
216.597 118.085
217.065 118.312
217.209 118.605
218.067 118.512
219.322 118.555
219.447 118.190
219.709 118.186
220.131 118.650
220.505 118.396
220.577 118.226
222.059 118.092
222.469 118.320
223.325 118.375
223.396 118.237
223.501 118.756
223.539 118.348
223.601 118.210
223.703 118.766
224.027 118.216
224.851 118.196
224.942 118.423
225.010 118.216
225.156 118.387
225.957 118.266
226.210 118.158
227.975 118.316
228.470 118.391
229.064 118.287
229.346 118.237
229.725 118.301
230.536 118.500
230.876 118.377
231.228 118.528
232.884 118.201
234.393 118.301
234.926 118.336
237.521 118.285
238.026 118.310
238.317 118.171
238.849 118.261
239.121 118.388
239.478 118.256
240.079 118.204
240.705 118.216
240.910 118.237
241.644 118.221
242.108 118.302
242.421 118.278
242.534 118.302
242.649 118.603
243.159 118.319
243.850 118.586
243.852 118.230
244.267 118.111
244.328 118.209
244.878 118.358
245.445 118.243
246.301 118.744
249.102 118.287
249.414 118.204
250.752 118.324
250.913 118.474
251.174 118.340
251.510 118.340
253.508 118.181
253.617 118.257
254.005 118.209
254.366 118.637
254.404 118.352
256.582 118.347
256.632 118.120
256.907 118.204
258.058 118.543
258.063 118.211
258.694 118.211
259.680 118.383
260.250 118.511
261.049 118.316
261.898 118.505
262.565 118.379
262.932 118.342
264.848 118.596
265.031 118.248
265.730 118.419
265.997 118.402
266.011 118.522
267.008 118.567
268.001 118.258
268.219 118.283
269.454 118.337
269.503 118.262
270.720 118.301
271.477 118.307
271.921 118.308
272.299 118.385
274.109 118.547
274.404 118.571
274.484 118.541
275.710 118.149
276.233 118.465
276.735 118.300
277.369 118.717
277.628 118.216
278.407 118.220
278.484 118.436
279.923 118.386
280.003 118.500
280.208 118.373
280.710 118.410
281.243 118.474
281.952 118.287
282.169 118.756
282.260 118.342
282.581 118.401
283.144 118.631
283.232 118.552
286.481 119.108
286.487 118.707
286.528 118.456
286.567 118.478
286.757 118.417
287.017 118.676
287.480 118.316
287.750 118.597
287.764 118.744
287.818 118.474
287.937 118.421
288.731 118.351
290.680 118.328
291.631 118.492
292.342 118.241
292.388 118.515
292.955 118.212
295.212 118.421
295.462 118.342
295.517 118.546
295.596 118.176
296.522 118.394
296.581 118.677
297.476 118.417
298.915 118.650
298.959 118.502
299.077 118.341
299.345 118.502
300.401 118.634
301.847 118.676
301.889 118.354
302.408 118.333
304.205 118.512
304.263 118.246
304.463 118.482
304.548 118.332
304.950 118.590
304.968 118.248
304.972 118.692
306.269 118.410
306.562 118.400
307.549 118.511
307.587 118.200
307.800 118.544
308.102 118.471
308.862 118.242
309.276 118.759
310.287 118.387
311.119 118.670
312.276 118.507
314.982 118.470
316.792 118.360
316.855 118.452
317.109 118.502
317.127 118.535
317.769 118.280
318.027 118.418
318.163 118.258
318.354 118.252
319.527 118.756
320.049 118.530
320.319 118.375
320.981 118.493
321.968 118.635
323.276 118.610
323.701 118.535
324.373 118.579
326.003 118.500
326.549 118.406
326.714 118.497
326.988 118.636
328.642 118.627
328.710 118.343
330.220 118.586
331.425 118.339
333.336 118.779
333.479 118.451
336.045 118.713
338.237 118.442
338.385 118.485
338.817 118.543
339.373 118.365
339.606 118.271
339.767 118.777
344.911 118.561
345.931 118.435
345.973 118.891
346.457 118.508
346.537 118.703
347.892 118.609
350.442 118.518
351.043 118.694
352.318 118.432
352.389 118.621
353.851 118.344
353.868 118.542
354.421 118.551
354.629 118.479
355.985 118.545
356.585 118.571
357.175 118.687
357.179 118.536
358.433 118.528
359.004 118.539
359.546 118.483
359.922 118.595
360.524 118.466
361.355 118.595
362.102 118.685
363.893 118.434
364.348 118.589
364.432 118.467
364.847 118.376
366.927 118.545
367.588 118.374
369.325 118.672
370.257 118.820
370.497 118.784
370.637 118.377
372.705 118.664
373.231 118.442
373.581 118.797
373.594 118.909
374.777 118.750
376.821 118.510
378.845 118.400
379.228 118.466
379.286 118.357
380.788 118.513
380.805 118.619
382.570 118.528
384.055 118.532
384.157 118.565
384.225 118.425
384.309 118.282
385.327 118.631
385.449 118.766
387.354 118.463
387.411 118.347
388.320 118.732
391.001 118.792
391.984 118.559
393.855 118.504
395.769 118.587
396.074 118.407
396.216 118.511
397.451 118.409
397.514 118.434
397.545 118.438
397.872 118.764
398.923 119.035
399.603 118.995
402.660 118.782
403.042 118.717
404.046 118.682
408.351 118.909
408.707 118.594
409.441 118.719
409.985 118.678
412.190 118.610
414.735 118.750
415.193 118.553
415.405 118.585
415.857 118.551
417.062 118.499
419.079 118.780
419.717 118.756
420.463 118.773
421.821 118.577
422.080 118.753
422.142 118.487
422.980 118.631
423.388 118.535
425.858 118.647
428.462 118.715
432.167 118.951
433.012 118.457
435.924 118.862
439.237 118.618
439.549 118.804
439.774 118.690
440.599 118.647
441.509 118.771
442.934 118.533
443.322 118.721
443.455 118.696
443.673 118.852
444.312 118.964
444.404 118.886
447.330 118.552
449.327 118.628
450.194 118.723
453.054 118.686
453.246 118.873
454.566 118.890
456.110 118.989
456.554 118.800
456.925 118.542
456.938 118.731
465.190 118.870
466.097 118.627
467.815 118.694
468.628 118.656
469.589 118.457
481.471 118.893
483.466 118.620
483.923 118.485
487.384 118.729
487.521 118.701
488.285 118.697
488.816 118.676
495.321 118.664
497.928 118.721
500.482 118.473
501.691 118.788
501.745 118.507
503.505 118.826
505.848 118.931
511.472 118.708
512.301 118.986
513.945 118.990
515.096 118.650
516.480 118.707
517.682 118.790
523.778 118.857
526.942 118.695
527.377 118.900
531.633 118.924
533.074 118.605
534.640 118.768
537.462 118.720
544.256 118.537
547.740 118.533
549.118 118.731
556.526 119.109
558.070 118.782
563.407 118.568
569.232 118.839
571.372 118.975
574.614 119.059
577.651 118.509
584.175 118.681
584.842 119.118
585.207 118.780
585.253 118.942
590.078 118.667
593.616 119.002
594.949 118.812
600.376 118.792
603.499 118.852
607.281 118.713
609.207 119.107
613.703 118.931
616.126 118.615
618.542 118.995
618.925 118.867
619.537 119.098
619.583 118.771
621.123 118.709
622.974 119.122
640.136 118.679
646.008 118.785
650.574 118.703
650.773 118.891
650.926 118.812
652.605 118.667
660.258 119.088
661.269 119.193
666.024 118.938
666.937 118.650
678.436 119.188
681.462 119.122
690.488 118.810
691.659 118.847
709.999 118.973
712.139 118.450
713.758 119.126
714.242 118.486
715.124 119.313
721.422 119.166
727.007 119.086
727.956 118.644
731.540 118.701
732.463 119.059
732.532 118.791
734.092 118.831
739.335 119.105
752.270 119.102
752.824 119.030
755.544 119.175
764.530 118.826
769.686 118.775
771.722 118.735
776.338 119.074
785.085 119.015
787.991 118.937
808.714 118.795
819.011 118.978
825.907 118.742
830.957 119.080
836.486 119.415
850.206 118.768
870.317 118.963
876.336 119.047
878.071 118.664
880.624 119.159
882.029 118.816
894.028 118.972
895.538 118.885
897.427 118.895
913.607 119.047
922.549 119.105
932.570 119.169
936.069 118.962
964.317 119.087
993.160 119.155
993.259 118.792
1030.329 119.703
1034.373 119.309
1133.110 119.145
1151.586 118.975
1184.283 118.990
1195.794 119.200
1202.027 119.519
1205.000 119.099
1208.759 119.280
1226.258 119.170
1232.047 118.982
1341.260 119.272
1343.688 118.701
1366.077 118.992
1391.433 119.393
1440.766 119.097
1444.775 119.377
1637.602 119.767
1724.149 119.614
1866.090 119.924
2645.113 119.415
3207.536 119.016
