# Ep lEiso
1.005 -10.585
1.010 -10.657
1.041 -10.440
1.059 -10.466
1.069 -10.554
1.091 -10.515
1.105 -10.407
1.117 -10.357
1.136 -10.592
1.137 -10.629
1.150 -10.536
1.173 -10.578
1.181 -10.446
1.199 -10.508
1.216 -10.446
1.223 -10.410
1.253 -10.526
1.258 -10.452
1.270 -10.426
1.273 -10.589
1.281 -10.509
1.283 -10.544
1.288 -10.363
1.297 -10.474
1.304 -10.509
1.316 -10.590
1.316 -10.568
1.323 -10.534
1.329 -10.512
1.334 -10.564
1.375 -10.705
1.377 -10.466
1.380 -10.583
1.393 -10.620
1.408 -10.469
1.410 -10.735
1.428 -10.424
1.438 -10.423
1.439 -10.672
1.454 -10.377
1.460 -10.583
1.466 -10.550
1.475 -10.677
1.477 -10.690
1.479 -10.564
1.486 -10.621
1.501 -10.617
1.525 -10.402
1.527 -10.487
1.528 -10.642
1.530 -10.498
1.534 -10.437
1.544 -10.581
1.548 -10.585
1.563 -10.450
1.566 -10.600
1.574 -10.621
1.625 -10.386
1.635 -10.594
1.671 -10.551
1.671 -10.538
1.690 -10.664
1.705 -10.649
1.729 -10.582
1.731 -10.461
1.749 -10.694
1.760 -10.472
1.796 -10.276
1.800 -10.421
1.812 -10.488
1.831 -10.653
1.831 -10.656
1.836 -10.489
1.844 -10.597
1.858 -10.706
1.868 -10.562
1.874 -10.574
1.898 -10.486
1.917 -10.539
1.917 -10.525
1.929 -10.624
1.933 -10.571
1.938 -10.611
1.949 -10.542
1.963 -10.559
1.969 -10.572
1.974 -10.599
2.004 -10.509
2.008 -10.590
2.013 -10.586
2.019 -10.568
2.032 -10.452
2.033 -10.485
2.034 -10.417
2.054 -10.420
2.060 -10.533
2.074 -10.444
2.105 -10.418
2.116 -10.593
2.116 -10.545
2.127 -10.638
2.128 -10.663
2.129 -10.714
2.130 -10.580
2.134 -10.473
2.140 -10.449
2.142 -10.570
2.155 -10.510
2.169 -10.528
2.174 -10.701
2.181 -10.647
2.182 -10.702
2.190 -10.561
2.200 -10.597
2.201 -10.546
2.208 -10.526
2.215 -10.431
2.284 -10.633
2.285 -10.559
2.297 -10.510
2.313 -10.626
2.317 -10.527
2.321 -10.538
2.336 -10.744
2.344 -10.488
2.349 -10.475
2.391 -10.729
2.396 -10.624
2.407 -10.473
2.425 -10.600
2.434 -10.601
2.456 -10.664
2.466 -10.581
2.483 -10.786
2.485 -10.597
2.522 -10.600
2.526 -10.602
2.561 -10.577
2.563 -10.651
2.584 -10.429
2.598 -10.499
2.602 -10.516
2.606 -10.523
2.639 -10.527
2.644 -10.494
2.649 -10.638
2.688 -10.705
2.693 -10.578
2.751 -10.602
2.753 -10.538
2.753 -10.613
2.809 -10.565
2.820 -10.772
2.839 -10.649
2.860 -10.692
2.892 -10.593
2.903 -10.661
2.906 -10.602
2.941 -10.607
2.951 -10.863
2.958 -10.585
2.974 -10.630
2.976 -10.653
2.989 -10.762
2.996 -10.560
3.028 -10.588
3.051 -10.548
3.118 -10.550
3.125 -10.520
3.138 -10.526
3.147 -10.566
3.164 -10.607
3.165 -10.640
3.206 -10.695
3.220 -10.605
3.227 -10.628
3.245 -10.480
3.248 -10.609
3.265 -10.524
3.274 -10.447
3.293 -10.567
3.331 -10.603
3.338 -10.755
3.349 -10.629
3.351 -10.543
3.408 -10.625
3.451 -10.534
3.468 -10.567
3.473 -10.652
3.506 -10.642
3.519 -10.564
3.532 -10.593
3.532 -10.605
3.549 -10.591
3.601 -10.822
3.630 -10.641
3.658 -10.526
3.673 -10.660
3.684 -10.560
3.691 -10.677
3.697 -10.531
3.708 -10.489
3.761 -10.569
3.777 -10.506
3.808 -10.788
3.816 -10.599
3.819 -10.708
3.836 -10.606
3.855 -10.658
3.867 -10.543
3.889 -10.593
3.896 -10.542
3.909 -10.565
3.968 -10.630
4.007 -10.756
4.016 -10.672
4.018 -10.570
4.028 -10.400
4.048 -10.647
4.056 -10.558
4.102 -10.532
4.249 -10.712
4.254 -10.555
4.262 -10.699
4.263 -10.613
4.310 -10.587
4.335 -10.394
4.351 -10.642
4.352 -10.701
4.367 -10.574
4.458 -10.629
4.463 -10.736
4.478 -10.551
4.596 -10.730
4.649 -10.659
4.687 -10.550
4.793 -10.606
4.864 -10.508
4.872 -10.613
4.937 -10.644
4.946 -10.672
4.997 -10.652
5.003 -10.538
5.032 -10.697
5.042 -10.767
5.042 -10.643
5.094 -10.626
5.133 -10.625
5.242 -10.769
5.244 -10.881
5.292 -10.533
5.329 -10.695
5.332 -10.815
5.420 -10.749
5.420 -10.634
5.421 -10.588
5.439 -10.759
5.447 -10.553
5.481 -10.697
5.508 -10.624
5.519 -10.663
5.521 -10.707
5.544 -10.653
5.679 -10.752
5.867 -10.605
5.869 -10.739
5.901 -10.731
6.010 -10.693
6.032 -10.484
6.045 -10.633
6.058 -10.658
6.104 -10.758
6.151 -10.760
6.156 -10.723
6.163 -10.494
6.175 -10.760
6.254 -10.697
6.292 -10.496
6.342 -10.796
6.354 -10.735
6.357 -10.739
6.369 -10.737
6.390 -10.843
6.427 -10.671
6.470 -10.791
6.492 -10.508
6.531 -10.922
6.544 -10.721
6.657 -10.773
6.660 -10.656
6.710 -10.719
6.711 -10.825
6.827 -10.611
6.962 -10.561
7.008 -10.621
7.093 -10.898
7.228 -10.738
7.275 -10.740
7.489 -10.813
7.579 -10.838
7.598 -10.833
7.604 -10.576
7.663 -10.647
7.724 -10.548
7.737 -10.903
7.798 -10.807
7.821 -10.820
7.928 -10.898
7.933 -10.796
7.937 -10.923
8.012 -10.765
8.054 -10.842
8.074 -10.740
8.110 -10.766
8.158 -10.829
8.211 -10.802
8.249 -10.945
8.320 -10.630
8.323 -10.530
8.331 -10.674
8.615 -10.729
8.680 -10.689
8.920 -10.741
8.927 -10.925
9.024 -10.970
9.070 -10.724
9.223 -10.751
9.262 -10.626
9.305 -10.789
9.327 -11.016
9.330 -10.658
9.333 -10.823
9.368 -10.671
9.397 -10.768
9.413 -10.954
9.466 -10.768
9.651 -10.606
9.822 -10.703
9.867 -10.869
9.978 -10.771
10.058 -10.802
10.202 -10.713
10.204 -10.676
10.295 -10.623
10.357 -10.896
10.448 -10.813
10.533 -11.067
10.536 -10.788
10.572 -10.935
10.666 -10.727
10.700 -10.917
10.710 -10.685
10.738 -10.909
10.841 -10.987
10.907 -10.967
10.961 -10.637
11.164 -10.830
11.207 -10.611
11.447 -10.954
11.459 -10.581
11.615 -10.730
11.632 -10.924
11.669 -10.653
11.673 -10.914
11.686 -10.945
11.739 -10.683
11.860 -10.952
12.349 -10.936
12.379 -11.055
12.381 -10.713
12.605 -10.912
12.879 -11.014
12.929 -11.134
13.010 -10.935
13.027 -10.632
13.094 -10.913
13.129 -10.952
13.152 -10.996
13.155 -11.036
13.411 -10.875
13.729 -10.935
13.822 -10.712
13.922 -11.156
14.073 -10.687
14.148 -10.890
14.165 -10.986
14.417 -10.767
14.595 -10.762
14.719 -10.803
14.839 -10.869
14.924 -11.170
14.938 -10.805
14.959 -11.193
15.043 -10.918
15.141 -10.587
15.240 -10.884
15.303 -10.906
15.342 -10.762
15.383 -10.803
15.404 -10.959
15.405 -10.994
15.547 -10.895
15.570 -10.923
15.599 -10.968
15.641 -10.801
15.801 -10.792
15.831 -11.017
15.847 -11.293
15.967 -10.954
16.020 -10.672
16.078 -10.900
16.208 -11.011
16.260 -10.692
16.347 -11.182
16.791 -10.681
16.832 -10.924
16.910 -10.848
16.957 -10.892
16.973 -10.614
16.991 -10.884
17.025 -10.584
17.120 -10.872
17.318 -11.076
17.383 -11.162
17.396 -10.714
17.400 -11.225
17.416 -11.211
17.441 -11.043
17.493 -10.715
17.504 -10.900
17.506 -10.645
17.507 -11.088
17.573 -10.858
17.607 -11.165
17.791 -10.671
17.871 -10.868
17.887 -10.877
17.913 -10.896
17.933 -11.265
18.021 -11.111
18.039 -10.738
18.093 -10.689
18.099 -11.091
18.111 -11.212
18.316 -11.262
18.326 -11.059
18.511 -10.910
18.518 -11.125
18.526 -10.962
18.603 -10.918
18.606 -11.297
18.715 -10.925
18.754 -10.715
18.760 -11.322
18.778 -11.088
18.864 -11.255
18.944 -11.212
18.971 -10.806
19.000 -11.074
19.050 -10.603
19.156 -10.908
19.273 -11.016
19.299 -10.593
19.325 -10.814
19.379 -10.873
19.435 -10.695
19.515 -10.684
19.659 -11.180
19.741 -11.187
19.769 -11.095
19.820 -11.002
19.827 -10.785
19.941 -11.068
19.953 -11.249
20.045 -10.790
20.094 -10.760
20.190 -11.254
20.325 -10.963
20.410 -10.747
20.465 -11.249
20.558 -10.912
20.558 -11.031
20.568 -10.879
20.584 -11.065
20.701 -11.458
20.713 -11.311
21.066 -11.180
21.069 -10.573
21.091 -10.830
21.209 -10.646
21.336 -11.399
21.346 -11.097
21.367 -10.779
21.388 -11.213
21.396 -10.705
21.475 -11.097
21.521 -11.423
21.577 -11.287
21.593 -11.076
21.613 -11.323
21.631 -11.294
21.637 -10.779
21.642 -10.676
21.649 -10.976
21.675 -10.989
21.703 -10.683
21.888 -11.362
21.935 -11.339
21.944 -11.015
22.107 -10.787
22.122 -11.382
22.164 -10.937
22.215 -11.103
22.239 -11.219
22.499 -10.981
22.510 -11.138
22.527 -10.891
22.626 -10.922
22.660 -11.272
22.779 -11.261
22.909 -10.559
22.915 -11.325
22.970 -11.337
23.082 -11.268
23.160 -11.160
23.189 -11.189
23.265 -10.781
23.322 -11.216
23.349 -11.497
23.361 -11.086
23.393 -10.754
23.521 -11.027
23.539 -11.004
23.573 -11.007
23.612 -11.014
23.625 -11.542
23.652 -10.809
23.694 -10.797
23.785 -11.045
23.799 -10.920
23.807 -11.310
23.811 -11.409
23.811 -11.007
23.828 -11.306
23.834 -11.551
23.908 -11.358
23.956 -11.115
23.970 -10.792
24.057 -10.907
24.183 -10.874
24.196 -11.300
24.222 -11.309
24.265 -10.773
24.303 -11.077
24.310 -11.280
24.460 -10.692
24.500 -11.200
24.583 -11.150
24.590 -11.079
24.600 -10.721
24.604 -11.183
24.610 -11.340
24.620 -10.720
24.652 -11.335
24.732 -10.852
24.741 -11.128
24.747 -11.342
24.761 -11.490
24.839 -11.051
24.864 -11.405
25.029 -11.280
25.074 -10.926
25.128 -11.318
25.153 -11.359
25.188 -11.316
25.261 -11.193
25.292 -11.281
25.324 -11.192
25.473 -11.217
25.606 -11.251
25.653 -11.270
25.881 -11.371
25.926 -11.359
25.952 -11.243
25.998 -11.387
26.022 -11.318
26.054 -11.391
26.107 -11.420
26.162 -11.415
26.180 -11.175
26.243 -11.283
26.281 -11.202
26.306 -11.048
26.315 -11.126
26.325 -11.654
26.366 -11.363
26.421 -11.217
26.421 -11.032
26.454 -11.082
26.459 -11.425
26.503 -10.947
26.548 -11.206
26.616 -11.132
26.839 -11.390
26.863 -11.027
26.970 -10.983
26.983 -11.506
27.003 -11.364
27.030 -11.298
27.189 -11.457
27.197 -11.414
27.228 -11.442
27.256 -11.668
27.259 -11.181
27.431 -11.369
27.434 -11.497
27.456 -10.992
27.547 -11.259
27.547 -11.029
27.597 -11.450
27.670 -11.105
27.710 -11.279
27.767 -11.390
27.828 -11.282
27.875 -11.537
27.901 -11.375
28.037 -11.038
28.050 -11.430
28.099 -11.331
28.118 -11.341
28.119 -11.034
28.190 -11.245
28.260 -11.424
28.276 -11.410
28.363 -11.574
28.367 -11.171
28.453 -11.422
28.507 -11.397
28.538 -11.396
28.565 -11.350
28.693 -11.255
28.713 -11.241
28.719 -11.258
28.806 -11.490
28.843 -11.254
28.878 -11.401
28.923 -11.153
28.941 -11.513
28.996 -11.449
29.002 -11.320
29.103 -11.489
29.109 -11.144
29.123 -11.357
29.159 -11.594
29.193 -11.491
29.238 -11.412
29.252 -11.131
29.258 -11.380
29.278 -11.345
29.314 -11.208
29.319 -11.668
29.526 -10.925
29.526 -11.046
29.529 -11.320
29.531 -11.524
29.543 -11.723
29.560 -11.562
29.589 -11.408
29.606 -11.238
29.607 -11.073
29.610 -11.312
29.618 -11.345
29.668 -11.080
29.792 -11.099
29.853 -11.206
29.898 -11.465
29.901 -11.297
29.937 -11.854
30.080 -11.361
30.096 -11.561
30.100 -11.285
30.105 -11.514
30.164 -11.573
30.168 -11.869
30.225 -11.369
30.317 -11.227
30.320 -11.513
30.327 -11.420
30.344 -11.321
30.412 -11.606
30.504 -11.217
30.507 -11.419
30.540 -11.433
30.655 -11.325
30.659 -11.492
30.672 -11.203
30.677 -11.439
30.703 -11.278
30.704 -11.166
30.704 -11.661
30.787 -11.457
30.806 -11.310
30.869 -11.332
30.872 -11.666
30.885 -11.312
30.903 -11.359
30.945 -11.504
30.969 -11.177
31.025 -11.413
31.072 -11.234
31.137 -11.338
31.289 -11.164
31.391 -11.023
31.395 -11.375
31.409 -11.343
31.410 -11.322
31.446 -11.485
31.461 -11.535
31.468 -11.501
31.479 -10.829
31.546 -11.193
31.575 -11.270
31.591 -11.007
31.628 -11.073
31.684 -11.285
31.758 -11.302
31.782 -11.613
31.821 -11.322
31.913 -11.629
31.945 -10.972
31.954 -11.171
31.970 -11.287
32.064 -11.590
32.068 -11.476
32.155 -11.313
32.224 -11.831
32.334 -10.947
32.342 -11.385
32.490 -11.603
32.618 -11.393
32.626 -10.958
32.651 -11.325
32.684 -11.447
32.697 -11.669
32.707 -11.772
32.980 -11.318
33.031 -11.407
33.033 -11.092
33.056 -11.586
33.060 -11.675
33.127 -11.656
33.254 -11.456
33.282 -11.234
33.339 -10.925
33.342 -11.628
33.405 -11.484
33.406 -11.346
33.430 -11.341
33.439 -10.855
33.499 -11.440
33.525 -11.330
33.551 -11.250
33.551 -11.355
33.606 -11.363
33.631 -11.572
33.655 -11.482
33.672 -11.172
33.698 -11.040
33.735 -11.320
33.768 -11.258
33.847 -11.438
33.867 -10.757
33.871 -11.010
33.890 -11.481
33.982 -11.365
34.012 -11.487
34.090 -11.625
34.132 -11.048
34.142 -11.200
34.149 -11.491
34.242 -11.141
34.266 -11.449
34.281 -11.614
34.282 -11.012
34.336 -11.231
34.428 -11.048
34.521 -11.639
34.539 -11.442
34.541 -11.520
34.610 -11.544
34.611 -11.577
34.692 -11.700
34.761 -11.559
34.766 -11.378
34.769 -10.990
34.773 -11.583
34.820 -11.332
34.825 -11.663
34.900 -11.227
34.902 -11.770
34.936 -11.261
35.036 -11.219
35.073 -11.389
35.143 -11.430
35.215 -11.371
35.227 -11.503
35.232 -11.428
35.279 -11.717
35.281 -11.485
35.282 -10.894
35.295 -10.959
35.335 -11.046
35.360 -11.075
35.477 -11.251
35.492 -10.937
35.530 -11.341
35.696 -11.245
35.710 -11.273
35.738 -11.384
35.759 -11.585
35.846 -11.122
35.947 -11.375
35.965 -11.504
35.973 -11.484
35.991 -11.506
36.038 -11.542
36.118 -11.354
36.143 -11.371
36.173 -11.359
36.228 -11.498
36.238 -11.637
36.241 -11.015
36.275 -11.524
36.291 -11.533
36.392 -11.473
36.497 -11.445
36.648 -11.332
36.684 -11.222
36.806 -11.373
36.946 -11.523
36.959 -11.418
36.968 -11.482
37.003 -11.507
37.041 -11.386
37.101 -11.206
37.114 -11.253
37.118 -11.481
37.125 -11.264
37.145 -11.330
37.148 -11.374
37.242 -11.768
37.307 -11.241
37.336 -11.471
37.429 -11.495
37.435 -11.389
37.479 -11.381
37.529 -11.326
37.544 -11.433
37.556 -11.320
37.556 -11.472
37.827 -11.401
37.859 -11.537
37.918 -11.403
37.946 -11.222
37.979 -11.634
38.390 -11.402
38.459 -11.706
38.474 -11.654
38.598 -11.497
38.603 -11.222
38.632 -11.515
38.651 -11.526
38.892 -11.538
38.989 -11.508
39.083 -11.644
39.128 -11.380
39.130 -11.186
39.195 -11.190
39.282 -11.401
39.499 -11.524
39.533 -11.181
39.599 -11.163
39.646 -11.558
39.701 -11.528
39.750 -11.367
39.931 -11.307
40.018 -11.315
40.030 -11.433
40.148 -11.235
40.187 -11.236
40.231 -11.506
40.308 -11.533
40.508 -11.632
40.616 -11.635
40.658 -11.460
40.886 -11.341
40.933 -11.511
41.097 -11.624
41.276 -11.488
41.342 -11.307
41.442 -11.378
41.535 -11.660
41.762 -11.575
41.786 -11.354
41.799 -11.661
41.800 -11.443
41.970 -11.637
42.095 -11.417
42.142 -11.514
42.334 -11.527
42.444 -11.498
42.578 -11.569
42.646 -11.374
42.804 -11.463
42.890 -11.349
42.982 -11.328
42.998 -11.496
43.024 -11.380
43.026 -11.543
43.090 -11.573
43.143 -11.317
43.582 -11.358
43.732 -11.525
43.849 -11.159
43.854 -11.461
43.858 -11.618
43.901 -11.592
44.097 -11.334
44.123 -11.267
44.245 -11.673
44.268 -11.603
44.563 -11.243
44.656 -11.289
44.943 -11.505
44.980 -11.480
45.564 -11.081
45.632 -11.763
45.683 -11.306
45.699 -11.740
45.727 -11.179
45.927 -11.283
46.105 -11.341
46.135 -11.642
46.249 -11.221
46.278 -11.363
46.281 -11.545
46.330 -11.217
46.497 -11.335
47.027 -11.320
47.050 -11.372
47.164 -11.262
47.529 -11.515
47.642 -11.555
47.687 -11.586
47.788 -11.323
47.980 -11.367
48.044 -11.428
48.498 -11.541
48.724 -11.394
48.882 -11.584
49.036 -11.543
49.204 -11.050
49.623 -11.569
50.236 -11.424
50.420 -11.362
50.473 -11.654
50.550 -11.279
50.593 -11.539
50.959 -11.426
51.005 -11.492
51.063 -11.485
51.556 -11.378
51.906 -11.340
52.360 -11.299
52.519 -11.447
53.799 -11.371
54.461 -11.338
54.463 -11.577
55.255 -11.006
55.382 -11.255
58.476 -11.354
59.055 -11.459
60.644 -11.434
61.257 -10.866
61.588 -11.059
61.746 -11.347
61.946 -11.218
62.878 -11.282
63.186 -11.415
68.014 -11.212
68.091 -10.947
68.809 -11.398
69.622 -11.148
71.441 -11.331
71.678 -11.162
86.577 -10.784
101.717 -10.836
114.524 -10.682
347.009 -10.632
488.049 -10.654
