# Ep lEiso
1.009 -11.694
1.020 -11.802
1.083 -11.761
1.120 -11.516
1.139 -11.649
1.184 -11.869
1.212 -11.426
1.236 -11.635
1.274 -11.773
1.276 -11.768
1.302 -11.625
1.349 -11.691
1.366 -11.700
1.401 -11.582
1.435 -11.849
1.449 -11.816
1.510 -11.612
1.520 -11.883
1.544 -11.851
1.550 -11.711
1.567 -11.586
1.570 -11.641
1.580 -11.771
1.598 -11.585
1.613 -11.586
1.636 -11.714
1.637 -11.680
1.651 -11.625
1.663 -11.591
1.672 -11.972
1.803 -11.906
1.809 -11.930
1.820 -11.825
1.861 -11.775
1.911 -11.779
1.916 -11.961
1.976 -11.469
2.008 -11.468
2.011 -11.866
2.060 -11.641
2.081 -11.728
2.098 -11.677
2.130 -11.881
2.135 -11.903
2.144 -11.701
2.165 -11.793
2.215 -11.914
2.293 -11.611
2.299 -11.586
2.303 -11.834
2.310 -11.604
2.323 -11.986
2.356 -11.739
2.369 -11.746
2.408 -11.532
2.413 -11.772
2.431 -11.807
2.540 -11.722
2.564 -11.768
2.640 -11.972
2.640 -11.958
2.703 -11.885
2.752 -11.863
2.833 -11.757
2.838 -11.999
2.899 -11.938
2.935 -11.584
3.054 -11.274
3.065 -11.795
3.107 -11.612
3.168 -11.878
3.169 -11.882
3.184 -11.617
3.211 -11.789
3.258 -11.964
3.290 -11.734
3.309 -11.754
3.391 -11.763
3.451 -11.702
3.453 -11.679
3.492 -11.836
3.504 -11.753
3.521 -11.817
3.559 -11.708
3.604 -11.736
3.623 -11.757
3.641 -11.799
3.739 -11.659
3.751 -11.787
3.769 -11.781
3.787 -11.753
3.830 -11.699
3.833 -11.622
3.838 -11.963
3.905 -11.521
3.922 -11.700
3.989 -12.014
4.138 -11.776
4.189 -11.815
4.191 -11.738
4.241 -11.894
4.246 -11.934
4.252 -12.019
4.259 -11.798
4.278 -11.860
4.306 -11.587
4.313 -11.786
4.377 -11.691
4.444 -11.726
4.465 -12.017
4.500 -11.929
4.504 -12.021
4.542 -11.787
4.590 -11.851
4.596 -11.765
4.628 -11.733
4.665 -11.573
4.991 -11.940
4.996 -11.715
5.038 -11.725
5.092 -11.934
5.106 -11.758
5.117 -11.779
5.168 -12.148
5.195 -11.692
5.210 -11.669
5.352 -12.132
5.367 -11.943
5.406 -11.670
5.466 -11.904
5.495 -11.905
5.579 -12.025
5.622 -11.872
5.701 -12.257
5.712 -11.706
5.878 -11.913
5.900 -11.919
6.060 -11.874
6.069 -12.016
6.165 -11.588
6.231 -11.723
6.248 -11.758
6.264 -11.771
6.419 -11.780
6.439 -11.715
6.462 -12.001
6.643 -12.142
6.665 -11.885
6.930 -11.937
6.942 -11.806
6.943 -11.961
7.199 -11.864
7.250 -11.887
7.336 -12.044
7.432 -12.137
7.605 -11.927
7.671 -12.072
7.687 -11.946
7.901 -11.954
7.963 -12.517
8.002 -11.905
8.103 -11.884
8.111 -11.752
8.193 -12.299
8.238 -11.846
8.429 -11.908
8.569 -11.816
8.977 -11.815
9.017 -11.745
9.098 -11.759
9.148 -11.852
9.252 -11.947
9.259 -12.023
9.500 -12.152
9.564 -11.937
9.594 -11.991
9.676 -11.637
9.686 -11.944
9.764 -11.739
9.810 -12.296
9.918 -11.838
10.129 -12.099
10.169 -12.276
10.229 -11.979
10.239 -11.777
10.561 -11.960
10.798 -11.746
10.894 -11.821
10.924 -12.014
11.104 -11.988
11.177 -11.808
11.252 -11.873
11.254 -11.901
11.347 -12.298
11.635 -12.380
11.797 -11.970
11.954 -11.710
12.040 -12.008
12.098 -12.001
12.140 -12.044
12.175 -12.172
12.231 -11.624
12.577 -12.326
12.680 -11.929
12.891 -12.321
12.942 -11.881
12.963 -12.137
13.075 -11.899
13.202 -12.027
13.288 -12.268
13.432 -11.874
13.482 -11.750
13.567 -11.807
13.963 -11.977
14.223 -12.308
14.284 -12.093
14.295 -12.298
14.364 -12.041
14.497 -12.031
14.551 -11.798
14.858 -11.729
15.962 -12.205
15.999 -11.782
16.059 -12.168
16.070 -11.936
16.415 -11.864
16.560 -11.893
16.655 -12.008
16.658 -12.163
16.750 -11.827
17.279 -11.967
17.305 -12.246
17.394 -11.763
18.093 -12.220
18.434 -12.034
18.679 -11.755
19.356 -11.893
19.811 -11.764
19.861 -12.487
20.276 -11.981
20.335 -12.048
20.660 -11.999
20.700 -11.724
20.882 -12.104
20.944 -12.271
20.950 -11.975
21.292 -11.977
21.542 -12.006
22.263 -12.481
22.274 -12.786
22.592 -11.876
22.830 -12.357
22.850 -12.699
23.426 -11.787
23.430 -12.253
23.434 -12.118
23.553 -12.639
23.605 -12.031
23.828 -12.490
24.006 -12.284
24.071 -12.405
24.084 -12.029
24.230 -12.381
24.919 -12.699
25.845 -11.987
25.854 -12.198
26.009 -12.667
26.541 -12.573
26.651 -11.981
26.716 -11.901
26.779 -12.480
27.004 -12.768
27.222 -12.582
27.244 -12.672
27.280 -12.037
27.336 -11.818
27.705 -12.605
27.880 -12.068
28.114 -12.082
28.170 -12.712
28.183 -11.982
28.239 -12.717
28.339 -12.259
28.509 -12.547
28.708 -12.566
28.811 -12.136
28.994 -12.224
29.054 -12.345
29.584 -12.814
29.596 -12.528
29.831 -12.683
29.836 -12.938
30.288 -12.234
30.803 -12.317
30.953 -11.760
31.216 -12.021
31.634 -12.774
31.778 -11.809
32.441 -12.477
32.716 -12.774
32.767 -12.723
32.786 -12.251
32.944 -12.456
33.107 -11.836
33.145 -12.394
33.309 -12.102
33.370 -12.132
33.659 -12.273
33.673 -12.855
33.685 -12.566
33.887 -12.746
34.001 -11.802
34.053 -11.959
34.151 -12.730
34.282 -12.909
34.424 -12.817
34.528 -12.676
34.719 -12.288
34.728 -11.991
34.749 -12.415
35.453 -12.539
35.585 -12.417
36.069 -12.545
36.084 -12.084
36.279 -13.189
36.371 -12.636
36.679 -12.550
36.759 -12.196
36.846 -12.649
36.889 -12.294
36.896 -12.480
36.901 -12.740
36.973 -12.315
37.031 -12.582
37.064 -11.923
37.170 -12.578
37.543 -12.118
37.889 -12.373
37.971 -12.818
38.175 -12.545
38.322 -12.622
38.560 -12.384
38.563 -12.286
38.709 -12.148
38.808 -12.868
38.953 -12.650
39.088 -12.916
39.094 -12.586
39.152 -12.965
39.302 -12.531
39.356 -12.917
39.372 -12.322
39.417 -12.896
39.581 -12.523
39.687 -12.866
39.774 -12.206
40.098 -12.691
40.167 -12.147
40.529 -12.719
40.548 -12.081
40.779 -12.449
40.805 -12.920
40.861 -12.261
40.866 -12.485
40.885 -12.970
40.963 -12.335
41.128 -12.459
41.795 -12.454
41.836 -12.238
41.839 -12.555
42.144 -12.477
42.515 -12.860
42.581 -11.978
42.687 -12.922
42.710 -11.765
42.798 -12.526
42.844 -12.461
42.874 -12.557
42.879 -12.625
43.215 -12.782
43.626 -11.970
43.745 -12.404
43.874 -12.830
44.069 -12.340
44.165 -12.759
44.188 -11.796
44.507 -12.489
44.726 -12.470
44.878 -12.546
45.027 -12.670
45.131 -12.569
45.148 -12.538
45.173 -12.349
45.279 -12.756
45.404 -12.110
45.531 -12.689
45.613 -12.731
45.663 -12.453
45.715 -12.533
45.742 -12.832
45.743 -12.901
45.925 -12.710
45.954 -12.763
45.992 -11.976
46.046 -12.530
46.250 -12.513
46.287 -12.509
46.308 -12.244
46.459 -12.818
46.525 -12.516
46.598 -12.716
46.761 -11.804
46.827 -12.332
46.936 -12.351
47.511 -12.308
47.568 -12.744
47.674 -12.603
47.737 -12.678
47.760 -12.182
47.784 -12.663
47.831 -12.126
47.959 -12.632
48.224 -12.980
48.310 -12.523
48.329 -12.342
48.334 -12.763
48.356 -12.701
48.389 -12.913
48.459 -12.339
48.473 -12.660
48.475 -12.218
48.477 -12.550
48.566 -12.584
48.612 -12.827
48.858 -12.712
48.966 -12.585
48.986 -12.600
49.021 -12.631
49.049 -12.575
49.167 -12.514
49.190 -12.358
49.263 -12.273
49.272 -12.442
49.287 -12.315
49.585 -12.520
49.601 -12.738
49.872 -12.600
49.882 -12.954
49.894 -12.685
50.007 -12.604
50.012 -12.699
50.172 -12.603
50.228 -12.258
50.238 -12.744
50.265 -12.757
50.390 -12.486
50.509 -12.736
50.548 -12.383
50.591 -12.591
50.665 -11.892
50.819 -12.532
50.991 -12.698
51.030 -12.028
51.067 -12.376
51.146 -12.466
51.229 -12.186
51.347 -12.568
51.566 -12.688
51.699 -12.492
51.744 -12.801
51.826 -11.868
51.838 -12.324
52.021 -12.759
52.039 -12.629
52.189 -12.567
52.268 -12.288
52.422 -12.764
52.639 -12.597
52.775 -12.271
52.865 -12.666
53.015 -12.521
53.015 -12.700
53.031 -12.471
53.057 -12.750
53.247 -12.823
53.266 -12.649
53.851 -12.899
53.857 -12.017
53.896 -12.388
54.103 -12.675
54.327 -12.563
54.345 -12.741
54.382 -12.660
54.419 -11.890
54.433 -12.702
54.573 -12.724
54.653 -12.199
54.752 -12.969
54.780 -12.681
54.816 -12.517
54.847 -12.582
54.859 -12.276
54.866 -12.137
54.880 -12.540
54.925 -12.555
54.975 -12.145
55.304 -12.503
55.386 -12.279
55.403 -12.562
55.694 -12.258
55.721 -12.487
55.796 -12.584
55.886 -12.648
55.931 -12.791
56.428 -12.495
56.448 -12.690
56.481 -12.382
56.672 -12.421
56.737 -12.856
56.966 -12.586
57.217 -11.972
57.230 -12.586
57.336 -12.689
57.553 -12.850
57.705 -12.716
57.761 -12.752
57.910 -12.250
58.021 -12.567
58.073 -12.322
58.098 -12.624
58.160 -12.461
58.423 -12.526
58.459 -12.495
58.532 -12.490
58.612 -12.520
58.639 -12.105
58.695 -12.244
58.783 -12.224
58.971 -12.494
59.001 -12.349
59.018 -12.789
59.025 -12.379
59.026 -12.446
59.061 -12.779
59.074 -12.673
59.229 -12.818
59.328 -12.539
59.359 -12.181
59.541 -12.295
59.808 -12.241
59.834 -12.689
59.890 -12.693
59.981 -12.126
60.061 -12.437
60.076 -12.645
60.394 -12.023
60.483 -12.530
60.664 -12.463
60.678 -12.631
60.698 -11.995
60.705 -12.495
60.717 -12.665
60.736 -11.984
60.797 -12.657
60.954 -12.080
60.971 -12.404
60.984 -12.657
61.012 -12.447
61.164 -12.596
61.213 -12.728
61.539 -12.489
61.628 -12.399
61.734 -12.529
61.785 -12.591
61.853 -12.514
61.999 -12.274
62.060 -12.426
62.124 -12.243
62.424 -12.650
62.699 -12.535
62.797 -12.494
63.275 -12.568
63.369 -12.539
63.423 -12.710
63.521 -12.602
63.572 -12.448
63.639 -12.611
63.751 -12.677
63.869 -12.666
63.907 -12.640
64.042 -12.370
64.123 -12.189
64.177 -11.846
64.197 -12.282
64.217 -12.199
64.306 -12.549
64.426 -12.223
64.427 -12.660
64.499 -12.807
64.510 -12.688
64.606 -12.506
64.706 -12.650
64.857 -12.039
65.354 -12.608
65.410 -12.712
65.651 -12.488
65.680 -12.386
65.726 -12.550
65.787 -12.406
66.150 -12.754
66.170 -12.660
66.241 -12.721
66.307 -12.198
66.314 -12.548
66.713 -12.561
66.722 -12.839
66.773 -12.736
66.988 -12.326
66.989 -12.732
67.107 -12.735
67.282 -12.524
67.379 -12.368
67.515 -12.607
67.659 -12.375
67.773 -12.350
67.835 -12.575
68.171 -12.264
68.203 -12.691
68.326 -12.481
68.373 -12.502
68.375 -11.854
68.550 -12.300
68.724 -12.678
68.762 -12.647
68.978 -12.582
68.987 -12.146
69.208 -12.671
69.345 -12.619
69.426 -12.617
69.495 -12.522
69.823 -12.324
69.877 -12.295
69.891 -12.331
70.114 -12.812
70.209 -12.323
70.300 -12.627
70.418 -12.114
70.467 -12.725
70.615 -12.715
70.630 -12.450
70.902 -12.788
70.917 -12.612
70.956 -12.517
71.051 -12.469
71.143 -12.390
71.264 -12.619
71.301 -12.044
71.316 -12.551
71.371 -12.478
71.466 -12.196
71.481 -12.293
72.040 -11.614
72.042 -11.858
72.049 -12.412
72.056 -12.823
72.090 -12.461
72.136 -12.145
72.219 -12.588
72.268 -12.246
72.270 -12.703
72.280 -12.397
72.301 -12.462
72.443 -12.551
72.792 -12.588
72.963 -12.392
73.090 -12.703
73.098 -12.367
73.199 -11.929
73.604 -12.495
73.648 -12.593
73.658 -12.344
73.672 -12.797
73.843 -12.534
73.855 -12.187
74.025 -12.510
74.299 -12.231
74.308 -12.413
74.330 -12.610
74.381 -12.415
74.582 -12.257
74.858 -12.212
74.866 -12.607
74.965 -12.635
75.307 -12.423
75.318 -12.750
75.357 -12.186
75.373 -12.646
75.449 -12.332
75.453 -12.113
75.454 -12.207
75.701 -12.557
75.756 -12.395
75.945 -12.439
75.953 -12.072
75.997 -12.400
76.052 -12.490
76.188 -12.771
76.262 -12.138
76.443 -12.595
76.592 -12.248
76.799 -12.449
77.283 -12.115
77.607 -12.198
77.618 -12.521
77.664 -12.460
77.667 -12.420
77.782 -12.733
77.828 -12.564
77.852 -12.760
77.887 -12.768
78.097 -12.152
78.190 -12.294
78.238 -12.619
78.357 -12.474
78.536 -12.302
78.793 -12.328
78.876 -11.831
79.007 -12.364
79.327 -12.458
79.434 -12.571
79.466 -12.069
79.520 -12.289
79.844 -12.295
79.857 -12.643
80.153 -12.342
80.390 -12.642
80.764 -12.098
80.792 -12.500
81.295 -12.172
81.745 -12.503
81.777 -12.450
81.872 -12.379
81.993 -12.598
82.044 -12.713
82.080 -12.094
83.103 -12.408
83.290 -12.525
83.298 -11.968
83.386 -12.438
83.401 -12.199
83.649 -12.318
84.116 -12.437
84.226 -12.224
84.460 -12.548
84.473 -12.189
84.740 -12.660
84.743 -12.418
84.845 -12.408
84.883 -12.497
85.131 -12.421
85.250 -12.389
85.373 -12.247
85.374 -12.432
85.636 -12.442
85.755 -12.429
85.868 -12.498
85.947 -12.105
86.073 -12.519
86.246 -12.361
86.402 -12.252
86.776 -12.560
86.871 -12.370
86.888 -12.519
86.975 -12.631
87.409 -12.425
87.547 -12.635
87.910 -12.270
88.105 -11.872
88.155 -12.133
88.184 -12.035
88.616 -12.281
88.726 -12.554
88.799 -12.119
88.801 -11.805
89.048 -12.177
89.475 -11.861
89.960 -12.612
90.054 -12.531
90.068 -12.665
90.435 -12.477
90.439 -12.762
90.869 -12.464
91.232 -12.463
91.256 -12.423
91.273 -11.766
91.293 -11.950
91.542 -12.346
91.572 -12.180
91.963 -12.168
91.974 -12.697
92.151 -12.226
92.671 -12.156
92.861 -12.357
93.224 -12.511
93.595 -12.412
93.655 -12.633
93.682 -12.506
93.922 -12.631
93.934 -12.601
93.940 -11.612
94.004 -12.197
94.207 -11.867
94.339 -11.916
94.964 -12.179
95.053 -12.259
95.287 -12.301
96.290 -12.020
96.373 -12.405
96.544 -12.251
96.670 -12.301
97.184 -12.383
97.777 -12.210
97.884 -12.450
97.933 -12.411
98.038 -12.452
98.319 -12.514
98.789 -12.169
98.938 -12.198
99.112 -12.177
99.428 -12.415
99.489 -12.111
99.503 -12.525
99.698 -12.348
99.793 -12.466
100.369 -12.327
100.975 -12.242
101.999 -11.955
102.242 -11.715
103.081 -12.067
104.035 -12.370
104.125 -12.142
104.190 -12.282
104.428 -12.336
104.690 -12.185
105.101 -12.478
105.187 -11.785
105.215 -12.280
105.262 -12.088
105.399 -11.952
105.419 -12.049
106.046 -12.000
106.474 -12.373
106.660 -12.257
107.273 -12.309
107.314 -12.079
107.597 -12.061
107.928 -11.942
108.023 -12.174
108.103 -12.491
108.105 -12.260
110.114 -12.097
110.362 -12.395
110.832 -12.313
111.054 -12.360
111.316 -12.018
114.563 -12.376
115.108 -11.807
115.233 -12.573
116.179 -12.275
116.216 -11.660
116.425 -12.314
116.570 -12.340
118.347 -12.357
119.168 -12.286
120.085 -12.590
120.519 -12.204
120.539 -12.372
121.171 -11.554
122.012 -12.030
124.032 -12.303
124.329 -11.962
124.920 -11.957
125.333 -12.374
125.830 -12.304
126.262 -12.203
127.875 -11.784
128.650 -11.798
128.757 -12.071
129.800 -12.043
130.154 -12.312
130.537 -12.235
131.345 -12.294
133.597 -12.519
134.752 -11.896
135.208 -12.282
137.663 -11.820
138.175 -12.221
139.944 -12.484
141.874 -12.152
142.583 -11.986
143.658 -11.884
144.664 -12.176
146.998 -12.347
147.304 -11.811
147.471 -12.224
147.493 -12.025
149.706 -12.356
151.330 -11.941
151.941 -12.172
154.431 -12.191
155.864 -12.114
157.599 -12.279
158.483 -11.795
160.545 -12.005
161.657 -12.389
162.766 -12.134
162.941 -12.078
163.222 -11.794
163.243 -12.194
163.950 -12.031
164.521 -11.651
170.571 -12.295
172.905 -12.154
174.719 -12.258
174.798 -12.011
174.859 -12.114
175.526 -12.304
178.567 -11.737
178.969 -12.049
180.859 -11.930
181.222 -11.944
185.791 -11.565
186.994 -11.652
190.581 -12.084
191.046 -12.030
200.886 -11.833
202.112 -11.897
203.041 -11.599
203.318 -12.148
203.824 -12.027
207.435 -11.988
210.637 -11.830
211.181 -11.879
213.236 -11.971
213.765 -11.862
213.804 -12.109
214.699 -12.044
217.705 -12.143
225.121 -12.214
225.439 -11.711
226.998 -11.633
234.051 -12.045
236.327 -11.913
237.227 -12.201
239.265 -11.989
243.128 -11.719
244.412 -11.853
253.564 -12.094
258.111 -11.784
261.157 -11.687
263.387 -12.092
265.829 -11.974
271.888 -11.931
283.282 -11.807
287.275 -11.933
288.426 -12.011
290.120 -11.483
291.052 -12.043
299.012 -11.785
300.013 -11.927
301.267 -11.910
312.000 -11.661
317.932 -11.693
324.580 -11.462
326.901 -11.793
347.135 -11.588
363.191 -11.491
363.239 -11.746
380.938 -11.635
382.869 -11.657
430.012 -11.562
438.834 -11.806
466.548 -11.684
477.097 -11.494
482.808 -11.645
485.532 -11.630
488.977 -11.577
505.012 -11.535
510.318 -11.606
566.393 -11.413
567.143 -11.861
574.055 -11.776
581.883 -11.265
609.517 -11.643
612.439 -11.290
753.018 -10.815
816.114 -11.003
902.936 -11.185
1478.049 -11.239
1706.211 -11.546
