# Ep lEiso
1.003 114.634
1.007 114.536
1.029 114.827
1.042 114.789
1.049 114.672
1.064 114.551
1.074 114.859
1.082 114.923
1.096 114.617
1.096 114.570
1.105 114.687
1.122 114.632
1.127 114.798
1.140 114.718
1.152 114.793
1.157 114.836
1.178 114.690
1.181 114.779
1.190 114.810
1.192 114.613
1.198 114.708
1.199 114.667
1.202 114.882
1.209 114.749
1.214 114.707
1.222 114.610
1.222 114.635
1.227 114.676
1.231 114.701
1.234 114.639
1.263 114.671
1.265 114.748
1.267 114.743
1.276 114.891
1.287 114.741
1.288 114.651
1.301 114.880
1.308 114.790
1.308 114.513
1.319 114.838
1.323 114.610
1.327 114.646
1.334 114.507
1.335 114.492
1.337 114.630
1.341 114.568
1.352 114.647
1.369 114.801
1.370 114.709
1.371 114.543
1.373 114.697
1.375 114.762
1.382 114.608
1.385 114.603
1.394 114.745
1.395 114.587
1.398 114.564
1.422 114.807
1.427 114.737
1.444 114.634
1.444 114.648
1.452 114.519
1.459 114.534
1.471 114.601
1.472 114.721
1.480 114.561
1.485 114.708
1.502 114.898
1.504 114.755
1.510 114.690
1.520 114.528
1.520 114.526
1.523 114.687
1.529 114.582
1.539 114.477
1.545 114.616
1.549 114.780
1.566 114.688
1.579 114.636
1.579 114.649
1.587 114.555
1.590 114.605
1.593 114.727
1.601 114.632
1.610 114.616
1.615 114.603
1.618 114.578
1.639 114.662
1.641 114.585
1.645 114.589
1.649 114.605
1.657 114.715
1.658 114.684
1.659 114.748
1.673 114.744
1.677 114.638
1.686 114.720
1.708 114.744
1.715 114.735
1.715 114.624
1.723 114.537
1.723 114.514
1.724 114.466
1.725 114.592
1.728 114.691
1.732 114.713
1.733 114.601
1.742 114.656
1.752 114.639
1.755 114.477
1.760 114.527
1.760 114.477
1.766 114.607
1.773 114.574
1.774 114.621
1.778 114.639
1.783 114.727
1.830 114.539
1.831 114.766
1.837 114.652
1.845 114.545
1.847 114.637
1.848 114.626
1.856 114.437
1.860 114.672
1.862 114.685
1.882 114.453
1.884 114.548
1.890 114.687
1.899 114.571
1.903 114.571
1.913 114.513
1.918 114.589
1.926 114.607
1.927 114.672
1.945 114.572
1.947 114.754
1.964 114.593
1.965 114.527
1.974 114.727
1.981 114.664
1.983 114.727
1.985 114.642
2.001 114.639
2.003 114.669
2.005 114.540
2.024 114.631
2.027 114.594
2.054 114.573
2.055 114.630
2.056 114.777
2.082 114.606
2.088 114.686
2.097 114.531
2.107 114.671
2.122 114.582
2.127 114.585
2.128 114.713
2.145 114.570
2.150 114.695
2.153 114.590
2.161 114.598
2.162 114.682
2.168 114.611
2.172 114.612
2.191 114.587
2.206 114.623
2.251 114.621
2.256 114.647
2.265 114.641
2.270 114.606
2.282 114.570
2.283 114.541
2.309 114.493
2.316 114.757
2.320 114.553
2.329 114.682
2.330 114.789
2.339 114.644
2.343 114.711
2.352 114.608
2.371 114.731
2.374 114.655
2.380 114.555
2.380 114.629
2.409 114.561
2.429 114.639
2.438 114.611
2.441 114.727
2.456 114.549
2.463 114.616
2.469 114.658
2.470 114.581
2.478 114.593
2.503 114.510
2.517 114.765
2.531 114.650
2.539 114.539
2.544 114.622
2.547 114.525
2.550 114.646
2.555 114.681
2.582 114.616
2.589 114.668
2.605 114.727
2.609 114.592
2.610 114.640
2.618 114.587
2.628 114.545
2.634 114.639
2.644 114.688
2.648 114.795
2.654 114.622
2.683 114.570
2.702 114.470
2.707 114.538
2.707 114.620
2.713 114.756
2.722 114.559
2.726 114.630
2.749 114.651
2.821 114.511
2.823 114.635
2.827 114.522
2.828 114.590
2.850 114.610
2.859 114.760
2.865 114.568
2.865 114.522
2.871 114.620
2.905 114.578
2.907 114.497
2.912 114.638
2.956 114.503
2.976 114.557
2.990 114.639
3.042 114.595
3.078 114.665
3.082 114.588
3.115 114.565
3.119 114.545
3.145 114.558
3.148 114.640
3.162 114.526
3.167 114.476
3.167 114.564
3.193 114.575
3.213 114.575
3.268 114.474
3.268 114.396
3.293 114.636
3.311 114.524
3.312 114.442
3.356 114.486
3.357 114.564
3.357 114.595
3.366 114.480
3.370 114.618
3.387 114.521
3.401 114.570
3.406 114.543
3.407 114.513
3.419 114.549
3.474 114.482
3.548 114.639
3.549 114.489
3.562 114.493
3.604 114.515
3.613 114.642
3.618 114.551
3.623 114.535
3.642 114.475
3.660 114.473
3.662 114.495
3.665 114.631
3.670 114.678
3.701 114.509
3.716 114.625
3.735 114.450
3.740 114.485
3.741 114.483
3.746 114.484
3.754 114.423
3.769 114.521
3.786 114.452
3.794 114.612
3.810 114.378
3.815 114.566
3.860 114.461
3.861 114.525
3.881 114.490
3.881 114.432
3.927 114.589
3.989 114.569
4.009 114.678
4.044 114.394
4.100 114.480
4.119 114.480
4.208 114.447
4.245 114.436
4.253 114.439
4.256 114.407
4.281 114.533
4.306 114.583
4.311 114.406
4.337 114.425
4.346 114.449
4.390 114.412
4.392 114.462
4.394 114.400
4.425 114.478
4.443 114.441
4.451 114.348
4.466 114.479
4.486 114.449
4.508 114.463
4.524 114.395
4.553 114.461
4.555 114.595
4.558 114.526
4.667 114.501
4.690 114.520
4.774 114.641
4.776 114.411
4.810 114.391
4.826 114.478
4.879 114.490
4.893 114.545
4.908 114.473
4.915 114.372
4.917 114.531
4.917 114.458
4.930 114.433
4.940 114.482
4.946 114.400
4.964 114.482
5.028 114.552
5.101 114.507
5.120 114.435
5.169 114.475
5.204 114.460
5.260 114.494
5.261 114.510
5.296 114.530
5.319 114.413
5.354 114.446
5.386 114.339
5.387 114.454
5.401 114.393
5.437 114.360
5.449 114.397
5.453 114.492
5.464 114.399
5.503 114.365
5.528 114.372
5.549 114.505
5.626 114.422
5.642 114.508
5.733 114.366
5.738 114.513
5.797 114.450
5.803 114.374
5.818 114.480
5.819 114.377
5.824 114.364
5.844 114.466
5.886 114.358
6.056 114.356
6.066 114.310
6.067 114.440
6.145 114.426
6.243 114.318
6.264 114.503
6.297 114.347
6.305 114.539
6.333 114.356
6.347 114.341
6.357 114.325
6.359 114.396
6.465 114.370
6.596 114.352
6.634 114.434
6.675 114.276
6.737 114.289
6.767 114.374
6.775 114.340
6.878 114.420
6.951 114.424
7.001 114.410
7.051 114.389
7.086 114.286
7.091 114.412
7.100 114.279
7.135 114.374
7.177 114.487
7.219 114.385
7.246 114.378
7.263 114.229
7.280 114.315
7.289 114.360
7.290 114.348
7.350 114.382
7.360 114.372
7.373 114.357
7.390 114.307
7.459 114.380
7.471 114.341
7.478 114.247
7.535 114.359
7.561 114.336
7.590 114.373
7.654 114.330
7.681 114.435
7.724 114.268
7.952 114.419
7.975 114.337
8.017 114.360
8.042 114.344
8.051 114.435
8.061 114.346
8.079 114.443
8.131 114.263
8.238 114.273
8.272 114.244
8.280 114.389
8.282 114.223
8.291 114.227
8.304 114.281
8.332 114.386
8.338 114.325
8.339 114.408
8.339 114.264
8.375 114.337
8.394 114.237
8.493 114.390
8.537 114.325
8.545 114.322
8.559 114.315
8.570 114.196
8.618 114.243
8.627 114.361
8.656 114.375
8.660 114.247
8.666 114.208
8.786 114.187
8.793 114.251
8.913 114.293
8.918 114.224
8.923 114.276
8.976 114.287
8.978 114.167
9.052 114.367
9.078 114.348
9.082 114.154
9.095 114.228
9.152 114.172
9.207 114.184
9.225 114.313
9.245 114.226
9.279 114.408
9.350 114.275
9.430 114.237
9.448 114.373
9.465 114.301
9.502 114.281
9.540 114.336
9.594 114.338
9.696 114.173
9.757 114.167
9.778 114.067
9.816 114.391
9.821 114.294
9.906 114.197
9.914 114.368
9.983 114.285
10.019 114.293
10.090 114.126
10.193 114.218
10.263 114.290
10.310 114.306
10.387 114.235
10.387 114.194
10.395 114.246
10.409 114.183
10.506 114.048
10.516 114.148
10.817 114.145
10.820 114.357
10.840 114.268
10.946 114.335
11.061 114.077
11.070 114.182
11.089 114.517
11.108 114.143
11.115 114.319
11.186 114.186
11.227 114.074
11.278 114.123
11.292 114.196
11.310 114.112
11.326 114.122
11.332 114.300
11.336 114.335
11.343 114.232
11.366 114.228
11.391 114.334
11.562 114.105
11.608 114.112
11.617 114.223
11.779 114.298
11.794 114.096
11.835 114.086
11.885 114.189
11.910 114.150
12.184 114.220
12.196 114.166
12.213 114.250
12.318 114.235
12.354 114.113
12.480 114.112
12.617 114.352
12.624 114.084
12.681 114.078
12.799 114.097
12.885 114.133
12.917 114.123
13.003 114.268
13.067 114.112
13.098 114.011
13.112 114.159
13.148 114.280
13.299 114.189
13.320 114.198
13.362 114.200
13.408 114.030
13.423 114.012
13.455 113.939
13.506 114.099
13.613 114.199
13.630 114.244
13.640 114.108
13.644 114.073
13.644 114.214
13.664 114.111
13.672 114.025
13.760 114.098
13.816 114.186
13.833 114.299
13.936 114.264
14.087 114.282
14.102 114.138
14.134 114.135
14.187 114.314
14.234 114.210
14.242 114.142
14.428 114.075
14.480 114.159
14.587 114.170
14.596 114.117
14.609 114.313
14.614 114.066
14.622 114.105
14.634 113.949
14.675 114.103
14.778 114.270
14.790 113.992
14.798 114.093
14.816 114.038
14.917 113.988
14.948 114.060
15.162 114.099
15.219 114.121
15.289 113.903
15.321 114.057
15.366 114.077
15.461 114.147
15.501 114.103
15.542 114.157
15.737 114.036
15.914 114.144
15.976 114.131
16.281 113.945
16.341 114.070
16.375 114.153
16.437 114.050
16.469 114.099
16.511 114.046
16.579 114.022
16.650 114.022
16.673 114.029
16.755 114.113
16.804 114.170
16.836 114.280
16.848 114.137
16.860 113.838
16.913 113.878
16.985 114.151
16.985 114.008
17.029 113.958
17.035 113.997
17.093 114.342
17.152 114.151
17.241 114.200
17.533 114.000
17.566 114.147
17.698 114.286
17.713 113.916
17.739 114.016
17.772 114.062
17.967 113.955
17.977 113.983
18.015 113.966
18.050 113.822
18.054 113.931
18.266 114.014
18.271 113.936
18.298 114.237
18.410 113.867
18.411 114.208
18.472 113.968
18.563 114.157
18.612 114.060
18.677 113.727
18.746 114.036
18.801 113.708
18.831 113.972
18.987 114.126
19.002 114.075
19.059 113.959
19.081 113.950
19.082 114.113
19.163 113.740
19.244 113.879
19.262 113.884
19.363 113.782
19.367 113.994
19.466 113.846
19.528 113.849
19.561 113.848
19.590 113.988
19.727 113.912
19.749 113.918
19.755 113.908
19.848 113.782
19.887 113.902
19.925 113.824
19.973 113.949
19.993 113.762
20.051 113.792
20.057 113.858
20.166 113.764
20.172 113.942
20.187 113.831
20.225 113.707
20.262 113.758
20.310 113.796
20.325 113.939
20.331 113.811
20.353 113.828
20.390 113.897
20.396 113.661
20.602 114.036
20.602 113.976
20.605 113.839
20.607 113.737
20.619 113.826
20.636 113.718
20.665 113.795
20.682 113.879
20.683 113.961
20.687 113.842
20.694 113.826
20.745 113.957
20.868 113.946
20.929 113.893
20.974 113.768
20.977 113.849
21.013 113.581
21.155 113.818
21.170 113.724
21.174 113.854
21.178 113.746
21.234 113.719
21.237 113.581
21.291 113.814
21.377 113.879
21.380 113.748
21.387 113.791
21.403 113.837
21.466 113.873
21.553 113.883
21.556 113.793
21.587 113.786
21.695 113.834
21.698 113.761
21.710 113.887
21.715 113.784
21.739 113.855
21.740 113.903
21.741 113.650
21.818 113.777
21.836 113.840
21.893 113.859
21.895 113.689
21.907 113.869
21.923 113.819
21.961 113.758
21.981 113.895
22.032 113.797
22.073 113.870
22.131 113.828
22.266 113.896
22.356 113.950
22.359 113.813
22.372 113.825
22.373 113.833
22.405 113.770
22.418 113.752
22.424 113.765
22.434 114.024
22.492 113.886
22.517 113.858
22.530 113.702
22.562 113.822
22.609 113.857
22.672 113.851
22.692 113.730
22.725 113.843
22.803 113.724
22.829 113.979
22.837 113.902
22.851 113.857
22.930 113.739
22.933 113.648
23.006 113.844
23.063 113.640
23.153 113.976
23.159 113.806
23.279 113.716
23.382 113.797
23.389 113.974
23.409 113.824
23.435 113.773
23.446 113.682
23.453 113.639
23.670 113.831
23.709 113.795
23.710 113.930
23.729 113.719
23.732 113.681
23.784 113.691
23.882 113.563
23.905 113.880
23.953 113.583
23.956 113.711
24.012 113.775
24.013 113.837
24.034 113.838
24.041 114.058
24.093 113.687
24.115 113.838
24.138 113.875
24.138 113.825
24.185 113.634
24.207 113.717
24.227 113.758
24.241 113.908
24.264 113.790
24.295 113.833
24.324 113.618
24.391 113.767
24.408 114.116
24.411 113.778
24.427 113.744
24.505 113.804
24.529 113.740
24.594 113.668
24.629 113.970
24.638 113.890
24.643 113.920
24.721 113.844
24.740 113.759
24.753 113.671
24.754 113.991
24.798 113.877
24.873 113.980
24.948 113.673
24.962 113.779
24.964 113.590
25.020 113.729
25.021 113.712
25.086 113.649
25.141 113.693
25.144 113.788
25.147 113.997
25.150 113.674
25.187 113.575
25.192 113.606
25.251 113.815
25.252 113.511
25.279 113.782
25.357 113.766
25.386 113.757
25.440 113.641
25.496 113.675
25.505 113.599
25.509 113.643
25.545 113.478
25.546 113.610
25.547 113.946
25.557 113.909
25.587 113.859
25.607 113.842
25.695 113.753
25.707 113.938
25.736 113.711
25.860 113.804
25.870 113.789
25.892 113.822
25.907 113.599
25.971 113.898
26.044 113.735
26.058 113.654
26.064 113.666
26.077 113.652
26.111 113.630
26.170 113.747
26.188 113.736
26.209 113.743
26.249 113.661
26.256 113.877
26.258 113.967
26.282 113.683
26.294 113.643
26.365 113.689
26.440 113.716
26.547 113.814
26.571 113.896
26.655 113.784
26.751 113.672
26.760 113.750
26.767 113.702
26.791 113.683
26.817 113.773
26.858 113.907
26.867 113.872
26.870 113.703
26.874 113.864
26.888 113.815
26.890 113.782
26.953 113.491
26.996 113.880
27.015 113.710
27.077 113.692
27.081 113.767
27.110 113.754
27.143 113.773
27.153 113.705
27.161 113.777
27.161 113.680
27.329 113.726
27.346 113.639
27.379 113.726
27.394 113.842
27.413 113.576
27.640 113.727
27.679 113.526
27.688 113.561
27.755 113.499
27.757 113.848
27.772 113.653
27.782 113.645
27.909 113.638
27.960 113.658
28.010 113.565
28.034 113.734
28.035 113.877
28.070 113.875
28.116 113.731
28.228 113.646
28.244 113.885
28.277 113.898
28.300 113.623
28.328 113.644
28.352 113.757
28.443 113.800
28.487 113.795
28.493 113.711
28.552 113.523
28.572 113.852
28.594 113.659
28.634 113.637
28.730 113.557
28.779 113.550
28.799 113.669
28.906 113.748
28.928 113.630
29.005 113.552
29.090 113.647
29.122 113.774
29.171 113.724
29.216 113.525
29.314 113.585
29.324 113.742
29.329 113.508
29.330 113.679
29.403 113.540
29.458 113.698
29.479 113.629
29.563 113.619
29.612 113.640
29.671 113.504
29.701 113.731
29.774 113.503
29.814 113.549
29.853 113.687
29.860 113.640
29.870 113.725
29.870 113.605
29.896 113.582
29.916 113.766
30.088 113.565
30.149 113.605
30.198 113.849
30.200 113.646
30.202 113.540
30.220 113.556
30.302 113.724
30.313 113.767
30.364 113.500
30.374 113.545
30.498 113.768
30.530 113.741
30.631 113.493
30.645 113.619
30.862 113.881
30.887 113.423
30.906 113.730
30.912 113.437
30.922 113.816
30.996 113.745
31.062 113.705
31.074 113.497
31.116 113.789
31.127 113.690
31.128 113.562
31.149 113.581
31.218 113.713
31.391 113.713
31.398 113.677
31.434 113.750
31.552 113.571
31.588 113.543
31.602 113.522
31.634 113.696
31.696 113.663
31.716 113.622
31.881 113.544
31.966 113.634
32.022 113.513
32.064 113.682
32.110 113.849
32.223 113.521
32.388 113.613
32.438 113.445
32.452 113.463
32.473 113.708
32.486 113.538
32.608 113.612
32.623 113.569
32.642 113.573
32.807 113.644
32.898 113.671
33.000 113.700
33.036 113.598
33.324 113.445
33.516 113.676
33.517 113.504
33.734 113.919
33.758 113.619
34.336 113.634
34.488 113.556
34.765 113.557
34.863 113.905
34.916 113.778
34.941 113.600
34.973 113.675
35.121 113.625
35.170 113.827
35.786 113.651
35.797 113.419
35.901 113.536
36.018 113.694
36.247 113.571
36.266 113.682
37.350 113.814
38.100 113.747
38.432 113.844
41.954 113.635
43.053 113.514
