# Ep lEiso
28.805 121.219
33.328 121.113
39.526 121.316
41.275 121.302
42.166 121.231
43.435 121.108
44.224 121.171
44.920 121.241
45.738 121.079
45.766 121.077
46.262 121.076
47.124 121.017
47.442 120.964
48.099 120.801
48.571 120.828
48.755 120.855
49.552 120.709
49.679 120.778
49.984 120.794
50.065 120.622
50.283 120.695
50.320 120.720
50.461 120.842
50.693 120.716
50.888 120.670
51.111 120.582
51.120 120.757
51.257 120.642
51.372 120.666
51.459 120.609
52.263 120.763
52.301 120.441
52.365 120.513
52.610 120.852
52.904 120.548
52.935 120.425
53.294 120.848
53.466 120.763
53.483 120.494
53.706 120.821
53.805 120.597
53.885 120.635
54.028 120.840
54.054 120.483
54.092 120.624
54.190 120.794
54.420 120.483
54.779 120.826
54.808 120.728
54.829 120.550
54.861 120.717
54.921 120.790
55.070 120.626
55.131 120.622
55.311 120.785
55.336 120.609
55.416 120.585
55.884 120.871
55.973 120.624
56.262 120.479
56.263 120.489
56.420 120.544
56.541 120.562
56.745 120.639
56.757 120.468
56.908 120.513
56.999 120.762
57.293 120.976
57.322 120.816
57.425 120.743
57.578 120.563
57.580 120.560
57.617 120.740
57.684 120.624
57.801 120.507
57.869 120.663
57.910 120.845
58.086 120.648
58.216 120.692
58.221 120.707
58.304 120.602
58.331 120.858
58.368 120.797
58.449 120.692
58.545 120.675
58.588 120.661
58.627 120.633
58.838 120.733
58.864 120.646
58.902 120.651
58.941 120.670
59.033 120.798
59.041 120.762
59.052 120.835
59.195 120.834
59.231 120.712
59.332 120.810
59.554 120.842
59.630 120.833
59.633 120.704
59.704 120.604
59.711 120.577
59.718 120.521
59.729 120.668
59.754 120.628
59.791 120.809
59.800 120.678
59.886 120.630
59.976 120.627
60.004 120.537
60.050 120.595
60.055 120.536
60.106 120.687
60.171 120.649
60.179 120.703
60.221 120.725
60.271 120.865
60.708 120.612
60.714 120.872
60.770 120.742
60.842 120.620
60.861 120.725
60.876 120.713
60.943 120.497
60.980 120.766
61.001 120.780
61.190 120.517
61.210 120.625
61.262 120.783
61.342 120.652
61.380 120.652
61.473 120.587
61.511 120.673
61.582 120.461
61.592 120.657
61.742 120.655
61.761 120.863
61.905 120.679
61.913 120.603
61.999 120.834
62.059 120.762
62.075 120.834
62.089 120.737
62.228 120.734
62.246 120.768
62.266 120.619
62.430 120.550
62.450 120.683
62.687 120.660
62.699 120.726
62.700 120.896
62.928 120.699
62.973 120.484
63.047 120.613
63.131 120.569
63.259 120.672
63.303 120.602
63.313 120.827
63.454 120.660
63.495 120.750
63.521 120.683
63.587 120.693
63.592 120.793
63.647 120.498
63.676 120.710
63.802 120.681
63.894 120.724
64.163 120.724
64.189 120.756
64.243 120.749
64.274 120.708
64.339 120.666
64.343 120.632
64.494 120.578
64.534 120.896
64.553 120.651
64.604 120.808
64.610 120.937
64.659 120.765
64.683 120.846
64.736 120.723
64.841 120.874
64.861 120.533
64.891 120.664
64.896 120.753
65.055 120.675
65.173 120.772
65.220 120.912
65.235 120.879
65.325 120.668
65.360 120.749
65.398 120.721
65.399 120.709
65.445 120.725
65.585 120.626
65.663 120.934
65.739 120.796
65.781 120.662
65.809 120.665
65.829 120.646
65.846 120.792
65.873 120.834
66.019 120.756
66.061 120.819
66.146 120.892
66.166 120.729
66.175 120.621
66.220 120.723
66.271 120.673
66.306 120.575
66.364 120.847
66.384 120.978
66.418 120.767
66.577 120.705
66.682 120.583
66.706 120.666
66.711 120.589
66.738 120.933
66.792 120.912
66.813 120.779
66.936 120.807
67.332 120.637
67.345 120.789
67.366 120.650
67.370 120.734
67.490 120.760
67.540 120.948
67.573 120.710
67.574 120.654
67.605 120.777
67.787 120.731
67.796 120.631
67.826 120.807
68.062 120.648
68.169 120.718
68.246 120.822
68.457 120.775
68.599 120.865
68.615 120.769
68.744 120.743
68.763 120.718
68.864 120.736
68.877 120.839
68.933 120.697
68.953 120.634
68.955 120.745
69.058 120.761
69.135 120.762
69.353 120.638
69.357 120.539
69.453 120.846
69.525 120.704
69.531 120.599
69.706 120.897
69.707 120.759
69.709 120.799
69.745 120.651
69.760 120.830
69.828 120.705
69.883 120.769
69.903 120.736
69.908 120.697
69.954 120.744
70.174 120.661
70.470 120.871
70.473 120.812
70.523 120.680
70.693 120.712
70.728 120.881
70.749 120.904
70.769 120.740
70.841 120.660
70.915 120.663
70.922 120.693
70.934 120.875
70.953 120.939
71.078 120.722
71.137 120.882
71.215 120.654
71.234 120.702
71.239 120.915
71.257 120.702
71.291 120.623
71.348 120.755
71.416 120.664
71.450 120.878
71.512 120.567
71.533 120.818
71.711 120.680
71.715 120.766
71.792 120.720
71.794 120.643
71.971 120.857
72.183 120.834
72.245 120.984
72.355 120.601
72.529 120.721
72.589 120.961
72.866 120.682
72.983 120.670
73.008 120.674
73.017 120.852
73.093 120.806
73.172 120.946
73.190 120.633
73.270 120.886
73.299 120.694
73.440 120.645
73.446 120.715
73.452 120.629
73.550 120.740
73.605 120.954
73.630 120.919
73.677 120.744
73.741 120.703
73.810 120.724
73.860 120.629
73.954 120.844
73.958 120.911
73.968 120.815
74.286 120.787
74.350 120.815
74.583 121.016
74.590 120.691
74.684 120.665
74.728 120.790
74.878 120.809
74.917 120.889
74.959 120.787
74.980 120.645
74.983 120.869
74.986 120.766
75.021 120.732
75.049 120.802
75.065 120.686
75.116 120.945
75.298 120.906
75.468 120.849
75.511 120.749
75.622 120.810
75.702 120.793
75.831 120.846
75.832 120.868
75.911 120.899
75.964 120.738
76.042 120.787
76.115 120.639
76.118 120.801
76.149 120.716
76.231 120.837
76.261 120.727
76.269 120.860
76.294 120.732
76.384 120.688
76.441 120.699
76.489 120.886
76.668 120.778
76.706 120.899
76.917 120.709
76.928 120.914
77.066 120.832
77.082 120.726
77.115 120.874
77.118 121.020
77.130 120.715
77.176 120.857
77.275 120.712
77.677 120.733
77.702 120.673
77.704 120.819
77.888 120.756
78.116 120.711
78.158 120.962
78.226 121.049
78.240 121.009
78.296 120.762
78.325 120.990
78.345 120.721
78.348 120.701
78.561 120.665
78.825 120.962
78.902 120.866
78.986 120.660
79.112 120.880
79.174 120.788
79.189 121.001
79.399 120.971
79.551 120.852
79.657 120.835
79.760 120.807
79.832 120.677
79.844 120.941
79.862 120.668
79.935 120.788
80.022 120.931
80.110 120.803
80.167 120.794
80.202 120.855
80.238 120.837
80.257 120.771
80.257 121.013
80.386 120.799
80.407 120.787
80.435 120.960
80.473 120.838
80.619 120.842
80.646 120.748
80.661 120.633
80.771 120.775
80.819 120.891
80.873 120.797
80.991 120.998
81.039 120.882
81.119 121.022
81.545 120.893
81.587 120.932
81.666 120.831
81.714 120.815
81.731 120.924
81.748 120.819
81.784 120.938
81.880 120.829
82.081 120.757
82.147 120.726
82.161 120.898
82.165 120.991
82.181 120.709
82.207 120.774
82.260 120.901
82.270 120.831
82.272 120.928
82.273 120.759
82.341 120.849
82.376 120.734
82.569 120.923
82.654 120.995
82.671 120.848
82.698 120.841
82.721 120.704
82.814 120.763
82.833 120.901
82.890 120.999
82.898 121.002
82.910 120.727
83.147 120.713
83.160 120.787
83.376 120.843
83.384 120.766
83.394 121.047
83.485 120.841
83.488 120.706
83.616 120.935
83.661 120.915
83.669 120.701
83.690 120.783
83.790 120.726
83.889 120.744
83.922 120.887
83.958 120.794
84.020 120.994
84.150 120.857
84.294 120.823
84.327 120.970
84.358 120.894
84.424 120.876
84.494 120.938
84.592 120.944
84.777 120.780
84.888 120.779
84.926 120.679
84.994 121.015
85.004 120.916
85.157 120.824
85.173 120.998
85.298 120.919
85.364 120.930
85.501 120.766
85.693 120.862
85.815 120.933
85.894 120.769
86.027 120.879
86.027 120.840
86.041 120.890
86.064 120.829
86.231 120.703
86.249 120.797
86.765 120.797
86.771 120.987
86.805 120.907
86.987 121.034
87.183 120.741
87.199 120.831
87.234 121.121
87.269 121.015
87.282 120.951
87.414 120.838
87.489 120.744
87.582 120.787
87.609 120.849
87.642 120.779
87.671 120.788
87.682 120.937
87.689 120.967
87.702 120.881
87.744 120.878
87.791 120.966
88.098 120.782
88.175 120.791
88.191 120.881
88.462 120.950
88.487 120.788
88.556 120.783
88.640 120.868
88.682 120.838
89.142 120.907
89.161 120.865
89.191 120.932
89.368 120.925
89.434 121.069
89.662 120.835
89.912 121.021
89.925 120.818
90.031 121.095
90.246 120.833
90.397 120.862
90.451 120.854
90.598 120.961
90.708 120.847
90.759 120.774
90.783 120.882
90.845 120.968
91.102 120.902
91.138 120.909
91.209 120.910
91.287 121.080
91.314 120.779
91.368 120.729
91.454 120.966
91.636 120.909
91.665 120.940
91.682 120.847
91.689 120.823
91.690 120.919
91.724 121.086
91.736 120.791
91.888 120.841
91.993 120.901
92.026 120.976
92.219 121.037
92.502 120.968
92.531 120.874
92.590 120.873
92.685 121.059
92.769 120.929
92.785 120.885
93.120 121.019
93.212 120.913
93.406 120.929
93.422 120.945
93.445 121.027
93.454 120.859
93.468 120.887
93.491 120.781
93.564 120.889
93.750 121.012
93.770 121.074
93.786 120.891
93.819 120.854
93.999 120.825
94.056 120.878
94.440 120.921
94.544 121.038
94.669 120.788
94.728 120.902
94.808 120.919
94.993 120.971
95.073 120.809
95.156 120.978
95.548 120.896
95.905 120.973
96.030 120.932
96.644 120.844
96.763 120.928
96.832 120.983
96.958 120.916
97.022 120.949
97.106 120.915
97.248 120.902
97.396 120.906
97.445 120.911
97.615 120.969
97.716 121.008
97.784 121.080
97.808 121.044
97.833 120.797
97.944 120.825
98.094 121.003
98.095 121.089
98.185 120.882
98.198 120.907
98.318 121.130
98.449 120.904
98.662 121.044
99.358 120.925
99.435 121.090
99.767 121.109
99.807 120.872
99.872 120.937
99.956 120.967
100.452 120.895
100.479 120.914
100.576 120.902
100.665 120.801
100.675 120.877
101.216 120.935
101.228 120.878
101.297 121.100
101.582 120.983
101.584 121.083
101.740 120.899
101.971 121.049
102.100 120.974
102.279 120.925
102.470 120.972
102.627 120.862
102.723 120.932
103.228 121.079
103.276 120.912
103.460 120.955
103.531 120.951
103.534 121.082
103.797 120.993
104.059 120.919
104.116 120.925
104.441 120.858
104.454 121.027
104.775 120.924
104.974 120.935
105.091 120.936
105.190 120.955
105.667 120.997
105.745 121.004
105.766 120.996
106.089 120.902
106.227 121.000
106.359 120.940
106.526 121.043
106.594 120.896
106.799 120.923
106.819 120.976
107.198 120.909
107.219 121.049
107.273 120.963
107.406 120.868
107.533 120.910
107.719 120.943
107.780 121.057
107.806 120.956
107.897 120.971
108.056 121.027
108.081 120.841
108.998 121.142
109.000 121.094
109.011 120.985
109.022 120.904
109.076 120.825
109.149 120.890
109.280 120.952
109.356 121.019
109.360 121.084
109.375 120.990
109.409 120.977
109.633 121.082
110.184 121.077
110.452 121.035
110.653 120.935
110.666 121.001
110.826 120.784
111.464 120.979
111.534 120.902
111.550 121.009
111.572 120.920
111.834 120.899
111.850 120.785
112.103 120.979
112.509 121.034
112.522 120.925
112.555 120.961
112.631 120.999
112.929 121.031
113.337 121.041
113.349 120.965
113.496 120.960
114.078 121.004
114.098 120.941
114.167 121.050
114.196 120.961
114.335 121.023
114.341 121.065
114.343 121.047
114.790 120.958
114.890 121.013
115.231 121.032
115.244 120.882
115.317 121.041
115.410 120.998
115.638 120.945
115.762 121.067
116.066 120.981
116.315 121.049
116.662 121.012
117.474 121.080
118.017 121.135
118.036 121.006
118.112 121.017
118.118 121.025
118.310 120.966
118.388 120.949
118.428 120.962
118.486 121.209
118.837 121.080
118.994 121.054
119.075 121.151
119.274 121.129
119.570 121.055
119.962 121.051
120.090 121.146
120.291 121.045
120.780 120.936
120.944 121.175
120.993 121.186
121.093 121.062
121.711 120.971
121.736 120.997
122.300 121.057
122.751 120.874
123.465 121.183
123.518 121.031
124.477 120.962
125.296 121.039
125.351 121.189
125.513 121.063
125.721 121.023
125.808 121.001
125.868 120.912
127.617 121.077
127.936 121.049
127.949 121.156
128.101 120.988
128.126 120.958
128.550 120.967
129.348 121.040
129.535 121.116
129.935 121.223
129.957 121.125
130.528 121.036
130.534 121.083
130.754 121.086
130.837 121.253
131.375 121.055
131.613 121.094
131.847 121.122
131.849 121.086
132.347 121.086
132.574 121.015
132.789 121.047
132.938 121.155
133.177 121.201
133.507 121.106
133.804 121.129
134.515 121.069
134.696 121.308
134.729 121.220
134.894 121.056
135.720 121.100
135.983 121.059
136.672 121.135
137.043 121.218
137.138 121.165
137.194 121.185
138.015 121.229
138.224 121.082
138.363 121.172
138.368 121.237
138.838 121.162
139.649 121.231
140.453 121.023
140.605 121.095
140.628 121.067
141.261 121.060
141.269 121.048
142.174 121.007
142.934 121.058
142.986 121.121
143.021 121.256
143.064 121.050
143.586 121.138
143.648 121.024
144.471 121.174
144.494 120.990
144.864 121.163
145.956 121.177
146.356 121.174
147.118 121.108
147.897 121.128
148.022 121.086
148.079 121.111
148.582 121.019
148.608 121.093
148.621 121.281
148.754 121.260
149.182 121.232
149.459 121.223
150.704 121.173
150.859 121.274
151.268 121.151
153.021 121.201
153.166 121.193
153.465 121.159
153.687 121.094
154.585 121.249
155.820 121.168
156.063 121.127
156.177 121.134
156.418 121.128
157.060 121.119
158.136 121.181
158.476 121.176
158.874 121.181
159.598 121.142
159.737 121.250
159.769 121.295
160.216 121.155
160.434 121.135
161.751 121.162
163.139 121.179
165.115 121.233
165.566 121.274
167.119 121.219
168.885 121.174
169.052 121.212
169.172 121.189
169.612 121.181
170.097 121.226
170.857 121.293
171.016 121.277
171.069 121.195
171.156 121.273
171.409 121.298
171.446 121.234
172.627 121.096
173.679 121.287
174.136 121.206
175.643 121.201
175.744 121.239
176.440 121.243
177.253 121.265
177.487 121.227
177.683 121.268
177.690 121.214
182.038 121.249
182.516 121.202
183.421 121.251
183.849 121.316
184.356 121.171
190.617 121.267
191.668 121.162
191.909 121.181
193.732 121.152
193.805 121.337
194.207 121.235
194.487 121.231
198.878 121.235
200.722 121.249
202.528 121.205
203.383 121.293
203.422 121.365
204.666 121.366
206.323 121.296
210.301 121.260
210.887 121.379
212.050 121.387
212.864 121.253
213.843 121.265
214.693 121.321
217.870 121.346
219.397 121.346
219.607 121.307
221.662 121.376
222.358 121.377
223.113 121.287
224.476 121.280
228.895 121.255
231.175 121.258
232.077 121.318
236.925 121.365
237.935 121.310
241.429 121.279
245.240 121.330
246.641 121.392
248.762 121.372
250.750 121.282
255.020 121.316
255.456 121.390
255.695 121.282
255.725 121.361
258.882 121.302
261.198 121.377
262.070 121.347
266.324 121.349
269.131 121.362
272.529 121.343
274.261 121.408
278.301 121.384
280.479 121.336
282.650 121.399
282.994 121.379
283.545 121.416
283.585 121.364
284.969 121.356
286.089 121.437
295.496 121.428
298.716 121.382
301.218 121.487
301.328 121.402
301.411 121.358
302.332 121.366
306.527 121.440
307.081 121.459
309.688 121.351
310.188 121.370
316.492 121.468
318.661 121.460
325.900 121.413
326.839 121.420
341.547 121.546
343.264 121.363
344.562 121.489
344.950 121.371
345.657 121.525
350.708 121.503
355.188 121.493
355.949 121.409
358.823 121.422
359.563 121.492
359.619 121.440
360.870 121.449
365.075 121.506
375.448 121.441
375.893 121.502
378.074 121.533
385.119 121.469
387.296 121.459
388.156 121.452
390.105 121.522
395.302 121.513
397.297 121.498
411.516 121.476
418.581 121.517
423.313 121.472
426.779 121.541
430.572 121.609
439.986 121.485
453.786 121.529
457.916 121.465
459.107 121.473
460.859 121.571
461.823 121.504
470.056 121.538
471.092 121.522
472.388 121.524
483.491 121.558
489.626 121.572
496.502 121.587
499.631 121.548
536.229 121.583
555.141 121.600
555.197 121.528
576.044 121.710
578.319 121.633
633.846 121.607
644.237 121.575
670.996 121.585
686.033 121.756
694.174 121.701
698.057 121.698
702.967 121.656
725.824 121.642
733.386 121.748
813.316 121.694
814.385 121.565
824.238 121.633
835.396 121.727
857.106 121.665
858.870 121.730
1035.264 121.854
1152.858 121.830
1204.847 121.903
1833.246 121.837
2041.117 121.721
