# Ep lEiso
221.602 -7.022
227.930 -7.011
246.189 -6.948
253.231 -6.920
255.614 -6.907
259.771 -6.909
262.357 -6.864
264.638 -6.850
268.141 -6.877
268.279 -6.883
270.397 -6.862
273.043 -6.862
274.020 -6.838
276.036 -6.843
277.995 -6.828
278.805 -6.820
282.319 -6.830
282.876 -6.816
284.207 -6.809
284.462 -6.834
285.153 -6.821
285.269 -6.826
285.716 -6.797
286.451 -6.814
287.068 -6.818
287.995 -6.829
288.032 -6.804
288.618 -6.820
289.110 -6.816
289.480 -6.823
292.917 -6.798
293.079 -6.804
293.351 -6.804
294.399 -6.784
295.657 -6.801
295.789 -6.812
297.324 -6.781
297.958 -6.790
298.029 -6.786
299.006 -6.778
299.441 -6.806
299.790 -6.794
300.418 -6.782
300.532 -6.785
300.700 -6.798
301.128 -6.773
302.136 -6.789
303.709 -6.759
303.834 -6.772
303.928 -6.797
304.067 -6.773
304.331 -6.762
304.983 -6.783
305.248 -6.783
306.040 -6.756
306.149 -6.781
306.496 -6.784
308.713 -6.733
309.187 -6.768
310.522 -6.757
310.525 -6.755
311.237 -6.776
311.788 -6.772
312.713 -6.758
312.768 -6.736
313.454 -6.763
313.866 -6.735
315.201 -6.696
315.332 -6.722
315.802 -6.733
316.497 -6.762
316.503 -6.762
316.672 -6.732
316.977 -6.751
317.514 -6.769
317.871 -6.742
318.085 -6.711
319.010 -6.726
319.688 -6.734
319.717 -6.731
320.151 -6.748
320.291 -6.738
320.462 -6.715
320.842 -6.732
321.294 -6.734
321.494 -6.736
321.676 -6.740
322.666 -6.721
322.788 -6.735
322.967 -6.734
323.149 -6.731
323.584 -6.708
323.617 -6.714
323.670 -6.701
324.341 -6.700
324.512 -6.721
324.985 -6.703
326.026 -6.695
326.383 -6.727
326.398 -6.718
326.746 -6.735
326.782 -6.739
326.821 -6.749
326.875 -6.723
327.007 -6.703
327.201 -6.698
327.250 -6.720
327.697 -6.708
328.164 -6.710
328.313 -6.743
328.555 -6.732
328.581 -6.742
328.847 -6.715
329.187 -6.721
329.224 -6.711
329.448 -6.707
329.705 -6.688
331.848 -6.721
331.879 -6.672
332.151 -6.696
332.498 -6.718
332.587 -6.698
332.662 -6.700
332.987 -6.740
333.162 -6.688
333.264 -6.685
334.179 -6.733
334.276 -6.712
334.528 -6.680
334.915 -6.705
335.104 -6.705
335.585 -6.716
335.785 -6.698
336.156 -6.693
336.208 -6.701
336.986 -6.699
337.087 -6.656
337.837 -6.692
337.882 -6.707
338.330 -6.658
338.643 -6.672
338.721 -6.657
338.796 -6.677
339.493 -6.676
339.580 -6.669
339.682 -6.700
340.488 -6.712
340.586 -6.685
341.759 -6.688
341.814 -6.675
341.819 -6.641
342.955 -6.678
343.182 -6.680
343.562 -6.694
343.988 -6.702
344.645 -6.681
344.868 -6.693
344.919 -6.651
345.639 -6.681
345.846 -6.664
345.980 -6.677
346.319 -6.674
346.345 -6.656
346.622 -6.709
346.771 -6.670
347.397 -6.674
347.850 -6.665
349.170 -6.663
349.301 -6.657
349.563 -6.657
349.724 -6.664
350.061 -6.671
350.083 -6.678
350.862 -6.686
351.070 -6.628
351.167 -6.673
351.432 -6.643
351.464 -6.620
351.717 -6.651
351.838 -6.636
352.115 -6.658
352.656 -6.629
352.759 -6.674
352.914 -6.668
352.939 -6.651
353.764 -6.664
354.363 -6.645
354.604 -6.651
354.679 -6.625
355.130 -6.664
355.310 -6.648
355.498 -6.638
355.504 -6.655
355.735 -6.652
356.456 -6.669
356.861 -6.610
357.254 -6.635
357.469 -6.660
357.613 -6.659
357.718 -6.662
357.805 -6.634
357.945 -6.626
358.696 -6.656
358.911 -6.626
359.350 -6.611
359.457 -6.642
359.500 -6.663
359.733 -6.642
359.997 -6.652
360.176 -6.670
360.474 -6.617
360.576 -6.592
360.749 -6.632
361.558 -6.643
362.091 -6.666
362.215 -6.650
362.238 -6.664
362.380 -6.599
362.651 -6.603
362.762 -6.628
363.388 -6.622
365.410 -6.651
365.475 -6.623
365.583 -6.649
365.602 -6.633
366.215 -6.628
366.469 -6.593
366.637 -6.636
366.642 -6.646
366.804 -6.624
367.735 -6.630
367.782 -6.649
367.938 -6.616
369.149 -6.606
369.697 -6.630
370.092 -6.610
371.179 -6.617
371.906 -6.597
371.986 -6.615
372.648 -6.619
372.742 -6.623
373.261 -6.618
373.324 -6.598
373.615 -6.625
373.714 -6.637
373.723 -6.615
374.254 -6.610
374.644 -6.609
375.763 -6.631
375.779 -6.650
376.270 -6.589
376.639 -6.616
376.670 -6.637
377.561 -6.577
377.566 -6.604
377.573 -6.596
377.757 -6.625
377.837 -6.590
378.182 -6.614
378.460 -6.601
378.565 -6.607
378.587 -6.614
378.824 -6.605
379.946 -6.619
381.449 -6.576
381.463 -6.587
381.715 -6.612
382.580 -6.605
382.757 -6.572
382.863 -6.567
382.965 -6.599
383.332 -6.614
383.704 -6.604
383.741 -6.596
383.803 -6.574
383.898 -6.561
384.527 -6.587
384.825 -6.574
385.224 -6.574
385.319 -6.580
385.342 -6.569
385.437 -6.611
385.607 -6.584
385.897 -6.601
386.236 -6.600
386.411 -6.574
386.724 -6.577
386.825 -6.584
387.727 -6.607
387.747 -6.590
388.148 -6.597
388.156 -6.612
389.077 -6.566
390.151 -6.568
390.464 -6.537
391.012 -6.613
391.886 -6.589
392.186 -6.541
393.570 -6.594
394.149 -6.595
394.271 -6.594
394.316 -6.558
394.695 -6.566
395.086 -6.537
395.175 -6.599
395.569 -6.548
395.713 -6.586
396.408 -6.595
396.440 -6.581
396.469 -6.598
396.953 -6.575
397.228 -6.531
397.352 -6.538
397.586 -6.572
397.900 -6.580
398.243 -6.576
398.492 -6.594
398.950 -6.552
398.970 -6.539
399.023 -6.558
400.736 -6.560
401.092 -6.552
402.403 -6.516
402.442 -6.581
402.970 -6.585
403.220 -6.559
404.057 -6.553
404.274 -6.536
404.510 -6.556
404.626 -6.584
404.644 -6.539
404.658 -6.560
404.853 -6.567
405.012 -6.553
405.101 -6.576
405.385 -6.522
406.287 -6.528
407.112 -6.540
407.324 -6.560
407.859 -6.545
408.246 -6.548
408.869 -6.536
408.878 -6.531
409.260 -6.524
409.522 -6.556
409.902 -6.546
410.258 -6.576
410.272 -6.543
410.424 -6.560
410.819 -6.567
410.962 -6.556
411.004 -6.529
411.122 -6.555
411.555 -6.563
411.832 -6.561
412.062 -6.523
412.919 -6.543
413.101 -6.517
414.115 -6.553
414.167 -6.510
414.824 -6.528
414.897 -6.549
415.056 -6.519
415.072 -6.489
415.127 -6.552
415.348 -6.522
415.818 -6.550
417.722 -6.544
417.841 -6.557
417.850 -6.526
418.723 -6.541
419.798 -6.549
419.994 -6.497
420.310 -6.478
420.378 -6.486
420.641 -6.537
420.778 -6.489
420.867 -6.545
420.882 -6.549
421.885 -6.554
423.113 -6.491
423.470 -6.511
423.856 -6.553
424.442 -6.505
424.730 -6.524
424.798 -6.478
425.779 -6.479
426.468 -6.503
426.948 -6.504
427.420 -6.510
427.751 -6.540
427.808 -6.479
427.887 -6.541
428.224 -6.514
428.622 -6.482
429.026 -6.511
429.287 -6.513
429.446 -6.499
429.612 -6.503
429.700 -6.518
429.702 -6.464
430.281 -6.512
430.375 -6.514
430.497 -6.477
430.666 -6.503
431.328 -6.501
431.450 -6.521
431.517 -6.546
432.015 -6.515
432.234 -6.490
432.474 -6.509
433.010 -6.466
433.227 -6.490
433.587 -6.460
435.493 -6.485
435.682 -6.476
436.035 -6.497
436.248 -6.500
436.324 -6.477
436.403 -6.499
436.561 -6.473
436.993 -6.496
437.892 -6.510
438.185 -6.516
438.248 -6.479
438.265 -6.521
438.339 -6.520
438.453 -6.505
438.689 -6.478
438.737 -6.493
438.745 -6.472
438.750 -6.508
439.052 -6.488
439.207 -6.513
440.052 -6.471
440.424 -6.455
440.494 -6.487
440.615 -6.488
440.711 -6.517
441.118 -6.504
441.198 -6.474
441.448 -6.470
441.480 -6.452
441.533 -6.511
442.564 -6.513
442.618 -6.497
443.557 -6.484
443.591 -6.501
443.633 -6.440
444.027 -6.484
444.043 -6.513
444.595 -6.463
444.792 -6.467
444.825 -6.513
444.918 -6.495
445.358 -6.507
445.778 -6.503
445.917 -6.472
446.069 -6.491
446.330 -6.448
446.878 -6.477
447.486 -6.484
447.625 -6.452
447.757 -6.468
448.038 -6.472
448.332 -6.458
448.747 -6.456
449.526 -6.491
449.997 -6.490
450.156 -6.511
450.446 -6.439
450.488 -6.460
451.135 -6.479
451.201 -6.442
451.738 -6.458
452.025 -6.456
452.585 -6.490
453.374 -6.468
453.870 -6.452
454.197 -6.486
454.740 -6.462
454.740 -6.470
454.798 -6.459
454.894 -6.472
455.578 -6.499
455.648 -6.488
457.765 -6.474
457.786 -6.433
457.928 -6.450
458.672 -6.421
459.501 -6.484
459.569 -6.464
459.705 -6.401
459.843 -6.424
459.897 -6.438
460.415 -6.462
460.713 -6.482
461.081 -6.473
461.187 -6.459
461.317 -6.474
461.433 -6.472
461.476 -6.440
461.504 -6.433
461.554 -6.452
461.721 -6.452
461.907 -6.433
463.119 -6.472
463.424 -6.431
463.487 -6.450
464.555 -6.434
464.654 -6.469
464.930 -6.470
465.262 -6.452
465.426 -6.458
467.242 -6.441
467.318 -6.451
467.440 -6.436
468.166 -6.436
468.414 -6.404
469.279 -6.454
470.225 -6.411
470.274 -6.477
470.674 -6.394
471.489 -6.450
472.060 -6.443
472.267 -6.444
472.824 -6.419
473.238 -6.434
473.434 -6.460
473.524 -6.436
473.757 -6.416
474.731 -6.429
474.869 -6.427
475.135 -6.426
475.431 -6.388
475.533 -6.455
475.738 -6.466
476.064 -6.412
476.756 -6.424
476.865 -6.417
476.929 -6.437
476.954 -6.442
476.957 -6.421
477.086 -6.383
477.134 -6.449
477.723 -6.437
478.104 -6.423
478.221 -6.406
478.920 -6.392
479.942 -6.406
480.044 -6.427
480.257 -6.427
480.601 -6.400
480.906 -6.414
480.964 -6.424
482.171 -6.392
482.505 -6.416
483.202 -6.412
483.260 -6.419
483.346 -6.389
483.376 -6.427
483.427 -6.421
483.511 -6.444
483.774 -6.420
484.445 -6.391
484.519 -6.435
484.574 -6.451
484.693 -6.427
485.346 -6.433
485.552 -6.420
486.938 -6.409
487.313 -6.404
487.763 -6.438
487.976 -6.412
488.263 -6.408
488.877 -6.396
489.142 -6.432
489.426 -6.394
490.762 -6.411
491.981 -6.393
492.410 -6.401
494.505 -6.419
494.913 -6.400
495.148 -6.387
495.577 -6.402
495.796 -6.436
496.085 -6.402
496.569 -6.404
497.075 -6.403
497.240 -6.402
497.822 -6.388
498.166 -6.379
498.398 -6.362
498.482 -6.370
498.567 -6.427
498.946 -6.420
499.458 -6.379
499.460 -6.359
499.768 -6.406
499.813 -6.401
500.222 -6.349
500.642 -6.376
501.277 -6.367
503.406 -6.393
503.656 -6.371
504.730 -6.349
504.859 -6.405
505.069 -6.390
505.338 -6.383
506.942 -6.400
507.029 -6.396
507.341 -6.399
507.631 -6.423
507.661 -6.370
509.409 -6.377
509.449 -6.405
509.670 -6.349
510.593 -6.379
510.598 -6.353
511.104 -6.400
511.849 -6.361
512.264 -6.381
512.845 -6.393
513.462 -6.381
513.947 -6.380
514.214 -6.375
515.608 -6.353
515.740 -6.364
516.249 -6.386
516.444 -6.387
516.454 -6.353
517.178 -6.377
517.901 -6.376
518.059 -6.384
518.964 -6.392
519.003 -6.368
519.979 -6.394
520.585 -6.368
520.941 -6.370
521.244 -6.357
522.694 -6.367
522.931 -6.365
522.995 -6.367
523.978 -6.326
524.397 -6.350
524.799 -6.358
525.307 -6.349
525.515 -6.388
526.140 -6.379
526.201 -6.365
527.354 -6.380
527.418 -6.342
527.582 -6.365
527.985 -6.389
528.374 -6.356
528.884 -6.367
529.040 -6.337
529.106 -6.363
529.337 -6.359
529.742 -6.343
529.806 -6.348
532.143 -6.307
532.148 -6.320
532.177 -6.348
532.205 -6.370
532.342 -6.390
532.529 -6.373
532.862 -6.356
533.056 -6.337
533.067 -6.320
533.105 -6.324
533.191 -6.348
533.762 -6.319
535.165 -6.318
535.850 -6.327
536.361 -6.352
536.394 -6.334
536.802 -6.390
538.481 -6.336
538.684 -6.356
538.728 -6.328
538.792 -6.372
539.544 -6.356
539.592 -6.385
540.317 -6.334
541.484 -6.318
541.520 -6.346
541.616 -6.337
541.833 -6.327
542.689 -6.354
543.862 -6.313
543.896 -6.333
544.317 -6.334
545.773 -6.321
545.821 -6.337
545.983 -6.309
546.052 -6.332
546.378 -6.316
546.393 -6.305
546.396 -6.362
547.448 -6.354
547.685 -6.317
548.486 -6.311
548.516 -6.350
548.689 -6.309
548.908 -6.320
549.445 -6.333
549.737 -6.301
550.450 -6.323
551.038 -6.304
551.855 -6.313
553.765 -6.294
555.043 -6.296
555.087 -6.312
555.267 -6.309
555.280 -6.307
555.732 -6.321
555.915 -6.326
556.011 -6.322
556.146 -6.258
556.974 -6.291
557.343 -6.333
557.533 -6.336
558.000 -6.305
558.697 -6.296
559.621 -6.296
559.921 -6.325
560.395 -6.297
561.681 -6.324
562.127 -6.262
562.261 -6.280
562.485 -6.328
563.837 -6.317
563.892 -6.338
565.126 -6.290
566.111 -6.337
567.672 -6.257
567.789 -6.295
569.886 -6.312
571.677 -6.291
571.797 -6.253
572.151 -6.284
572.605 -6.294
572.795 -6.314
572.927 -6.322
576.751 -6.278
577.450 -6.285
577.478 -6.258
577.809 -6.300
577.864 -6.307
578.791 -6.304
580.536 -6.328
580.947 -6.266
581.820 -6.323
581.868 -6.263
582.869 -6.285
582.880 -6.273
583.259 -6.272
583.401 -6.230
584.329 -6.298
584.739 -6.269
585.143 -6.262
585.146 -6.271
586.003 -6.270
586.395 -6.265
586.765 -6.279
587.022 -6.253
587.435 -6.241
588.040 -6.264
588.651 -6.258
590.114 -6.272
590.486 -6.213
590.556 -6.235
590.895 -6.275
592.595 -6.263
593.136 -6.273
594.555 -6.253
595.318 -6.232
595.514 -6.245
595.629 -6.240
597.319 -6.237
597.749 -6.264
598.035 -6.241
598.045 -6.225
599.013 -6.243
600.684 -6.225
602.339 -6.276
602.652 -6.258
602.699 -6.290
603.928 -6.266
603.941 -6.269
605.384 -6.278
606.598 -6.232
606.681 -6.248
606.737 -6.212
606.805 -6.266
607.638 -6.242
607.738 -6.273
609.050 -6.231
609.087 -6.281
609.678 -6.233
611.420 -6.227
612.059 -6.227
613.276 -6.245
614.519 -6.238
614.718 -6.250
614.810 -6.243
615.613 -6.270
615.654 -6.247
615.673 -6.191
615.887 -6.197
616.569 -6.205
617.011 -6.207
618.998 -6.220
619.246 -6.188
619.899 -6.226
623.241 -6.199
623.528 -6.201
624.120 -6.210
624.558 -6.230
626.336 -6.210
628.388 -6.193
628.757 -6.205
628.928 -6.203
629.292 -6.204
630.264 -6.204
631.890 -6.206
632.405 -6.178
633.007 -6.202
634.101 -6.185
634.311 -6.199
634.360 -6.132
635.036 -6.209
635.365 -6.191
637.357 -6.169
639.456 -6.200
642.443 -6.130
643.125 -6.196
645.472 -6.125
648.143 -6.135
648.395 -6.120
648.577 -6.185
649.242 -6.167
649.976 -6.111
651.125 -6.085
651.366 -6.090
651.445 -6.118
651.576 -6.090
651.960 -6.080
652.015 -6.103
653.770 -6.146
654.968 -6.076
655.489 -6.103
657.204 -6.142
657.319 -6.086
658.111 -6.083
659.037 -6.073
659.304 -6.085
659.526 -6.134
659.534 -6.089
665.826 -6.073
666.531 -6.112
667.868 -6.071
668.499 -6.143
669.247 -6.148
678.487 -6.059
680.038 -6.097
680.393 -6.090
683.085 -6.099
683.192 -6.031
683.785 -6.068
684.198 -6.069
689.257 -6.066
691.284 -6.060
693.270 -6.075
694.210 -6.040
694.252 -6.014
695.621 -6.013
697.443 -6.039
701.816 -6.091
702.461 -6.005
703.739 -6.001
704.634 -6.096
705.711 -6.048
706.646 -6.025
710.834 -6.015
713.125 -6.016
713.440 -6.032
716.522 -6.005
717.566 -6.005
718.700 -6.042
720.744 -6.046
725.664 -6.082
728.187 -6.074
729.184 -6.080
734.549 -6.086
735.667 -6.043
739.533 -6.059
743.751 -6.083
745.300 -6.014
747.648 -6.093
749.848 -6.064
754.573 -6.105
755.056 -6.060
755.320 -6.068
755.353 -6.033
758.847 -6.061
761.410 -6.051
762.375 -6.065
766.305 -6.064
768.928 -6.040
772.892 -6.064
774.911 -6.017
779.623 -6.072
782.163 -6.048
784.696 -6.031
785.097 -6.068
785.738 -6.039
785.786 -6.034
787.400 -6.037
788.705 -6.051
799.677 -6.031
803.431 -6.020
806.350 -6.024
806.478 -6.063
806.575 -6.030
807.649 -6.026
812.541 -5.991
813.188 -6.040
816.228 -6.030
816.811 -6.021
824.163 -6.042
826.098 -5.978
831.868 -6.019
832.617 -5.995
845.648 -5.936
847.768 -6.016
849.373 -5.959
849.852 -6.011
850.726 -5.942
856.966 -5.948
862.500 -5.992
863.441 -5.985
866.992 -5.930
867.907 -5.947
867.975 -5.969
869.521 -5.989
874.716 -5.991
887.533 -5.925
888.082 -5.930
890.777 -5.916
899.481 -5.937
902.171 -5.940
903.233 -5.942
905.641 -5.960
910.205 -5.913
911.721 -5.918
922.533 -5.921
927.904 -5.902
931.502 -5.917
934.137 -5.889
937.959 -5.860
949.956 -5.908
967.543 -5.872
972.807 -5.893
974.324 -5.889
976.557 -5.851
977.786 -5.875
988.278 -5.856
989.599 -5.861
991.251 -5.859
1005.400 -5.838
1013.219 -5.828
1021.982 -5.817
1025.042 -5.829
1049.744 -5.832
1068.323 -5.789
1068.393 -5.790
1094.223 -5.741
1097.041 -5.767
1165.842 -5.733
1178.716 -5.786
1201.499 -5.749
1209.520 -5.688
1216.230 -5.705
1220.458 -5.704
1225.805 -5.716
1250.690 -5.683
1258.924 -5.668
1345.950 -5.648
1347.113 -5.615
1357.840 -5.665
1369.989 -5.626
1393.627 -5.638
1395.547 -5.599
1579.231 -5.454
1675.163 -5.403
1749.781 -5.344
2454.665 -5.218
2711.024 -5.169
