# Ep lEiso
57.539 -10.734
62.059 -10.618
69.864 -10.323
71.887 -10.373
72.854 -10.585
75.057 -10.472
76.427 -10.194
77.480 -10.061
78.545 -10.640
78.587 -10.732
79.339 -10.495
80.643 -10.590
81.125 -10.257
82.118 -10.404
83.084 -10.543
83.483 -10.542
84.854 -10.433
85.047 -10.514
85.511 -10.180
85.634 -10.585
85.966 -10.386
86.021 -10.472
86.236 -10.021
86.589 -10.382
86.885 -10.381
87.330 -10.580
87.348 -10.527
87.630 -10.440
87.866 -10.385
88.043 -10.515
89.694 -10.432
89.772 -10.264
89.903 -10.553
90.402 -9.947
90.890 -10.265
90.941 -10.462
91.536 -9.947
91.844 -10.142
91.879 -10.483
92.355 -10.024
92.567 -10.533
92.737 -10.451
93.042 -10.196
93.098 -10.250
93.180 -10.481
93.389 -10.620
93.880 -10.433
94.646 -10.067
94.707 -10.278
94.753 -10.565
94.821 -10.304
94.949 -10.151
95.267 -10.506
95.396 -10.515
95.782 -10.178
95.835 -10.548
96.004 -10.485
96.993 -10.011
97.195 -10.524
97.851 -10.415
97.853 -10.383
98.209 -10.526
98.484 -10.522
98.946 -10.487
98.974 -10.189
99.317 -10.581
99.523 -10.215
100.191 -9.730
100.256 -10.086
100.491 -10.248
100.838 -10.455
100.842 -10.496
100.926 -10.251
101.078 -10.465
101.347 -10.192
101.525 -10.426
101.633 -10.456
102.079 -10.464
102.393 -10.367
102.406 -10.332
102.606 -10.478
102.673 -10.443
102.761 -10.497
102.957 -10.371
103.191 -10.411
103.294 -10.443
103.388 -10.507
103.899 -10.286
103.963 -10.482
104.055 -10.473
104.149 -10.429
104.373 -10.342
104.391 -10.348
104.418 -10.058
104.764 -10.065
104.853 -10.339
105.097 -10.122
105.634 -10.428
105.818 -10.480
105.826 -10.365
106.006 -10.364
106.024 -10.650
106.045 -10.420
106.073 -10.447
106.141 -10.188
106.241 -10.130
106.266 -10.422
106.497 -10.275
106.738 -10.319
106.815 -10.450
106.940 -10.436
106.953 -10.336
107.086 -10.398
107.254 -10.485
107.273 -10.362
107.383 -10.313
107.511 -10.083
108.639 -10.280
108.656 -9.974
108.802 -10.272
108.987 -10.553
109.035 -10.312
109.075 -10.340
109.248 -10.360
109.342 -10.389
109.396 -10.184
109.885 -10.357
109.937 -10.311
110.072 -10.174
110.279 -10.408
110.380 -10.373
110.637 -10.366
110.744 -10.431
110.942 -10.383
110.970 -10.469
111.386 -10.473
111.440 -10.480
111.837 -10.414
111.860 -10.592
112.095 -10.051
112.259 -10.216
112.300 -10.375
112.339 -10.274
112.720 -10.276
112.768 -10.196
112.824 -10.486
113.271 -10.288
113.325 -10.389
113.975 -10.435
114.005 -10.281
114.008 -9.883
114.636 -10.335
114.762 -10.358
114.973 -10.532
115.209 -10.399
115.572 -10.387
115.695 -10.377
115.724 -10.406
116.121 -10.413
116.235 -10.347
116.308 -10.359
116.494 -10.336
116.508 -10.005
116.661 -10.300
116.743 -10.296
117.097 -10.362
117.356 -10.264
118.109 -10.265
118.184 -10.334
118.334 -10.325
118.426 -10.303
118.619 -10.401
118.631 -10.157
119.076 -10.320
119.195 -9.881
119.250 -10.294
119.401 -10.087
119.420 -9.790
119.564 -10.312
119.633 -10.004
119.791 -10.289
120.101 -9.943
120.160 -10.152
120.248 -10.429
120.262 -10.224
120.734 -10.407
121.082 -10.185
121.223 -10.261
121.267 -9.938
121.532 -10.345
121.638 -10.244
121.748 -10.311
121.752 -10.339
121.887 -10.303
122.310 -10.159
122.548 -9.811
122.779 -10.132
122.905 -10.356
122.990 -10.208
123.051 -10.240
123.103 -10.300
123.185 -10.038
123.628 -10.257
123.755 -10.337
124.015 -9.898
124.078 -10.277
124.103 -10.313
124.241 -10.289
124.397 -10.406
124.503 -10.158
124.680 -10.250
124.741 -9.693
124.845 -10.182
125.332 -10.323
125.653 -10.430
125.727 -10.411
125.741 -10.259
125.826 -9.789
125.989 -9.838
126.056 -10.145
126.434 -10.379
127.661 -10.473
127.700 -10.120
127.766 -10.177
127.777 -10.249
128.151 -10.188
128.307 -9.756
128.410 -10.309
128.413 -10.245
128.513 -10.157
129.085 -10.274
129.114 -10.508
129.211 -10.168
129.963 -9.999
130.303 -9.835
130.548 -10.078
131.224 -10.188
131.680 -9.974
131.730 -10.199
132.149 -10.261
132.208 -10.319
132.536 -9.709
132.576 -10.035
132.760 -10.369
132.823 -10.317
132.828 -10.255
133.164 -10.217
133.410 -10.214
134.122 -10.210
134.133 -10.238
134.448 -10.018
134.684 -10.277
134.704 -10.270
135.275 -10.352
135.278 -10.221
135.283 -10.128
135.401 -10.227
135.452 -10.056
135.673 -10.349
135.853 -10.196
135.921 -10.274
135.936 -10.364
136.089 -10.251
136.817 -10.237
137.797 -10.264
137.807 -10.074
137.972 -10.382
138.539 -10.308
138.655 -9.913
138.725 -10.194
138.792 -10.242
139.033 -10.183
139.278 -10.302
139.303 -10.214
139.344 -9.937
139.406 -9.788
139.821 -10.249
140.017 -10.250
140.280 -9.949
140.343 -10.175
140.359 -9.879
140.422 -10.325
140.536 -10.067
140.730 -10.265
140.958 -10.276
141.075 -9.973
141.285 -10.203
141.353 -10.253
141.958 -10.239
141.971 -10.228
142.240 -10.331
142.246 -10.334
142.865 -10.135
143.590 -10.250
143.802 -9.695
144.174 -10.268
144.769 -10.321
144.973 -9.749
145.926 -10.134
146.325 -10.292
146.410 -10.264
146.441 -10.210
146.704 -10.120
146.976 -9.785
147.038 -10.241
147.313 -9.929
147.413 -10.164
147.898 -10.012
147.921 -10.324
147.941 -10.166
148.280 -10.252
148.473 -9.742
148.560 -10.204
148.725 -10.243
148.946 -10.340
149.185 -10.290
149.339 -10.214
149.621 -10.291
149.634 -9.844
149.667 -10.073
150.730 -10.140
150.952 -10.074
151.772 -9.652
151.796 -10.194
152.128 -10.115
152.284 -10.193
152.809 -10.146
152.946 -9.955
153.094 -10.199
153.167 -10.008
153.178 -10.108
153.187 -10.204
153.310 -10.019
153.410 -10.163
153.467 -9.807
153.650 -10.161
154.294 -9.904
154.896 -10.025
155.052 -10.266
155.443 -10.118
155.726 -10.160
156.184 -10.031
156.191 -9.978
156.472 -9.904
156.665 -10.293
156.944 -10.175
157.209 -10.319
157.220 -10.140
157.333 -10.188
157.626 -10.111
157.733 -10.319
157.764 -9.998
157.851 -10.308
158.173 -10.106
158.380 -10.291
158.552 -9.935
159.193 -10.197
159.330 -9.903
160.092 -10.206
160.132 -10.161
160.629 -10.052
160.684 -10.306
160.805 -9.949
160.816 -9.594
160.858 -10.330
161.025 -9.985
161.379 -10.047
162.836 -10.188
162.927 -9.927
162.934 -10.099
163.605 -10.056
164.437 -10.152
164.589 -9.787
164.833 -9.574
164.886 -9.672
165.090 -10.083
165.195 -9.717
165.264 -10.100
165.276 -10.137
166.059 -10.218
167.027 -9.770
167.308 -10.002
167.612 -10.229
168.072 -9.960
168.298 -10.184
168.351 -9.664
169.135 -10.038
169.685 -10.028
170.069 -10.069
170.445 -10.135
170.706 -10.081
170.751 -9.809
170.814 -9.962
171.081 -10.182
171.396 -9.834
171.725 -10.146
171.938 -10.169
172.068 -10.019
172.204 -10.062
172.275 -10.223
172.277 -9.631
172.750 -10.157
172.827 -10.186
172.927 -9.761
173.065 -10.060
173.600 -10.051
173.700 -10.049
173.754 -9.906
174.156 -10.216
174.333 -10.052
174.527 -10.161
174.960 -9.668
175.138 -9.953
175.439 -9.959
177.027 -9.917
177.183 -10.151
177.474 -10.071
177.650 -10.110
177.712 -9.841
177.778 -10.100
177.908 -9.808
178.265 -10.078
179.007 -10.257
179.249 -10.007
179.301 -10.084
179.315 -10.136
179.379 -10.103
179.477 -10.217
179.680 -10.070
179.721 -10.080
179.728 -9.841
179.732 -10.257
179.992 -10.039
180.126 -10.170
180.845 -10.108
181.160 -10.040
181.219 -10.048
181.321 -10.065
181.402 -10.034
181.746 -10.002
181.814 -9.917
182.025 -9.871
182.052 -9.666
182.096 -9.894
182.968 -10.010
183.013 -10.128
183.807 -10.059
183.836 -10.250
183.872 -10.105
184.204 -10.064
184.218 -10.115
184.704 -10.066
184.879 -9.881
184.908 -10.144
184.990 -10.152
185.375 -10.008
185.739 -10.145
185.860 -9.955
185.992 -10.068
186.218 -9.693
186.693 -10.038
187.221 -10.128
187.342 -9.766
187.456 -9.954
187.700 -10.003
187.955 -9.851
188.316 -10.057
188.992 -10.123
189.401 -10.017
189.539 -10.183
189.790 -9.680
189.827 -9.926
190.402 -10.149
190.463 -10.090
190.948 -10.054
191.205 -9.903
191.706 -10.158
192.412 -10.065
192.856 -9.888
193.148 -10.099
193.634 -10.019
193.634 -10.116
193.686 -9.993
193.771 -10.143
194.383 -10.180
194.446 -10.086
196.340 -10.110
196.359 -9.738
196.485 -9.938
197.155 -10.090
197.924 -10.027
197.986 -10.123
198.112 -9.395
198.239 -9.663
198.289 -10.101
198.767 -10.112
199.042 -9.827
199.382 -10.242
199.479 -10.086
199.599 -9.997
199.707 -10.032
199.746 -9.867
199.772 -9.792
199.819 -10.009
199.973 -10.017
200.144 -9.795
201.263 -9.985
201.545 -9.799
201.603 -10.016
202.589 -9.849
202.680 -9.972
202.934 -10.024
203.241 -10.057
203.393 -10.134
205.069 -9.969
205.139 -10.074
205.247 -10.066
205.933 -9.927
206.170 -9.566
206.995 -10.013
207.899 -9.679
207.945 -10.011
208.327 -9.493
209.105 -9.668
209.649 -10.076
209.847 -10.096
210.379 -9.823
210.774 -9.993
210.961 -9.860
211.047 -10.024
211.269 -9.935
212.199 -9.967
212.330 -9.950
212.584 -9.947
212.866 -9.513
212.963 -9.738
213.159 -9.813
213.470 -9.801
214.130 -9.945
214.234 -9.867
214.296 -10.104
214.320 -9.883
214.323 -9.919
214.446 -9.492
214.491 -10.041
215.035 -10.118
215.396 -9.966
215.513 -9.772
216.206 -9.619
217.221 -9.798
217.322 -10.039
217.534 -10.040
217.875 -9.566
218.178 -9.899
218.235 -10.011
219.434 -9.670
219.765 -9.942
220.457 -9.903
220.514 -9.994
220.599 -9.650
220.629 -9.920
220.680 -10.012
220.763 -9.644
221.024 -10.006
221.691 -9.692
221.764 -9.866
221.818 -10.003
221.937 -10.098
222.584 -9.967
222.789 -10.037
224.165 -9.929
224.537 -9.879
224.983 -9.947
225.195 -9.980
225.480 -9.937
226.089 -9.805
226.345 -9.886
226.609 -9.786
227.933 -10.004
229.185 -9.942
229.626 -9.920
231.778 -9.960
232.197 -9.944
232.438 -9.804
232.879 -9.978
233.105 -9.895
233.401 -9.983
233.899 -10.018
234.419 -10.012
234.589 -9.999
235.186 -9.853
235.539 -9.755
235.778 -9.570
235.864 -9.806
235.952 -9.760
236.341 -9.949
236.867 -9.774
236.869 -10.009
237.186 -9.876
237.232 -10.024
237.651 -9.451
238.084 -10.035
238.736 -9.674
240.872 -9.981
241.109 -9.739
242.207 -9.497
242.344 -9.858
242.567 -9.945
242.854 -9.866
244.558 -9.907
244.651 -9.996
244.983 -10.027
245.291 -9.743
245.323 -9.932
247.182 -9.931
247.224 -9.945
247.459 -9.491
248.440 -9.798
248.445 -9.531
248.983 -10.017
249.776 -9.615
250.217 -9.814
250.834 -9.940
251.490 -9.812
252.006 -9.894
252.290 -9.917
253.771 -9.743
253.912 -9.972
254.453 -9.857
254.660 -9.867
254.671 -9.517
255.441 -9.863
256.209 -9.956
256.378 -9.939
257.332 -9.899
257.370 -9.664
258.312 -9.919
258.896 -9.913
259.265 -9.911
259.599 -9.859
261.200 -9.750
261.462 -9.734
261.532 -9.754
262.617 -10.012
263.080 -9.802
263.523 -9.911
264.085 -9.635
264.314 -9.965
265.003 -9.962
265.071 -9.819
266.344 -10.004
266.415 -9.910
266.596 -9.859
267.040 -9.834
267.470 -9.793
268.033 -9.918
268.206 -9.608
268.278 -9.882
268.533 -9.843
268.980 -9.692
269.050 -9.744
271.631 -9.382
271.636 -9.514
271.669 -9.813
271.699 -10.034
271.850 -9.839
272.057 -9.668
272.425 -9.907
272.639 -9.722
272.650 -9.543
272.693 -9.803
272.787 -9.838
273.419 -9.551
274.967 -9.570
275.723 -9.797
276.287 -9.964
276.323 -9.783
276.774 -9.546
278.567 -9.850
278.765 -9.902
278.809 -9.768
278.872 -10.013
279.608 -9.870
279.655 -9.682
280.365 -9.856
281.626 -9.702
281.667 -9.800
281.776 -9.907
282.023 -9.800
282.997 -9.712
284.330 -9.684
284.369 -9.897
284.848 -9.911
286.504 -9.792
286.558 -9.905
286.743 -9.663
286.821 -9.912
287.192 -9.741
287.208 -9.623
287.212 -9.673
288.408 -9.859
288.678 -9.771
289.589 -9.792
289.623 -9.594
289.819 -9.770
290.068 -9.818
290.679 -9.968
291.011 -9.626
291.823 -9.870
292.491 -9.681
293.420 -9.787
295.592 -9.807
297.045 -9.641
297.095 -9.815
297.300 -9.782
297.314 -9.760
297.829 -9.928
298.037 -9.836
298.146 -9.941
298.299 -9.243
299.241 -9.610
299.660 -9.686
299.877 -9.410
300.408 -9.781
301.201 -9.686
302.250 -9.700
302.592 -9.431
303.131 -9.719
304.440 -9.769
304.878 -9.829
305.010 -9.321
305.230 -9.677
306.558 -9.680
306.613 -9.867
307.825 -9.705
308.974 -9.865
310.806 -9.357
310.943 -9.786
313.403 -9.606
315.504 -9.780
315.646 -9.751
316.061 -9.712
316.594 -9.828
316.816 -9.890
316.971 -9.555
321.458 -9.711
322.277 -9.772
322.311 -9.471
322.699 -9.942
322.763 -9.494
323.851 -9.750
325.899 -9.807
326.380 -9.750
327.405 -9.769
327.461 -9.576
328.635 -9.826
328.648 -9.696
329.093 -9.689
329.260 -9.229
330.348 -9.779
330.830 -9.764
331.303 -9.597
331.306 -9.697
332.313 -9.701
332.772 -9.693
333.206 -9.811
333.508 -9.721
333.992 -9.741
334.659 -9.654
335.259 -9.595
336.696 -9.759
337.061 -9.121
337.129 -9.737
337.462 -9.797
339.132 -9.683
339.663 -9.796
341.057 -9.598
341.805 -9.382
341.998 -9.523
342.123 -9.792
344.196 -9.604
344.724 -9.752
345.075 -9.517
345.088 -9.347
346.274 -9.549
348.324 -9.380
350.355 -9.784
350.739 -9.741
350.797 -9.813
352.304 -9.711
352.320 -9.864
354.091 -9.702
355.580 -9.524
355.682 -9.679
355.751 -9.325
355.834 -9.424
356.855 -9.637
356.978 -9.547
358.589 -9.748
358.634 -9.825
359.358 -9.571
361.496 -9.532
362.280 -9.686
363.772 -9.722
365.298 -9.668
365.541 -9.787
365.654 -9.718
366.639 -9.785
366.690 -9.769
366.714 -9.235
366.975 -9.551
367.813 -9.372
368.355 -9.398
370.793 -9.540
371.097 -9.583
371.898 -9.606
375.331 -9.457
375.614 -9.665
376.200 -9.583
376.634 -9.609
378.392 -9.655
380.421 -9.563
380.786 -9.693
380.955 -9.672
381.315 -9.694
382.276 -9.729
383.884 -9.543
384.393 -9.559
384.988 -9.548
386.127 -9.678
386.399 -9.514
386.464 -9.193
387.342 -9.642
387.769 -9.705
390.359 -9.630
393.087 -9.584
396.970 -9.426
397.856 -9.296
400.907 -9.484
404.379 -9.644
404.706 -9.520
404.942 -9.596
405.807 -9.624
406.761 -9.542
408.254 -9.270
408.567 -9.324
408.671 -9.591
408.841 -9.338
409.339 -9.414
409.411 -9.466
411.692 -9.438
413.249 -9.306
413.926 -9.575
416.156 -9.600
416.305 -9.476
417.335 -9.466
418.538 -9.400
418.885 -9.525
419.174 -9.696
419.184 -9.571
425.619 -9.481
426.326 -9.642
427.666 -9.481
428.300 -9.623
429.049 -9.439
438.314 -9.470
439.870 -9.326
440.226 -9.740
442.925 -9.580
443.056 -9.248
443.891 -9.600
444.472 -9.613
451.591 -9.617
454.444 -9.577
457.239 -9.740
458.562 -9.434
458.622 -9.177
460.548 -9.178
463.111 -9.433
469.267 -9.577
470.174 -9.151
471.973 -9.125
473.233 -9.613
474.747 -9.574
476.063 -9.372
480.978 -9.290
483.341 -9.296
483.666 -9.443
486.845 -9.426
487.922 -9.190
489.091 -9.528
491.199 -9.559
496.274 -9.678
498.876 -9.341
499.905 -9.549
505.439 -9.296
506.592 -9.512
510.579 -9.652
514.930 -9.471
516.528 -9.381
519.069 -9.325
522.536 -9.684
529.985 -9.566
530.746 -9.286
531.163 -9.502
531.216 -9.398
536.723 -9.570
540.763 -9.358
542.284 -9.476
548.480 -9.485
552.046 -9.447
556.363 -9.527
558.563 -9.293
563.695 -9.395
566.462 -9.259
569.220 -9.356
569.657 -9.430
570.356 -9.297
570.408 -9.484
572.166 -9.518
573.588 -9.232
585.539 -9.293
589.628 -9.464
592.807 -9.106
592.946 -9.401
593.052 -9.555
594.222 -9.529
599.551 -9.284
600.255 -9.223
603.567 -9.596
604.202 -9.533
612.210 -9.218
614.317 -9.255
620.603 -9.192
621.418 -9.409
643.202 -9.031
645.744 -9.636
647.668 -9.225
648.243 -9.614
649.290 -9.109
656.771 -9.192
663.405 -9.236
664.532 -9.513
668.790 -9.118
669.886 -9.248
669.968 -9.418
671.821 -9.109
678.049 -9.212
693.414 -9.202
694.072 -9.249
697.303 -9.150
707.738 -9.379
710.962 -9.414
712.236 -9.441
715.123 -9.210
720.593 -9.250
722.411 -9.303
735.372 -9.397
741.812 -9.274
746.125 -9.147
749.284 -9.206
752.741 -8.985
761.322 -9.409
783.392 -9.036
790.804 -9.220
792.941 -9.465
796.085 -9.148
797.815 -9.366
812.590 -9.032
814.449 -9.317
816.776 -9.310
836.700 -9.210
847.710 -9.171
860.050 -9.129
864.359 -9.254
899.143 -9.171
917.118 -9.133
917.171 -9.344
936.986 -8.832
939.147 -9.053
1024.912 -9.126
1048.399 -9.203
1089.964 -9.177
1104.598 -8.759
1112.520 -8.904
1116.300 -9.112
1121.079 -9.020
1143.323 -9.066
1150.683 -8.826
1228.473 -8.990
1229.513 -9.258
1239.102 -9.118
1249.962 -8.929
1275.697 -9.058
1280.931 -9.117
1532.731 -8.644
1645.747 -8.677
1695.711 -9.029
2423.289 -8.629
2956.292 -8.723
