# Ep lEiso
147.422 -9.040
157.393 -9.027
181.504 -8.831
187.516 -8.811
190.708 -8.838
197.977 -8.851
202.500 -8.706
206.489 -8.659
210.488 -8.795
210.627 -8.792
213.117 -8.733
217.437 -8.742
219.032 -8.664
222.323 -8.687
225.522 -8.643
226.844 -8.620
232.581 -8.665
233.490 -8.622
235.339 -8.602
235.751 -8.690
236.866 -8.643
237.053 -8.661
237.774 -8.560
238.959 -8.617
239.955 -8.633
241.451 -8.673
241.511 -8.661
242.457 -8.640
243.251 -8.625
243.847 -8.652
249.394 -8.714
249.656 -8.582
250.095 -8.645
251.785 -8.506
253.815 -8.572
254.028 -8.717
256.506 -8.495
257.788 -8.535
257.933 -8.672
259.915 -8.504
260.797 -8.615
261.377 -8.595
262.399 -8.662
262.585 -8.669
262.860 -8.598
263.557 -8.627
265.199 -8.620
267.760 -8.487
267.965 -8.535
268.117 -8.624
268.344 -8.540
268.773 -8.503
269.836 -8.583
270.267 -8.584
271.557 -8.500
271.734 -8.588
272.300 -8.599
275.911 -8.444
276.683 -8.568
279.188 -8.533
279.194 -8.525
280.554 -8.599
281.607 -8.587
283.371 -8.539
283.478 -8.462
284.788 -8.559
285.574 -8.462
287.889 -8.330
288.106 -8.423
288.883 -8.464
290.034 -8.566
290.045 -8.568
290.323 -8.462
290.829 -8.529
291.718 -8.596
292.309 -8.503
292.665 -8.396
294.196 -8.510
295.318 -8.483
295.367 -8.475
296.085 -8.534
296.324 -8.387
296.641 -8.525
297.343 -8.481
298.181 -8.490
298.551 -8.497
298.887 -8.512
300.718 -8.454
300.945 -8.502
301.276 -8.500
301.612 -8.488
302.417 -8.417
302.479 -8.436
302.576 -8.395
303.818 -8.395
304.134 -8.462
305.009 -8.408
306.936 -8.389
307.596 -8.490
307.623 -8.463
308.267 -8.516
308.333 -8.530
308.406 -8.560
308.507 -8.481
308.750 -8.418
309.110 -8.404
309.199 -8.474
310.028 -8.437
310.875 -8.446
311.128 -8.546
311.536 -8.514
311.579 -8.545
312.028 -8.463
312.603 -8.482
312.666 -8.453
313.043 -8.440
313.477 -8.384
317.332 -8.492
317.388 -8.350
317.885 -8.420
318.518 -8.486
318.681 -8.427
318.817 -8.434
319.411 -8.552
319.729 -8.402
319.916 -8.394
321.585 -8.537
321.762 -8.476
322.222 -8.387
322.929 -8.459
323.273 -8.458
324.150 -8.493
324.516 -8.443
325.193 -8.561
325.287 -8.389
326.707 -8.449
326.892 -8.332
328.259 -8.432
328.342 -8.474
329.159 -8.343
329.729 -8.382
329.873 -8.342
330.009 -8.396
331.334 -8.395
331.502 -8.375
331.698 -8.458
333.253 -8.395
333.440 -8.419
335.605 -8.427
335.706 -8.390
335.716 -8.294
337.797 -8.399
338.214 -8.404
338.911 -8.446
339.692 -8.468
340.896 -8.407
341.304 -8.446
341.398 -8.319
342.718 -8.410
343.098 -8.358
343.343 -8.396
343.964 -8.389
344.011 -8.332
344.521 -8.497
344.794 -8.377
345.974 -8.390
346.837 -8.364
349.352 -8.359
349.602 -8.340
350.100 -8.342
350.407 -8.366
351.050 -8.388
351.092 -8.408
352.576 -8.437
352.972 -8.255
353.156 -8.395
353.662 -8.304
353.722 -8.230
354.203 -8.329
354.435 -8.282
354.963 -8.352
355.971 -8.263
356.163 -8.315
356.449 -8.384
356.495 -8.332
358.023 -8.375
359.147 -8.317
359.605 -8.335
359.747 -8.254
360.603 -8.376
360.946 -8.328
361.303 -8.297
361.314 -8.352
361.754 -8.342
363.122 -8.397
363.891 -8.212
364.638 -8.292
365.046 -8.371
365.321 -8.310
365.520 -8.380
365.686 -8.292
365.952 -8.266
367.378 -8.309
367.786 -8.270
368.620 -8.224
368.823 -8.321
368.904 -8.386
369.347 -8.324
369.849 -8.353
370.189 -8.283
370.759 -8.245
370.956 -8.166
371.290 -8.292
372.854 -8.326
373.884 -8.398
374.124 -8.347
374.168 -8.394
374.442 -8.183
374.967 -8.195
375.181 -8.275
376.379 -8.257
380.245 -8.355
380.369 -8.262
380.576 -8.346
380.612 -8.295
381.789 -8.278
382.282 -8.165
382.608 -8.308
382.616 -8.342
382.930 -8.268
384.733 -8.297
384.824 -8.357
385.125 -8.251
387.471 -8.224
388.531 -8.306
389.296 -8.244
391.403 -8.271
392.821 -8.215
392.978 -8.273
394.268 -8.286
394.450 -8.301
395.462 -8.287
395.584 -8.225
396.150 -8.310
396.345 -8.347
396.361 -8.230
397.396 -8.268
398.154 -8.265
400.336 -8.337
400.368 -8.397
401.330 -8.207
402.051 -8.292
402.112 -8.357
403.854 -8.170
403.865 -8.254
403.879 -8.230
404.240 -8.320
404.396 -8.210
405.070 -8.285
405.615 -8.244
405.820 -8.265
405.864 -8.288
406.326 -8.258
408.525 -8.305
411.481 -8.168
411.510 -8.206
412.007 -8.286
413.712 -8.264
414.061 -8.158
414.271 -8.144
414.472 -8.245
415.198 -8.293
415.933 -8.259
416.006 -8.275
416.128 -8.161
416.316 -8.121
417.559 -8.259
418.150 -8.160
418.937 -8.305
419.126 -8.275
419.171 -8.141
419.358 -8.275
419.694 -8.326
420.267 -8.242
420.939 -8.298
421.284 -8.162
421.903 -8.177
422.104 -8.199
423.887 -8.284
423.927 -8.229
424.720 -8.257
424.736 -8.306
426.564 -8.167
428.708 -8.177
429.331 -8.080
430.426 -8.323
432.167 -8.243
432.766 -8.088
435.525 -8.262
436.677 -8.227
436.921 -8.265
437.010 -8.150
437.766 -8.179
438.544 -8.087
438.722 -8.289
439.506 -8.124
439.795 -8.248
441.192 -8.279
441.257 -8.234
441.315 -8.290
442.288 -8.218
442.840 -8.080
443.090 -8.103
443.561 -8.216
444.191 -8.242
444.880 -8.160
445.380 -8.290
446.299 -8.151
446.341 -8.107
446.446 -8.169
449.883 -8.187
450.598 -8.169
453.236 -8.049
453.316 -8.261
454.388 -8.274
454.894 -8.167
456.592 -8.169
457.032 -8.114
457.510 -8.180
457.744 -8.274
457.781 -8.124
457.810 -8.192
458.205 -8.127
458.526 -8.165
458.707 -8.243
459.292 -8.066
461.339 -8.082
463.245 -8.113
463.738 -8.179
464.985 -8.136
465.884 -8.147
467.334 -8.108
467.355 -8.093
468.244 -8.071
468.851 -8.180
469.734 -8.146
470.560 -8.245
470.593 -8.135
470.947 -8.192
471.864 -8.220
472.196 -8.184
472.294 -8.093
472.566 -8.180
473.571 -8.208
474.222 -8.201
474.760 -8.074
476.767 -8.148
477.193 -8.065
479.563 -8.194
479.684 -8.055
481.218 -8.111
481.389 -8.182
481.760 -8.082
481.796 -7.983
481.924 -8.190
482.440 -8.094
483.544 -8.189
488.022 -8.168
488.301 -8.209
488.322 -8.088
490.370 -8.151
492.905 -8.186
493.368 -8.013
494.113 -7.953
494.274 -7.981
494.894 -8.097
495.216 -7.993
495.427 -8.179
495.462 -8.113
497.821 -8.136
500.729 -7.999
501.575 -8.063
502.489 -8.204
503.872 -8.044
504.554 -8.108
504.716 -7.959
507.042 -7.980
508.678 -8.063
509.820 -8.075
510.944 -8.094
511.728 -8.186
511.862 -8.000
512.050 -8.192
512.850 -8.108
513.792 -8.007
514.752 -8.096
515.375 -8.099
515.755 -8.054
516.152 -8.064
516.361 -8.110
516.367 -7.938
517.749 -8.082
517.974 -8.089
518.265 -7.964
518.671 -8.049
520.245 -8.045
520.538 -8.112
520.697 -8.193
521.883 -8.093
522.402 -8.010
522.976 -8.077
524.261 -7.934
524.782 -8.017
525.645 -7.917
530.215 -8.000
530.667 -7.973
531.509 -8.046
532.017 -8.058
532.200 -7.980
532.389 -8.056
532.768 -7.971
533.804 -8.051
535.967 -8.095
536.674 -8.117
536.826 -7.993
536.866 -8.134
537.045 -8.130
537.320 -8.083
537.892 -7.992
538.006 -8.043
538.027 -7.973
538.038 -8.095
538.769 -8.031
539.146 -8.115
541.177 -7.979
542.067 -7.927
542.235 -8.033
542.524 -8.038
542.755 -8.138
543.731 -8.095
543.923 -7.995
544.524 -7.974
544.600 -7.911
544.727 -8.112
547.214 -8.013
547.331 -8.096
549.331 -8.012
549.402 -8.070
549.492 -7.857
550.328 -8.013
550.364 -8.114
551.540 -7.952
551.960 -7.971
552.030 -8.128
552.229 -8.064
553.156 -8.098
554.036 -8.086
554.328 -7.981
554.647 -8.050
555.195 -7.903
556.347 -8.006
557.629 -8.032
557.924 -7.925
558.202 -7.981
558.797 -7.995
559.420 -7.950
560.302 -7.947
561.957 -8.070
562.961 -8.072
563.300 -8.147
563.916 -7.898
564.007 -7.972
565.396 -8.030
565.537 -7.899
566.671 -7.950
567.273 -7.942
568.448 -8.069
570.106 -8.003
571.158 -7.951
571.851 -7.960
573.004 -7.991
573.004 -8.020
573.128 -7.983
573.330 -8.028
574.786 -8.121
574.935 -8.050
579.464 -8.040
579.510 -7.897
579.814 -7.957
581.416 -7.860
583.151 -8.084
583.292 -8.015
583.578 -7.793
583.869 -7.873
583.981 -7.922
585.075 -8.005
585.702 -8.074
586.478 -8.039
586.701 -7.990
586.975 -8.043
587.220 -8.035
587.310 -7.922
587.370 -7.899
587.475 -7.964
587.827 -7.965
588.219 -7.897
590.795 -8.035
591.446 -8.029
591.580 -7.960
593.864 -7.911
594.075 -8.033
594.664 -7.941
595.373 -7.974
595.725 -7.998
599.666 -7.937
599.832 -7.969
600.087 -7.917
601.601 -7.919
602.118 -7.807
603.923 -7.981
605.932 -7.838
606.036 -8.067
606.884 -7.781
608.614 -7.983
609.826 -7.960
610.266 -7.967
611.447 -7.884
612.326 -7.936
612.743 -8.028
612.938 -7.945
613.444 -7.877
615.557 -7.922
615.855 -7.917
616.434 -7.914
617.075 -7.780
617.296 -8.014
617.742 -8.053
618.449 -7.964
619.950 -7.907
620.186 -7.882
620.326 -7.954
620.381 -7.973
620.388 -7.898
620.667 -7.766
620.770 -7.997
622.007 -7.955
622.791 -7.907
623.034 -7.847
624.508 -7.800
626.671 -7.857
626.888 -7.931
627.339 -7.932
628.067 -7.838
628.711 -7.889
628.834 -7.924
631.389 -7.820
632.096 -7.905
633.571 -7.894
633.694 -7.881
633.874 -7.816
633.939 -7.899
634.047 -7.927
634.223 -8.011
634.781 -7.926
636.230 -7.828
636.391 -7.980
636.511 -7.924
636.771 -7.953
638.196 -7.974
638.647 -7.932
641.675 -7.895
642.494 -7.879
643.477 -7.999
643.943 -7.908
644.569 -7.894
645.911 -7.852
646.474 -7.980
647.055 -7.845
649.805 -7.908
652.397 -7.845
653.311 -7.876
657.767 -7.943
658.635 -7.876
659.134 -7.832
660.047 -7.884
660.514 -8.003
661.128 -7.884
662.159 -7.894
663.235 -7.890
663.587 -7.885
664.824 -7.838
665.556 -7.807
666.050 -7.749
666.233 -7.822
666.424 -7.974
667.267 -7.952
668.407 -7.809
668.411 -7.740
669.097 -7.906
669.198 -7.886
670.107 -7.707
671.044 -7.886
672.457 -7.773
677.085 -7.862
677.601 -7.728
679.811 -7.709
680.077 -7.901
680.508 -7.848
681.063 -7.823
684.364 -7.877
684.544 -7.861
685.186 -7.871
685.792 -7.952
685.858 -7.890
689.656 -7.839
689.741 -7.886
690.222 -7.701
692.227 -7.929
692.237 -7.713
693.336 -7.864
694.956 -7.869
695.856 -7.800
697.118 -8.014
698.459 -7.798
699.513 -8.011
700.092 -7.830
703.119 -7.706
703.408 -7.846
704.512 -7.809
704.935 -7.812
704.958 -7.703
706.532 -7.943
708.101 -7.839
708.445 -7.833
710.520 -7.889
710.603 -7.746
712.657 -7.833
713.934 -7.823
714.683 -7.822
715.321 -7.806
718.375 -7.769
718.873 -7.764
719.008 -7.770
721.076 -7.849
721.960 -7.766
722.806 -7.816
723.876 -7.729
724.313 -7.854
725.628 -7.830
725.758 -7.785
728.186 -7.842
728.320 -7.834
728.666 -7.796
729.513 -7.877
730.332 -7.841
731.406 -7.812
731.736 -7.714
731.874 -7.801
732.360 -7.788
733.214 -7.740
733.347 -7.899
738.470 -7.638
738.481 -7.680
738.548 -7.774
738.612 -7.844
738.922 -7.913
739.348 -7.857
740.106 -7.823
740.548 -7.744
740.571 -7.688
740.658 -7.815
740.853 -7.781
742.154 -7.689
745.345 -7.693
746.901 -7.764
748.063 -7.817
748.139 -7.759
749.067 -7.950
752.762 -7.777
753.170 -7.846
753.260 -7.751
753.390 -7.902
754.906 -7.848
755.003 -7.950
756.467 -7.777
758.822 -7.727
758.895 -7.825
759.088 -7.793
759.527 -7.758
761.255 -7.729
763.622 -7.720
763.691 -7.789
764.540 -7.793
767.481 -7.754
767.577 -7.811
767.904 -7.712
768.042 -7.792
768.761 -7.736
768.794 -7.698
768.801 -7.867
771.136 -7.794
771.662 -7.743
773.440 -7.726
773.507 -7.862
773.890 -7.717
774.377 -7.756
775.569 -7.804
776.217 -7.693
777.801 -7.770
779.106 -7.708
780.919 -7.741
785.159 -7.677
787.997 -7.688
788.095 -7.744
788.493 -7.733
788.522 -7.726
789.527 -7.779
789.932 -7.795
790.145 -7.783
790.445 -7.557
792.283 -7.674
793.101 -7.698
793.524 -7.834
794.561 -7.728
796.109 -7.696
798.158 -7.698
798.824 -7.802
799.878 -7.703
802.432 -7.802
803.287 -7.583
803.546 -7.649
803.975 -7.686
806.568 -7.783
806.674 -7.859
809.308 -7.691
811.425 -7.858
814.780 -7.576
815.031 -7.714
819.536 -7.778
823.384 -7.708
823.643 -7.571
824.403 -7.685
825.379 -7.722
825.787 -7.791
826.070 -7.823
834.288 -7.672
835.788 -7.698
835.849 -7.601
836.560 -7.753
836.678 -7.780
838.670 -7.772
842.420 -7.860
843.302 -7.638
845.178 -7.844
845.282 -7.755
847.432 -7.709
847.455 -7.667
848.270 -7.665
848.575 -7.516
850.568 -7.760
851.450 -7.658
852.318 -7.633
852.323 -7.665
854.280 -7.666
855.249 -7.729
856.166 -7.701
856.803 -7.605
857.824 -7.565
859.232 -7.649
860.499 -7.629
863.533 -7.682
864.304 -7.474
864.448 -7.551
865.150 -7.694
868.675 -7.656
869.796 -7.693
872.739 -7.627
874.319 -7.556
874.726 -7.602
874.964 -7.585
878.468 -7.582
879.359 -7.675
879.952 -7.597
879.974 -7.541
881.979 -7.607
885.443 -7.549
888.874 -7.726
889.523 -7.666
889.620 -7.690
892.167 -7.695
892.195 -7.705
895.187 -7.741
897.703 -7.589
897.875 -7.641
897.992 -7.523
898.133 -7.703
899.858 -7.626
900.066 -7.726
902.787 -7.592
902.863 -7.757
904.088 -7.602
907.699 -7.586
909.024 -7.588
911.833 -7.647
914.892 -7.626
915.381 -7.665
915.607 -7.642
917.582 -7.727
917.684 -7.657
917.732 -7.478
918.256 -7.497
919.936 -7.522
921.023 -7.530
925.912 -7.572
926.522 -7.473
928.128 -7.724
935.012 -7.535
935.581 -7.543
936.755 -7.575
937.625 -7.641
941.151 -7.595
945.220 -7.560
945.952 -7.603
946.291 -7.596
947.013 -7.602
948.941 -7.612
952.166 -7.547
953.186 -7.551
954.379 -7.547
956.550 -7.587
956.966 -7.632
957.064 -7.427
958.404 -7.574
959.056 -7.594
963.007 -7.566
967.169 -7.679
973.094 -7.490
974.446 -7.447
979.101 -7.504
985.599 -7.554
986.215 -7.513
986.660 -7.712
988.288 -7.546
990.083 -7.498
992.894 -7.427
993.483 -7.445
993.678 -7.533
993.999 -7.449
994.937 -7.422
995.071 -7.491
999.366 -7.640
1002.297 -7.434
1003.571 -7.523
1007.769 -7.658
1008.051 -7.488
1009.988 -7.484
1012.254 -7.461
1012.907 -7.502
1013.451 -7.559
1013.470 -7.517
1025.582 -7.482
1026.914 -7.535
1029.437 -7.480
1030.629 -7.708
1032.040 -7.725
1049.481 -7.467
1052.410 -7.590
1053.081 -7.568
1058.162 -7.603
1058.363 -7.388
1059.483 -7.508
1060.263 -7.512
1071.262 -7.509
1076.213 -7.494
1081.064 -7.547
1083.360 -7.442
1083.463 -7.354
1086.805 -7.353
1091.255 -7.438
1101.936 -7.482
1103.511 -7.335
1106.632 -7.325
1108.819 -7.628
1111.448 -7.477
1113.731 -7.406
1122.261 -7.548
1126.362 -7.374
1126.926 -7.425
1132.443 -7.536
1134.312 -7.334
1136.340 -7.450
1139.999 -7.459
1148.806 -7.497
1153.322 -7.495
1155.108 -7.417
1164.711 -7.358
1166.712 -7.432
1174.273 -7.477
1184.630 -7.408
1188.435 -7.374
1194.200 -7.567
1199.601 -7.473
1211.203 -7.589
1212.389 -7.327
1213.037 -7.474
1213.119 -7.366
1221.698 -7.446
1227.991 -7.344
1230.360 -7.385
1240.010 -7.383
1245.564 -7.367
1252.289 -7.445
1255.715 -7.304
1263.709 -7.436
1268.018 -7.405
1272.315 -7.319
1272.995 -7.347
1274.084 -7.295
1274.165 -7.367
1276.903 -7.379
1279.117 -7.267
1297.732 -7.374
1304.101 -7.346
1309.821 -7.198
1310.141 -7.481
1310.384 -7.380
1313.070 -7.368
1325.313 -7.262
1326.930 -7.417
1334.538 -7.389
1335.997 -7.361
1354.392 -7.433
1359.233 -7.233
1373.673 -7.368
1375.545 -7.349
1404.884 -7.116
1408.307 -7.382
1410.898 -7.200
1411.672 -7.371
1413.082 -7.148
1423.157 -7.182
1432.091 -7.340
1433.609 -7.320
1439.343 -7.302
1440.819 -7.201
1440.930 -7.276
1443.425 -7.263
1451.812 -7.367
1472.504 -7.280
1473.391 -7.191
1477.742 -7.146
1498.056 -7.238
1505.064 -7.250
1507.833 -7.261
1514.107 -7.157
1525.997 -7.169
1529.948 -7.191
1558.118 -7.219
1572.114 -7.160
1581.488 -7.223
1588.353 -7.205
1595.868 -7.026
1614.518 -7.229
1641.856 -7.134
1650.038 -7.223
1652.397 -7.211
1655.867 -7.074
1657.777 -7.167
1674.088 -7.117
1676.140 -7.140
1678.708 -7.136
1700.702 -7.086
1715.838 -7.065
1740.481 -7.038
1749.086 -7.090
1818.552 -7.142
1854.450 -7.003
1854.556 -7.095
1894.128 -6.858
1898.444 -7.016
2003.843 -6.966
2035.740 -7.085
2108.430 -6.966
2134.023 -6.777
2147.878 -6.837
2154.487 -6.926
2162.845 -6.884
2201.747 -6.896
2214.619 -6.903
2350.662 -6.831
2352.480 -6.945
2369.250 -6.881
2388.241 -6.797
2425.367 -6.845
2432.829 -6.788
2791.753 -6.615
2952.849 -6.609
3071.996 -6.525
4314.068 -6.438
4816.515 -6.455
