# Ep lEiso
1.007 118.340
1.016 118.220
1.064 118.262
1.093 118.528
1.108 118.382
1.143 118.229
1.165 118.618
1.184 118.309
1.213 118.310
1.215 118.248
1.235 118.399
1.271 118.327
1.285 118.544
1.312 118.440
1.339 118.287
1.350 118.190
1.397 118.403
1.405 118.348
1.423 118.151
1.428 118.298
1.441 118.428
1.443 118.371
1.452 118.234
1.466 118.427
1.477 118.426
1.495 118.292
1.496 118.327
1.507 118.383
1.516 118.419
1.523 118.332
1.588 118.096
1.591 118.071
1.596 118.296
1.616 118.233
1.654 118.230
1.658 118.045
1.703 118.675
1.727 118.543
1.729 118.146
1.766 118.371
1.782 118.285
1.795 118.335
1.818 118.137
1.822 118.115
1.829 118.311
1.844 118.223
1.882 118.226
1.940 118.396
1.945 118.420
1.949 118.186
1.954 118.403
1.964 118.045
1.988 118.276
1.998 118.270
2.027 118.467
2.031 118.246
2.044 118.214
2.127 118.550
2.144 118.250
2.202 118.309
2.202 118.327
2.233 118.149
2.257 118.169
2.297 118.260
2.300 118.426
2.329 118.106
2.347 118.407
2.406 118.665
2.411 118.470
2.432 118.380
2.465 118.159
2.465 118.155
2.476 118.375
2.496 118.233
2.530 118.091
2.553 118.280
2.567 118.264
2.627 118.377
2.670 118.309
2.672 118.327
2.700 118.201
2.710 118.268
2.722 118.217
2.749 118.305
2.782 118.283
2.796 118.266
2.809 118.233
2.881 118.346
2.890 118.245
2.902 118.250
2.916 118.272
2.947 118.417
2.949 118.376
2.953 118.460
3.002 118.455
3.014 118.316
3.048 118.077
3.123 118.269
3.149 118.242
3.150 118.300
3.175 118.187
3.177 118.158
3.180 118.096
3.184 118.258
3.194 118.215
3.208 118.416
3.211 118.271
3.243 118.216
3.277 118.320
3.288 118.113
3.305 118.178
3.307 118.113
3.326 118.281
3.351 118.238
3.354 118.298
3.370 118.322
3.388 118.434
3.556 118.197
3.559 118.283
3.589 118.339
3.627 118.202
3.637 118.318
3.645 118.304
3.681 118.062
3.700 118.278
3.711 118.234
3.812 118.075
3.822 118.198
3.850 118.377
3.892 118.117
3.913 118.224
3.966 118.147
3.988 118.246
4.028 117.998
4.034 118.225
4.120 118.220
4.131 118.216
4.213 118.244
4.218 118.155
4.267 118.273
4.301 118.338
4.310 118.258
4.318 118.308
4.398 118.302
4.408 118.342
4.420 118.166
4.513 118.081
4.524 118.237
4.660 118.205
4.667 118.036
4.667 118.075
4.799 118.247
4.825 117.990
4.869 118.141
4.930 118.085
5.033 118.201
5.068 118.114
5.076 118.187
5.188 118.175
5.221 117.843
5.241 117.945
5.294 118.138
5.298 118.107
5.342 117.963
5.365 118.225
5.466 118.183
5.539 118.232
5.753 118.219
5.775 118.258
5.817 118.247
5.843 118.192
5.898 118.133
5.901 118.089
6.028 118.007
6.062 118.129
6.077 118.097
6.120 118.299
6.125 118.122
6.166 118.238
6.186 117.913
6.231 118.177
6.319 118.124
6.336 117.913
6.361 118.087
6.365 118.206
6.509 118.088
6.637 118.211
6.689 118.162
6.705 118.042
6.802 118.051
6.841 118.162
6.882 118.233
6.883 118.101
6.933 118.120
7.088 117.779
7.176 118.039
7.261 118.205
7.307 118.005
7.338 118.152
7.361 117.978
7.380 118.194
7.410 118.257
7.572 118.132
7.618 118.226
7.713 118.333
7.736 118.082
7.745 118.170
7.796 118.071
7.853 117.989
7.891 118.164
7.956 118.086
7.978 118.164
8.016 118.128
8.194 118.022
8.325 117.824
8.359 117.956
8.365 118.116
8.404 118.384
8.479 117.998
8.509 118.138
8.681 118.183
9.236 117.905
9.254 118.158
9.284 117.927
9.289 118.066
9.458 118.110
9.529 118.093
9.575 118.023
9.577 117.928
9.622 118.133
9.881 118.048
9.894 117.874
9.937 118.176
10.284 117.888
10.468 118.005
10.600 118.184
10.966 118.097
11.212 118.182
11.239 118.086
11.463 118.039
11.495 117.996
11.671 118.028
11.692 118.210
11.791 117.958
11.825 117.847
11.827 118.044
12.007 118.072
12.139 118.075
12.549 117.853
12.555 117.678
12.749 117.689
12.894 117.972
12.907 117.786
13.258 117.892
13.260 118.069
13.263 118.139
13.335 117.878
13.367 118.193
13.503 117.974
13.612 118.086
13.654 118.027
13.662 117.678
13.756 118.042
14.199 117.896
14.820 118.100
14.827 117.900
14.936 117.906
15.312 117.944
15.389 118.263
15.435 118.031
15.479 117.990
15.639 117.593
15.801 117.815
15.817 117.873
15.844 118.234
15.886 117.810
16.160 117.466
16.290 117.948
16.463 117.722
16.505 117.819
16.515 117.813
16.556 117.814
16.630 117.635
16.756 117.914
16.909 117.709
16.987 118.182
17.127 117.482
17.173 118.046
17.578 117.673
17.587 117.919
17.766 117.807
17.770 117.624
18.183 117.986
18.665 118.066
18.806 117.960
19.049 117.469
19.425 117.774
19.554 117.777
20.151 117.673
20.400 117.640
20.453 117.651
20.472 117.539
20.635 117.992
20.803 117.872
20.842 117.543
21.011 117.614
21.073 117.435
21.353 117.547
21.366 117.730
21.377 117.500
21.565 117.770
21.672 117.438
21.721 117.260
21.812 117.750
21.934 117.622
22.068 117.956
22.165 117.384
22.343 117.970
22.351 118.161
22.371 117.885
23.037 117.731
23.176 117.799
23.636 117.742
23.649 117.319
23.829 117.229
23.914 117.605
24.198 117.847
24.272 117.890
24.352 117.574
24.391 117.138
24.397 117.824
24.402 117.509
24.468 117.798
24.522 117.612
24.552 117.255
24.650 118.044
24.993 117.908
25.313 117.718
25.385 117.411
25.565 117.600
25.695 117.546
25.904 117.711
25.907 117.779
26.035 117.874
26.123 117.376
26.250 117.527
26.370 117.223
26.375 117.572
26.426 117.308
26.558 117.682
26.606 117.342
26.620 117.755
26.659 117.356
26.804 117.219
26.897 117.255
26.974 117.837
27.257 117.498
27.310 117.876
27.607 117.276
27.622 117.911
27.814 117.650
27.835 117.324
27.881 117.777
27.886 117.340
27.902 117.287
27.966 117.723
28.103 117.274
28.657 117.294
28.691 117.105
28.694 117.551
28.947 117.327
29.233 117.166
29.283 117.922
29.365 118.184
29.382 118.062
29.450 117.315
29.485 118.002
29.508 117.188
29.512 117.479
29.769 117.821
30.084 117.900
30.175 117.607
30.274 116.980
30.424 117.643
30.497 117.360
30.514 118.003
30.757 117.908
30.917 117.547
31.028 117.496
31.137 117.414
31.213 117.023
31.226 117.816
31.245 116.996
31.322 117.357
31.413 117.784
31.506 117.402
31.566 117.373
31.603 117.557
31.641 117.504
31.661 117.307
31.662 118.031
31.795 117.388
31.816 117.353
31.844 117.871
31.883 117.506
32.034 117.517
32.062 117.238
32.077 116.896
32.190 117.317
32.239 117.662
32.289 117.378
32.403 117.986
32.449 117.627
32.525 117.612
32.926 117.628
32.966 117.755
33.040 117.403
33.084 117.343
33.100 117.718
33.116 117.352
33.149 117.760
33.240 117.367
33.427 117.078
33.489 117.438
33.502 117.582
33.505 117.067
33.521 117.462
33.544 117.119
33.594 117.581
33.604 117.320
33.605 117.680
33.606 117.053
33.667 117.380
33.698 116.948
33.864 117.651
33.936 117.920
33.950 117.367
33.973 117.342
33.992 117.388
34.071 117.437
34.087 117.565
34.135 117.635
34.141 117.945
34.152 117.600
34.352 117.425
34.363 117.246
34.545 117.350
34.552 117.061
34.560 117.281
34.637 117.343
34.640 117.266
34.747 117.339
34.786 117.620
34.792 117.222
34.810 117.210
34.895 117.428
34.972 117.221
34.997 117.507
35.025 117.336
35.073 117.905
35.173 117.381
35.285 117.246
35.310 117.794
35.334 117.509
35.386 117.435
35.440 117.665
35.516 117.681
35.659 117.254
35.745 117.414
35.774 117.162
35.827 117.925
35.835 117.552
35.954 117.196
35.966 117.850
36.062 117.545
36.112 117.581
36.209 117.192
36.347 117.329
36.433 117.595
36.490 117.549
36.584 117.391
36.584 117.245
36.594 117.431
36.611 117.203
36.729 117.144
36.742 117.286
37.109 117.081
37.113 117.803
37.137 117.500
37.264 117.722
37.401 117.713
37.413 117.211
37.435 117.576
37.458 117.907
37.467 117.662
37.552 117.225
37.601 117.654
37.662 117.024
37.680 117.260
37.701 117.394
37.720 117.341
37.727 117.591
37.732 117.705
37.740 117.376
37.768 117.363
37.799 117.699
37.999 117.491
38.049 117.589
38.059 117.357
38.233 117.606
38.250 117.716
38.295 117.454
38.349 117.287
38.376 117.170
38.672 117.412
38.685 117.253
38.704 117.504
38.817 117.472
38.856 118.018
38.991 117.338
39.138 117.840
39.146 117.337
39.208 117.254
39.335 117.122
39.424 117.232
39.456 117.202
39.543 117.613
39.607 117.353
39.638 117.554
39.652 117.306
39.688 117.640
39.839 117.387
39.861 117.412
39.902 117.416
39.948 117.392
39.964 117.731
39.996 117.617
40.046 117.634
40.154 117.413
40.171 117.531
40.181 117.172
40.185 117.507
40.185 117.452
40.205 118.099
40.213 117.267
40.301 117.148
40.357 117.376
40.375 117.669
40.478 117.576
40.629 117.619
40.644 117.253
40.675 117.250
40.726 117.714
40.771 117.460
40.780 117.290
40.958 117.798
41.008 117.384
41.111 117.438
41.119 117.300
41.132 117.821
41.136 117.412
41.144 117.273
41.156 117.830
41.195 117.280
41.295 117.751
41.306 117.486
41.314 117.280
41.331 117.135
41.428 117.329
41.459 117.221
41.665 117.376
41.720 117.449
41.787 117.343
41.819 117.293
41.861 117.355
41.953 117.552
41.991 117.427
42.031 117.577
42.218 117.244
42.389 117.535
42.449 117.372
42.744 117.311
42.801 117.335
42.834 117.547
42.895 117.284
42.926 117.410
42.967 117.276
43.035 117.223
43.107 117.232
43.130 117.252
43.213 117.474
43.262 117.622
43.295 117.902
43.307 117.545
43.319 117.613
43.373 117.327
43.446 117.593
43.446 117.236
43.490 117.116
43.496 117.214
43.554 118.082
43.614 117.611
43.705 117.744
44.004 117.279
44.037 117.194
44.180 118.007
44.197 117.460
44.225 117.326
44.261 117.444
44.476 117.159
44.488 117.236
44.530 117.187
44.569 117.614
44.573 117.651
44.809 117.317
44.814 117.090
44.844 117.981
44.964 117.510
44.964 117.915
45.024 117.175
45.113 117.778
45.162 117.475
45.232 117.280
45.306 117.469
45.364 117.489
45.396 117.306
45.563 117.560
45.579 117.211
45.640 117.383
45.664 117.365
45.665 117.896
45.753 117.531
45.840 117.222
45.859 117.247
45.968 117.300
45.973 117.656
46.081 117.227
46.148 117.270
46.188 117.272
46.221 117.349
46.383 117.511
46.410 117.535
46.417 117.505
46.527 117.112
46.574 117.512
46.619 117.263
46.677 117.681
46.700 117.180
46.771 117.184
46.778 117.400
46.908 117.117
46.915 117.464
46.934 117.337
46.980 117.575
47.025 117.436
47.083 117.246
47.101 117.715
47.108 117.300
47.135 117.358
47.181 117.586
47.188 117.506
47.458 118.051
47.458 117.650
47.462 117.398
47.465 117.062
47.481 117.358
47.502 117.616
47.541 117.254
47.563 117.534
47.565 117.805
47.569 117.411
47.579 117.358
47.645 117.795
47.810 117.775
47.890 117.446
47.950 117.198
47.954 117.473
48.002 117.837
48.195 117.380
48.216 117.056
48.221 117.504
48.228 117.133
48.308 117.348
48.313 117.632
48.390 117.368
48.513 117.596
48.517 117.447
48.527 117.286
48.550 117.446
48.643 117.575
48.770 117.612
48.773 117.288
48.819 117.266
48.977 117.439
48.982 117.172
48.999 117.633
49.007 117.257
49.042 117.514
49.044 117.692
49.044 117.616
49.158 117.228
49.184 117.462
49.273 117.426
49.277 117.114
49.296 117.458
49.320 117.385
49.380 117.154
49.412 117.672
49.492 117.298
49.557 117.582
49.648 117.418
49.861 117.691
50.008 117.623
50.013 117.359
50.034 117.409
50.035 117.442
50.087 117.186
50.108 117.109
50.119 117.164
50.135 117.157
50.230 117.661
50.272 117.544
50.294 117.279
50.347 117.397
50.428 117.538
50.534 117.513
50.568 117.918
50.622 117.481
50.760 117.400
50.806 117.306
50.820 117.716
50.843 117.535
50.982 117.526
50.988 117.241
51.115 117.483
51.217 117.234
51.378 117.996
51.390 117.345
51.610 117.607
51.804 117.333
51.817 117.973
51.855 117.434
51.904 117.255
51.925 117.161
51.939 117.668
52.354 117.443
52.429 117.315
52.433 117.771
52.468 117.055
52.474 117.581
52.575 117.484
52.773 117.387
52.820 117.561
52.921 117.296
52.926 117.589
53.041 117.204
53.043 117.402
53.086 117.410
53.103 118.107
53.209 117.268
53.257 117.425
53.303 117.540
53.303 117.389
53.402 117.378
53.447 117.388
53.490 117.208
53.519 117.651
53.567 117.311
53.632 117.439
53.691 117.527
53.832 117.271
53.868 117.449
53.875 117.303
53.910 117.211
54.086 117.376
54.142 117.203
54.289 117.498
54.369 117.821
54.389 117.607
54.401 117.687
54.576 117.690
54.621 117.258
54.650 117.613
54.652 117.870
54.752 117.563
54.925 117.818
55.097 117.203
55.129 117.269
55.134 117.159
55.262 117.517
55.263 117.800
55.419 117.324
55.557 117.593
55.566 117.357
55.573 117.895
55.581 117.745
55.675 117.421
55.687 117.556
55.836 117.566
55.840 117.133
55.907 117.518
56.105 117.576
56.178 117.563
56.316 117.285
56.457 117.367
56.480 117.186
56.490 117.289
56.582 117.187
56.586 117.211
56.589 118.021
56.613 117.542
56.690 117.812
56.741 117.772
56.966 117.556
56.995 117.490
57.069 117.454
57.423 117.686
57.453 117.650
57.513 117.497
57.558 117.457
57.741 117.391
57.951 117.534
57.989 117.338
58.006 117.369
58.044 117.336
58.143 117.286
58.310 117.570
58.363 117.546
58.424 117.564
58.537 117.369
58.558 117.618
58.563 118.104
58.632 117.425
58.666 117.328
58.870 117.444
59.086 117.515
59.430 117.749
59.510 117.945
59.786 117.657
60.101 117.410
60.130 117.596
60.152 117.482
60.230 117.437
60.316 117.653
60.451 117.970
60.480 117.888
60.489 117.484
60.504 117.640
60.549 117.752
60.556 117.673
60.762 117.712
60.903 117.910
60.965 117.502
61.166 117.460
61.180 117.648
61.273 117.663
61.382 117.760
61.413 117.570
61.440 117.311
61.441 117.500
62.105 117.628
62.181 117.384
62.324 117.626
62.392 117.409
62.472 117.688
63.464 117.629
63.630 117.845
63.668 117.217
63.957 117.457
63.968 117.960
64.032 117.424
64.076 117.402
64.650 117.381
64.916 117.436
65.176 117.184
65.300 117.644
65.305 118.034
65.485 118.027
65.724 117.636
66.298 117.405
66.383 118.050
66.550 118.086
66.668 117.343
66.809 117.398
66.932 117.702
67.390 117.817
67.610 117.803
67.641 117.580
67.937 117.599
68.053 117.956
68.192 117.442
68.441 117.394
69.043 117.211
69.351 117.721
69.473 117.547
70.129 117.785
70.266 117.458
70.739 117.244
71.255 117.515
71.444 117.652
71.731 117.736
72.000 117.185
72.695 117.363
72.773 117.802
72.816 117.464
72.821 117.627
73.387 117.358
73.802 117.698
73.959 117.509
74.596 117.496
74.962 117.560
75.406 117.427
75.632 117.824
76.159 117.654
76.444 117.340
76.727 117.550
76.772 117.596
76.844 117.828
76.849 117.501
77.030 117.440
77.176 117.947
78.793 117.402
79.374 117.510
79.826 117.420
79.846 117.621
79.861 117.537
80.027 117.379
80.785 117.833
80.885 117.577
81.356 117.669
81.446 117.656
82.585 117.952
82.885 117.877
83.785 117.513
83.952 117.556
86.571 117.702
86.876 117.648
87.108 117.891
87.177 117.442
87.303 118.126
88.202 117.945
89.000 117.693
89.135 117.653
89.647 118.080
89.779 117.811
89.789 117.462
90.011 117.513
90.760 117.873
93.055 117.887
93.174 117.790
93.754 117.996
95.629 117.527
96.208 117.457
96.437 117.402
96.956 117.879
97.938 117.800
98.265 117.692
100.594 117.502
101.774 117.758
102.969 117.838
103.844 117.897
104.802 118.147
107.179 117.638
110.664 117.737
111.707 117.850
112.007 117.568
112.450 118.000
112.693 117.541
114.928 117.750
115.340 117.634
115.855 117.648
120.267 117.853
122.706 117.932
125.438 118.017
126.392 117.746
135.866 117.928
142.216 118.022
142.234 117.814
149.234 117.920
149.998 117.903
177.910 118.041
183.868 117.852
199.624 117.954
205.171 118.110
208.175 118.054
209.607 117.999
211.419 118.042
219.851 118.077
222.641 118.019
268.782 118.227
269.409 117.861
275.194 117.937
281.745 118.361
302.177 118.067
303.877 118.047
400.789 118.087
469.812 118.652
501.714 118.259
938.008 118.410
1088.528 118.415
