# Ep lEiso
69.992 -9.635
72.569 -9.684
77.436 -9.665
78.611 -9.500
79.235 -9.597
80.656 -9.753
81.267 -9.674
81.706 -9.586
82.380 -9.667
82.407 -9.662
82.882 -9.561
83.708 -9.639
84.012 -9.648
84.502 -9.511
84.910 -9.691
85.079 -9.670
85.812 -9.527
85.928 -9.722
86.209 -9.701
86.283 -9.598
86.484 -9.505
86.517 -9.546
86.647 -9.643
86.860 -9.503
87.039 -9.503
87.287 -9.782
87.296 -9.575
87.424 -9.535
87.533 -9.510
87.614 -9.797
88.369 -9.742
88.404 -9.759
88.464 -9.683
88.694 -9.742
88.971 -9.649
89.000 -9.776
89.337 -9.436
89.512 -9.437
89.531 -9.707
89.801 -9.556
89.921 -9.614
90.003 -9.578
90.146 -9.709
90.172 -9.723
90.210 -9.588
90.308 -9.646
90.538 -9.770
90.896 -9.510
90.925 -9.492
90.946 -9.656
90.978 -9.503
91.038 -9.753
91.186 -9.586
91.247 -9.589
91.427 -9.443
91.452 -9.601
91.531 -9.622
92.036 -9.603
92.144 -9.580
92.479 -9.707
92.480 -9.698
92.645 -9.649
92.774 -9.634
92.989 -9.563
93.002 -9.723
93.162 -9.682
93.258 -9.447
93.569 -9.650
93.600 -9.656
93.709 -9.463
93.871 -9.639
93.872 -9.642
93.912 -9.465
93.983 -9.580
94.108 -9.696
94.191 -9.697
94.241 -9.555
94.457 -9.560
94.609 -9.518
94.615 -9.502
94.707 -9.609
94.737 -9.552
94.778 -9.673
94.867 -9.709
94.975 -9.539
95.022 -9.554
95.065 -9.583
95.299 -9.482
95.328 -9.573
95.370 -9.569
95.413 -9.549
95.516 -9.509
95.524 -9.686
95.536 -9.701
95.695 -9.583
95.735 -9.508
95.847 -9.737
96.093 -9.553
96.178 -9.579
96.181 -9.522
96.264 -9.635
96.272 -9.665
96.281 -9.727
96.294 -9.563
96.325 -9.608
96.371 -9.528
96.383 -9.551
96.489 -9.607
96.593 -9.612
96.626 -9.714
96.679 -9.648
96.685 -9.714
96.744 -9.545
96.819 -9.588
96.828 -9.528
96.877 -9.505
96.934 -9.623
97.440 -9.633
97.448 -9.492
97.513 -9.499
97.596 -9.626
97.617 -9.519
97.635 -9.532
97.713 -9.751
97.755 -9.480
97.779 -9.467
97.998 -9.731
98.022 -9.624
98.082 -9.471
98.175 -9.690
98.220 -9.600
98.331 -9.659
98.376 -9.575
98.461 -9.775
98.473 -9.482
98.651 -9.583
98.674 -9.585
98.845 -9.554
98.856 -9.626
98.958 -9.525
99.030 -9.676
99.048 -9.486
99.065 -9.492
99.231 -9.489
99.252 -9.456
99.276 -9.597
99.471 -9.657
99.494 -9.530
99.778 -9.542
99.791 -9.677
99.792 -9.646
100.057 -9.505
100.110 -9.711
100.199 -9.588
100.299 -9.630
100.452 -9.531
100.504 -9.599
100.516 -9.540
100.684 -9.608
100.733 -9.804
100.764 -9.722
100.843 -9.566
100.849 -9.669
100.914 -9.701
100.949 -9.634
101.099 -9.522
101.208 -9.480
101.521 -9.643
101.552 -9.448
101.614 -9.455
101.652 -9.626
101.732 -9.539
101.737 -9.573
101.922 -9.631
101.971 -9.535
101.994 -9.631
102.057 -9.402
102.064 -9.538
102.124 -9.447
102.153 -9.694
102.219 -9.490
102.347 -9.608
102.371 -9.687
102.407 -9.554
102.413 -9.605
102.606 -9.674
102.748 -9.589
102.806 -9.482
102.823 -9.624
102.931 -9.559
102.975 -9.475
103.020 -9.506
103.021 -9.519
103.077 -9.704
103.249 -9.745
103.346 -9.552
103.440 -9.428
103.491 -9.570
103.526 -9.567
103.550 -9.587
103.571 -9.649
103.604 -9.386
103.782 -9.713
103.833 -9.525
103.937 -9.700
103.963 -9.498
103.973 -9.714
104.028 -9.504
104.091 -9.559
104.133 -9.664
104.204 -9.621
104.229 -9.613
104.270 -9.457
104.465 -9.524
104.593 -9.658
104.622 -9.567
104.628 -9.652
104.662 -9.544
104.727 -9.538
104.753 -9.443
104.903 -9.555
105.387 -9.601
105.402 -9.430
105.428 -9.586
105.432 -9.492
105.579 -9.463
105.640 -9.514
105.681 -9.521
105.682 -9.585
105.721 -9.448
105.946 -9.505
105.957 -9.620
105.994 -9.453
106.286 -9.610
106.418 -9.533
106.513 -9.414
106.774 -9.472
106.950 -9.702
106.969 -9.732
107.130 -9.510
107.152 -9.540
107.278 -9.518
107.293 -9.713
107.363 -9.565
107.388 -9.640
107.390 -9.507
107.518 -9.488
107.612 -9.486
107.883 -9.638
107.887 -9.758
108.007 -9.752
108.096 -9.557
108.104 -9.686
108.320 -9.613
108.322 -9.489
108.323 -9.440
108.368 -9.706
108.387 -9.402
108.471 -9.556
108.539 -9.477
108.564 -9.518
108.570 -9.765
108.627 -9.508
108.900 -9.612
109.267 -9.457
109.271 -9.597
109.332 -9.589
109.544 -9.549
109.587 -9.482
109.613 -9.487
109.638 -9.513
109.728 -9.768
109.819 -9.617
109.828 -9.579
109.843 -9.461
109.866 -9.617
110.020 -9.825
110.094 -9.517
110.191 -9.651
110.215 -9.590
110.220 -9.593
110.244 -9.592
110.285 -9.698
110.357 -9.526
110.440 -9.644
110.481 -9.364
110.552 -9.782
110.574 -9.577
110.768 -9.655
110.772 -9.511
110.858 -9.573
110.860 -9.802
111.058 -9.466
111.290 -9.418
111.357 -9.475
111.476 -9.738
111.664 -9.573
111.729 -9.699
112.029 -10.148
112.154 -10.269
112.180 -10.253
112.190 -10.221
112.272 -10.169
112.357 -9.973
112.376 -10.239
112.462 -10.057
112.493 -10.195
112.644 -10.111
112.651 -10.295
112.657 -10.203
112.762 -10.229
112.822 -9.963
112.849 -10.232
112.900 -10.255
112.968 -10.312
113.043 -10.283
113.097 -10.238
113.196 -10.116
113.201 -10.022
113.212 -10.156
113.586 -10.195
113.664 -10.156
113.950 -9.907
113.959 -10.223
114.074 -10.175
114.129 -10.219
114.312 -10.188
114.359 -10.075
114.411 -10.217
114.436 -10.105
114.440 -10.164
114.444 -10.246
114.486 -10.112
114.521 -10.196
114.541 -9.988
114.604 -10.195
114.827 -10.050
115.034 -10.130
115.087 -10.270
115.222 -10.184
115.320 -10.209
115.477 -10.134
115.479 -10.103
115.576 -10.059
115.642 -10.286
115.737 -10.218
115.827 -10.301
115.831 -10.197
115.870 -10.224
115.970 -10.178
116.006 -10.048
116.017 -10.111
116.047 -10.292
116.157 -10.173
116.228 -10.062
116.286 -10.071
116.503 -10.221
116.549 -10.049
116.807 -10.227
116.821 -10.026
116.989 -10.142
117.008 -10.290
117.049 -10.083
117.053 -9.876
117.067 -10.201
117.123 -10.106
117.243 -10.145
117.729 -10.227
117.760 -10.075
117.762 -10.175
117.988 -10.148
118.265 -10.201
118.316 -9.987
118.397 -9.862
118.415 -9.919
118.483 -10.158
118.518 -9.944
118.541 -10.167
118.545 -10.188
118.802 -10.235
119.121 -9.978
119.215 -10.115
119.316 -10.249
119.468 -10.095
119.543 -10.227
119.561 -9.923
119.815 -10.142
119.994 -10.136
120.119 -10.160
120.241 -10.199
120.328 -10.167
120.343 -10.008
120.364 -10.098
120.453 -10.226
120.558 -10.022
120.665 -10.205
120.734 -10.218
120.776 -10.130
120.820 -10.156
120.843 -10.250
120.844 -9.904
120.996 -10.211
121.021 -10.228
121.054 -9.980
121.098 -10.155
121.271 -10.149
121.303 -10.148
121.321 -10.064
121.451 -10.245
121.508 -10.150
121.571 -10.213
121.711 -9.926
121.768 -10.092
121.862 -9.892
122.374 -10.078
122.425 -10.022
122.519 -10.168
122.575 -10.177
122.596 -10.035
122.617 -10.186
122.659 -10.016
122.774 -10.174
123.013 -10.199
123.091 -10.135
123.108 -10.180
123.113 -10.211
123.132 -10.191
123.163 -10.158
123.226 -10.171
123.238 -10.176
123.241 -10.037
123.242 -10.142
123.322 -10.151
123.364 -10.227
123.586 -10.188
123.684 -10.147
123.703 -10.151
123.736 -10.161
123.762 -10.143
123.873 -10.124
123.895 -10.074
123.963 -10.047
123.972 -9.927
123.986 -10.060
124.267 -10.126
124.282 -10.195
124.538 -10.153
124.547 -10.170
124.559 -9.858
124.666 -10.155
124.671 -10.185
124.821 -10.156
124.875 -10.047
124.884 -10.201
124.909 -10.205
125.027 -10.120
125.139 -10.200
125.176 -10.089
125.217 -10.155
125.286 -9.935
125.433 -10.136
125.595 -10.187
125.632 -9.976
125.667 -10.085
125.742 -10.113
125.821 -10.024
125.938 -10.144
126.156 -10.181
126.289 -10.119
126.333 -10.215
126.414 -9.921
126.426 -10.065
126.608 -10.194
126.626 -10.160
126.775 -10.140
126.853 -10.051
127.006 -10.201
127.222 -10.147
127.357 -10.044
127.446 -10.167
127.594 -10.121
127.595 -10.177
127.610 -10.105
127.636 -10.193
127.823 -10.215
127.842 -10.160
128.429 -10.175
128.435 -9.958
128.476 -10.075
128.692 -10.164
128.926 -10.128
128.945 -10.184
128.984 -9.759
129.022 -9.916
129.037 -10.171
129.183 -10.178
129.267 -10.012
129.370 -10.023
129.400 -10.163
129.437 -10.111
129.469 -10.132
129.481 -10.035
129.489 -9.992
129.503 -10.118
129.550 -10.123
129.602 -9.993
129.943 -10.105
130.029 -9.997
130.046 -10.123
130.347 -10.026
130.375 -10.098
130.452 -10.128
130.545 -10.148
130.591 -10.193
131.102 -10.097
131.123 -10.159
131.156 -10.154
131.364 -10.074
131.437 -9.864
131.688 -10.125
131.963 -9.932
131.977 -10.126
132.094 -9.824
132.331 -9.928
132.497 -10.166
132.557 -10.122
132.719 -10.020
132.839 -10.119
132.896 -10.042
132.923 -10.138
132.990 -10.086
133.274 -10.107
133.313 -10.097
133.391 -10.095
133.477 -9.843
133.507 -9.974
133.566 -10.018
133.661 -10.012
133.862 -10.096
133.894 -10.051
133.913 -10.189
133.920 -10.060
133.921 -10.081
133.958 -9.832
133.972 -10.153
134.138 -10.199
134.243 -10.111
134.275 -9.998
134.468 -9.910
134.765 -10.016
134.796 -10.157
134.861 -10.158
134.965 -9.881
135.057 -10.076
135.074 -10.141
135.440 -9.943
135.541 -10.102
135.751 -10.079
135.769 -10.132
135.795 -9.932
135.804 -10.089
135.819 -10.143
135.845 -9.928
135.924 -10.139
136.127 -9.957
136.150 -10.058
136.166 -10.138
136.202 -10.072
136.399 -10.117
136.462 -10.159
136.881 -10.096
136.994 -10.067
137.131 -10.107
137.195 -10.126
137.282 -10.102
137.467 -10.025
137.545 -10.072
137.626 -10.014
138.005 -10.140
138.351 -10.102
138.473 -10.088
139.122 -10.105
139.252 -10.095
139.326 -10.012
139.462 -10.112
139.532 -10.063
139.623 -10.113
139.777 -10.132
139.937 -10.127
139.990 -10.118
140.174 -10.123
140.283 -10.092
140.357 -9.864
140.384 -10.002
140.411 -9.975
140.531 -10.084
140.693 -9.980
140.694 -10.117
140.792 -10.038
140.806 -10.125
140.935 -9.789
141.069 -10.110
141.270 -9.915
141.930 -10.088
142.003 -9.836
142.318 -9.803
142.356 -10.073
142.417 -10.064
142.496 -10.064
142.966 -10.123
142.992 -10.093
143.083 -10.111
143.168 -9.946
143.177 -10.056
143.741 -10.058
143.755 -10.146
143.829 -9.803
144.137 -10.121
144.139 -10.112
144.308 -10.113
144.557 -10.126
144.696 -9.998
144.890 -10.073
145.097 -10.000
145.259 -10.049
145.348 -10.063
145.814 -9.965
145.858 -10.099
146.028 -10.033
146.093 -10.040
146.097 -9.836
146.339 -10.039
146.581 -10.095
146.634 -10.086
146.934 -10.065
146.946 -9.928
147.242 -10.079
147.426 -10.077
147.534 -10.076
147.626 -10.046
148.066 -9.984
148.138 -9.975
148.157 -9.986
148.455 -10.137
148.583 -10.015
148.705 -10.079
148.859 -9.918
148.922 -10.111
149.142 -10.108
149.163 -10.025
149.572 -10.074
149.594 -10.075
149.653 -10.045
149.795 -10.030
149.933 -10.005
150.113 -10.077
150.169 -9.896
150.192 -10.056
150.274 -10.032
150.417 -9.944
150.440 -9.974
151.267 -9.758
151.269 -9.835
151.280 -10.009
151.289 -10.046
151.338 -10.024
151.404 -9.924
151.522 -10.063
151.591 -9.955
151.594 -9.850
151.608 -10.002
151.638 -10.022
151.841 -10.049
152.337 -10.057
152.580 -9.993
152.761 -10.090
152.772 -9.984
152.917 -9.845
153.492 -10.019
153.556 -10.049
153.570 -9.971
153.590 -10.072
153.826 -10.029
153.841 -9.920
154.069 -10.020
154.435 -9.929
154.447 -10.059
154.477 -10.048
154.545 -9.986
154.814 -10.076
155.183 -9.917
155.193 -10.042
155.326 -10.050
155.817 -9.981
155.835 -10.047
155.896 -10.010
155.922 -10.051
156.044 -9.952
156.050 -9.883
156.051 -9.913
156.447 -10.023
156.536 -10.027
156.837 -9.986
156.849 -9.870
156.914 -9.973
156.996 -10.002
157.198 -10.090
157.308 -9.891
157.577 -10.035
157.798 -9.926
158.105 -9.989
158.824 -10.004
159.305 -9.910
159.321 -10.012
159.389 -9.992
159.394 -9.980
159.564 -10.078
159.633 -10.025
159.669 -10.087
159.720 -9.679
160.031 -10.032
160.170 -10.023
160.242 -9.780
160.417 -9.997
160.680 -9.943
161.027 -9.952
161.140 -9.796
161.319 -9.979
161.752 -9.996
161.897 -9.755
161.940 -9.736
162.013 -9.998
162.453 -9.947
162.471 -10.057
162.872 -9.964
163.192 -10.060
163.715 -9.766
163.762 -10.017
164.600 -9.914
165.315 -10.017
165.363 -9.770
165.504 -9.978
165.686 -9.994
165.762 -10.053
165.814 -9.887
167.342 -9.982
167.621 -10.018
167.633 -9.842
167.765 -9.774
167.787 -9.856
168.157 -9.952
168.854 -9.987
169.019 -9.920
169.367 -9.748
169.387 -9.948
169.786 -10.055
169.791 -9.979
169.942 -9.975
169.999 -9.707
170.370 -9.978
170.534 -9.968
170.695 -9.923
170.696 -9.982
171.039 -9.985
171.195 -9.981
171.343 -10.003
171.446 -9.960
171.610 -10.009
171.838 -9.960
172.042 -9.925
172.531 -9.963
172.656 -9.650
172.679 -9.963
172.792 -9.917
173.373 -9.980
173.603 -9.990
174.205 -9.929
174.529 -9.803
174.612 -9.885
174.661 -9.854
175.378 -9.930
175.560 -10.016
175.682 -9.878
175.686 -9.779
176.096 -9.896
176.805 -9.795
177.508 -10.028
177.641 -10.003
177.661 -10.045
178.182 -9.905
178.188 -9.796
178.800 -9.976
179.315 -9.974
179.350 -9.961
179.374 -9.754
179.403 -9.812
179.756 -9.935
179.799 -9.883
180.356 -9.918
180.371 -10.043
180.622 -9.894
181.361 -9.869
181.632 -9.931
182.148 -9.977
182.676 -9.944
182.760 -10.013
182.799 -9.973
183.140 -9.839
183.158 -9.926
183.166 -9.690
183.256 -9.874
183.546 -9.769
183.733 -9.783
184.577 -9.863
184.682 -9.888
184.959 -9.901
186.455 -9.810
186.582 -9.932
186.845 -9.928
187.039 -9.898
187.827 -9.923
188.736 -9.868
188.899 -9.943
188.975 -9.931
189.137 -9.944
189.567 -9.923
190.288 -9.853
190.516 -9.862
190.782 -9.855
191.267 -9.930
191.360 -9.862
191.382 -9.647
191.681 -9.908
191.827 -9.946
192.710 -9.901
193.640 -9.873
194.964 -9.780
195.265 -9.703
196.306 -9.812
197.489 -9.904
197.601 -9.832
197.681 -9.876
197.976 -9.892
198.301 -9.844
198.810 -9.685
198.917 -9.716
198.952 -9.872
199.010 -9.724
199.180 -9.677
199.204 -9.798
200.120 -9.781
200.829 -9.896
201.137 -9.859
202.153 -9.872
202.221 -9.799
202.690 -9.792
203.238 -9.753
203.396 -9.826
203.528 -9.748
203.532 -9.853
206.463 -9.795
206.785 -9.888
207.396 -9.862
207.684 -9.876
208.026 -9.768
212.246 -9.874
212.954 -9.694
213.117 -9.765
214.346 -9.839
214.395 -9.645
214.666 -9.851
214.854 -9.859
217.165 -9.861
218.300 -9.836
219.546 -9.919
220.135 -9.807
220.162 -9.601
221.020 -9.601
222.162 -9.748
224.905 -9.829
225.310 -9.580
226.111 -9.564
226.673 -9.848
227.348 -9.825
227.934 -9.792
230.124 -9.656
231.177 -9.659
231.322 -9.744
232.739 -9.733
233.219 -9.817
233.740 -9.792
234.679 -9.809
236.940 -9.589
238.100 -9.678
238.559 -9.799
241.412 -9.649
242.134 -9.774
244.632 -9.853
247.357 -9.744
248.359 -9.690
249.876 -9.787
251.297 -9.746
254.350 -9.795
254.662 -9.739
254.833 -9.756
254.854 -9.694
257.112 -9.797
258.768 -9.665
259.391 -9.738
261.930 -9.742
263.392 -9.717
265.162 -9.768
266.063 -9.615
268.167 -9.680
269.544 -9.588
271.169 -9.719
271.426 -9.701
271.838 -9.611
271.868 -9.737
272.904 -9.685
273.741 -9.564
280.780 -9.598
283.189 -9.717
285.061 -9.459
285.143 -9.671
285.206 -9.704
285.895 -9.763
289.034 -9.583
289.448 -9.681
291.399 -9.643
291.773 -9.647
296.490 -9.525
297.731 -9.552
301.433 -9.686
301.913 -9.669
311.233 -9.367
312.542 -9.614
313.533 -9.519
313.829 -9.691
314.368 -9.427
318.222 -9.489
321.640 -9.580
322.220 -9.594
324.413 -9.426
324.978 -9.528
325.020 -9.663
325.975 -9.641
329.183 -9.497
337.098 -9.483
337.437 -9.520
339.101 -9.440
344.476 -9.573
346.137 -9.645
346.793 -9.666
348.280 -9.482
351.098 -9.511
352.035 -9.553
361.224 -9.619
366.506 -9.516
370.045 -9.412
372.636 -9.456
375.472 -9.277
382.511 -9.546
392.829 -9.497
395.918 -9.534
396.808 -9.558
398.118 -9.390
398.839 -9.566
404.995 -9.480
405.770 -9.524
406.739 -9.518
415.040 -9.432
419.628 -9.439
428.345 -9.358
431.424 -9.460
456.281 -9.375
469.126 -9.335
469.164 -9.416
483.323 -9.071
484.868 -9.377
534.407 -9.312
547.786 -9.379
571.462 -9.326
579.798 -8.995
584.311 -9.280
586.464 -9.300
589.186 -9.282
601.857 -9.261
606.049 -9.281
667.601 -9.179
668.887 -9.015
680.741 -9.283
694.166 -9.112
720.287 -9.214
722.409 -9.101
833.472 -8.888
952.993 -8.886
1005.833 -8.763
1497.048 -8.763
1851.146 -8.764
