# Ep lEiso
1.005 -8.810
1.012 -8.855
1.048 -8.838
1.069 -8.736
1.080 -8.792
1.106 -8.850
1.122 -8.700
1.136 -8.786
1.158 -8.844
1.159 -8.841
1.174 -8.783
1.201 -8.810
1.211 -8.726
1.231 -8.766
1.251 -8.804
1.259 -8.862
1.294 -8.779
1.300 -8.800
1.313 -8.876
1.317 -8.819
1.327 -8.768
1.328 -8.791
1.334 -8.843
1.345 -8.768
1.353 -8.769
1.366 -8.821
1.367 -8.807
1.375 -8.785
1.382 -8.771
1.387 -8.805
1.435 -8.896
1.438 -8.905
1.441 -8.863
1.456 -8.842
1.474 -8.843
1.475 -8.916
1.497 -8.717
1.508 -8.716
1.509 -8.876
1.527 -8.785
1.534 -8.819
1.540 -8.798
1.551 -8.880
1.553 -8.889
1.556 -8.808
1.564 -8.844
1.582 -8.842
1.609 -8.769
1.612 -8.759
1.613 -8.859
1.616 -8.766
1.620 -8.920
1.632 -8.820
1.636 -8.823
1.659 -8.735
1.662 -8.832
1.671 -8.846
1.733 -8.694
1.746 -8.828
1.789 -8.800
1.789 -8.792
1.812 -8.873
1.831 -8.864
1.861 -8.820
1.863 -8.918
1.885 -8.893
1.898 -8.750
1.942 -8.828
1.946 -8.834
1.962 -8.760
1.984 -8.866
1.985 -8.868
1.990 -8.761
2.000 -8.830
2.018 -8.900
2.029 -8.807
2.036 -8.815
2.066 -8.818
2.089 -8.793
2.090 -8.784
2.104 -8.847
2.108 -8.813
2.115 -8.839
2.129 -8.795
2.145 -8.806
2.152 -8.814
2.159 -8.831
2.195 -8.774
2.200 -8.825
2.206 -8.823
2.213 -8.811
2.229 -8.737
2.230 -8.758
2.232 -8.714
2.256 -8.716
2.263 -8.789
2.280 -8.732
2.318 -8.813
2.331 -8.827
2.331 -8.797
2.344 -8.857
2.345 -8.872
2.347 -8.905
2.349 -8.819
2.354 -8.842
2.361 -8.735
2.363 -8.812
2.379 -8.774
2.396 -8.786
2.401 -8.897
2.410 -8.862
2.411 -8.897
2.421 -8.807
2.433 -8.830
2.435 -8.797
2.443 -8.785
2.452 -8.724
2.545 -8.854
2.547 -8.806
2.563 -8.775
2.583 -8.850
2.588 -8.786
2.593 -8.794
2.612 -8.927
2.622 -8.761
2.628 -8.753
2.682 -8.918
2.688 -8.850
2.703 -8.752
2.726 -8.835
2.737 -8.835
2.765 -8.877
2.777 -8.822
2.799 -8.957
2.802 -8.833
2.848 -8.836
2.854 -8.838
2.898 -8.821
2.901 -8.870
2.927 -8.724
2.945 -8.770
2.950 -8.782
2.954 -8.786
2.997 -8.789
3.003 -8.767
3.009 -8.862
3.059 -8.908
3.065 -8.823
3.138 -8.839
3.142 -8.797
3.142 -8.910
3.213 -8.816
3.227 -8.955
3.251 -8.872
3.277 -8.901
3.318 -8.835
3.332 -8.881
3.335 -8.842
3.380 -8.845
3.393 -9.019
3.401 -8.830
3.422 -8.824
3.424 -8.877
3.441 -8.951
3.451 -8.813
3.491 -8.833
3.520 -8.805
3.605 -8.807
3.614 -8.787
3.631 -8.791
3.641 -8.819
3.663 -8.847
3.664 -8.870
3.735 -8.908
3.754 -8.821
3.763 -8.861
3.787 -8.759
3.790 -8.847
3.813 -8.788
3.825 -8.949
3.850 -8.817
3.900 -8.842
3.909 -8.945
3.923 -8.859
3.926 -8.800
4.002 -8.854
4.057 -8.792
4.080 -8.814
4.087 -8.871
4.130 -8.864
4.147 -8.811
4.164 -8.830
4.165 -8.838
4.187 -8.829
4.255 -8.982
4.293 -8.860
4.330 -8.783
4.350 -8.872
4.364 -8.870
4.374 -8.883
4.382 -8.786
4.395 -8.758
4.466 -8.962
4.486 -8.768
4.528 -8.954
4.538 -8.829
4.542 -8.901
4.564 -8.833
4.589 -8.867
4.606 -8.932
4.634 -8.823
4.644 -8.790
4.660 -8.805
4.738 -8.847
4.789 -8.928
4.801 -8.873
4.803 -8.925
4.817 -8.860
4.843 -8.856
4.853 -8.798
4.913 -8.780
5.112 -8.895
5.120 -8.794
5.134 -8.886
5.137 -8.831
5.217 -8.815
5.251 -8.846
5.273 -8.851
5.274 -8.888
5.295 -8.807
5.418 -8.843
5.424 -8.911
5.445 -8.793
5.605 -8.908
5.677 -8.864
5.730 -8.795
5.874 -8.831
5.970 -8.770
5.981 -8.985
6.069 -8.856
6.082 -8.874
6.151 -8.862
6.159 -8.790
6.198 -8.890
6.211 -8.934
6.212 -8.856
6.283 -8.846
6.335 -8.846
6.484 -8.936
6.487 -9.006
6.552 -9.003
6.602 -8.891
6.606 -8.965
6.725 -8.925
6.726 -8.853
6.727 -8.825
6.751 -8.931
6.762 -8.803
6.813 -8.893
6.862 -8.847
6.880 -8.871
6.884 -9.013
6.925 -8.865
7.122 -8.924
7.386 -8.836
7.389 -8.915
7.433 -8.910
7.585 -8.888
7.616 -8.768
7.635 -8.853
7.653 -8.868
7.717 -9.009
7.783 -8.925
7.789 -8.904
7.800 -8.775
7.817 -8.925
7.928 -9.039
7.980 -8.870
8.050 -8.944
8.067 -8.910
8.071 -8.912
8.088 -8.911
8.118 -8.969
8.169 -8.875
8.228 -8.940
8.259 -8.786
8.314 -9.010
8.332 -8.902
8.491 -8.943
8.495 -8.867
8.565 -8.900
8.567 -8.956
8.729 -8.843
8.967 -8.823
9.036 -8.855
9.159 -9.001
9.353 -8.916
9.420 -8.917
9.728 -8.956
9.856 -8.970
9.884 -8.967
9.893 -9.001
9.978 -8.866
10.065 -8.812
10.084 -9.005
10.172 -8.985
10.204 -8.960
10.358 -9.003
10.365 -8.947
10.372 -9.016
10.479 -8.929
10.540 -9.027
10.568 -9.078
10.620 -8.930
10.689 -8.965
10.765 -8.949
10.821 -9.029
10.932 -8.853
10.938 -8.797
10.952 -8.877
11.418 -8.905
11.515 -8.883
11.870 -8.911
11.881 -9.013
12.024 -9.038
12.092 -8.931
12.318 -8.917
12.377 -8.848
12.441 -8.938
12.472 -9.063
12.477 -8.866
12.481 -8.956
12.534 -8.873
12.577 -8.926
12.601 -9.028
12.679 -8.926
12.952 -8.837
13.212 -8.890
13.291 -8.979
13.489 -8.924
13.632 -8.940
13.862 -8.892
13.865 -8.873
14.007 -8.846
14.103 -8.989
14.243 -8.945
14.375 -9.075
14.380 -8.933
14.436 -9.007
14.582 -9.044
14.635 -8.998
14.650 -8.881
14.693 -8.994
14.853 -9.032
14.955 -9.021
15.040 -8.859
15.354 -8.953
15.421 -8.848
15.830 -9.019
15.852 -8.838
16.136 -8.916
16.167 -9.013
16.236 -8.880
16.242 -9.009
16.266 -9.026
16.361 -8.897
16.563 -9.036
17.381 -9.047
17.432 -9.110
17.436 -8.931
17.810 -8.951
18.290 -9.102
18.381 -9.165
18.528 -9.059
18.560 -8.901
18.683 -8.967
18.746 -8.952
18.788 -9.090
18.795 -8.990
19.261 -9.148
19.830 -9.049
19.996 -8.940
20.175 -9.151
20.445 -8.925
20.578 -9.020
20.609 -9.065
21.059 -8.960
21.376 -8.955
21.597 -8.972
21.813 -9.000
21.963 -9.130
21.989 -8.971
22.025 -9.139
22.179 -9.019
22.360 -8.877
22.544 -9.004
22.663 -9.013
22.735 -9.198
22.811 -8.970
22.851 -9.036
22.852 -9.050
23.108 -9.009
23.148 -9.020
23.201 -9.039
23.275 -8.969
23.558 -8.966
23.611 -9.059
23.639 -9.172
23.853 -9.032
23.946 -8.917
24.049 -9.010
24.279 -9.055
24.372 -8.926
24.526 -9.123
25.336 -8.922
25.411 -9.017
25.550 -8.988
25.634 -9.005
25.664 -8.896
25.695 -9.003
25.757 -8.883
25.927 -9.101
26.281 -9.083
26.397 -9.118
26.421 -8.936
26.428 -9.145
26.457 -9.139
26.502 -9.071
26.595 -8.937
26.614 -9.013
26.617 -8.908
26.619 -9.090
26.738 -8.996
26.799 -9.123
27.129 -8.919
27.272 -9.001
27.300 -9.005
27.346 -9.014
27.384 -9.169
27.541 -9.105
27.572 -8.948
27.662 -9.230
27.673 -9.096
27.692 -9.147
28.062 -9.163
28.081 -9.078
28.419 -9.013
28.431 -9.102
28.446 -9.035
28.587 -9.015
28.593 -9.171
28.791 -9.242
28.862 -8.931
28.873 -9.178
28.907 -9.141
29.062 -9.148
29.210 -9.129
29.259 -8.965
29.312 -9.073
29.404 -8.883
29.596 -9.004
29.803 -9.045
29.849 -8.877
29.892 -9.098
29.984 -8.987
30.080 -8.917
30.216 -9.097
30.471 -9.104
30.625 -9.204
30.677 -9.223
30.772 -9.035
30.786 -8.952
30.998 -9.115
31.019 -9.150
31.192 -8.954
31.284 -9.147
31.462 -9.130
31.713 -9.168
31.863 -8.982
31.961 -8.996
32.123 -9.016
32.124 -9.167
32.141 -9.118
32.170 -9.193
32.375 -9.392
32.396 -9.347
33.031 -9.311
33.037 -9.291
33.079 -9.385
33.302 -9.326
33.544 -9.686
33.564 -9.642
33.602 -9.333
33.640 -9.437
33.654 -9.475
33.795 -9.615
33.875 -9.708
33.975 -9.671
34.004 -9.788
34.039 -9.650
34.070 -9.674
34.082 -9.530
34.090 -9.472
34.103 -9.585
34.148 -9.590
34.199 -9.506
34.527 -9.697
34.610 -9.522
34.627 -9.605
34.916 -9.807
34.943 -9.523
35.017 -9.716
35.107 -9.637
35.152 -9.544
35.623 -9.509
35.643 -9.646
35.673 -9.577
35.850 -9.581
35.910 -9.423
36.121 -9.676
36.352 -9.453
36.364 -9.807
36.462 -9.359
36.660 -9.434
36.800 -9.727
36.850 -9.746
36.979 -9.503
37.073 -9.753
37.118 -9.752
37.138 -9.607
37.191 -9.489
37.412 -9.576
37.443 -9.566
37.504 -9.564
37.571 -9.320
37.594 -9.751
37.640 -9.824
37.714 -9.479
37.871 -9.560
37.896 -9.515
37.911 -9.397
37.916 -9.688
37.917 -9.545
37.946 -9.294
37.957 -9.737
38.086 -9.662
38.168 -9.571
38.194 -9.455
38.343 -9.359
38.547 -9.469
38.567 -9.620
38.609 -9.798
38.678 -9.322
38.739 -9.534
38.750 -9.605
38.991 -9.386
39.058 -9.565
39.197 -9.541
39.208 -9.602
39.225 -9.371
39.231 -9.552
39.241 -9.614
39.258 -9.796
39.311 -9.611
39.444 -9.398
39.459 -9.289
39.470 -9.864
39.494 -9.677
39.624 -9.732
39.662 -9.638
39.918 -9.560
39.987 -9.347
40.071 -9.806
40.110 -9.596
40.163 -9.565
40.277 -9.468
40.324 -9.772
40.373 -9.453
40.605 -9.610
40.815 -9.562
40.885 -9.554
41.224 -9.784
41.290 -9.671
41.328 -9.520
41.398 -9.667
41.434 -9.605
41.480 -9.682
41.559 -9.721
41.641 -9.727
41.668 -9.719
41.762 -9.611
41.818 -9.537
41.855 -9.387
41.868 -9.583
41.881 -9.545
41.939 -9.703
42.018 -9.556
42.018 -9.372
42.065 -9.819
42.072 -9.765
42.135 -9.287
42.199 -9.546
42.297 -9.473
42.615 -9.729
42.651 -9.527
42.803 -9.329
42.820 -9.527
42.849 -9.703
42.885 -9.640
43.103 -9.787
43.115 -9.748
43.157 -9.772
43.196 -9.967
43.201 -9.544
43.438 -9.707
43.443 -9.810
43.473 -9.409
43.598 -9.624
43.599 -9.450
43.667 -9.766
43.765 -9.514
43.819 -9.641
43.895 -9.722
43.976 -9.645
44.040 -9.823
44.075 -9.711
44.258 -9.484
44.275 -9.546
44.342 -9.681
44.368 -9.687
44.369 -9.486
44.462 -9.625
44.555 -9.741
44.575 -9.732
44.690 -9.836
44.695 -9.580
44.808 -9.739
44.878 -9.723
44.920 -9.508
44.955 -9.554
45.122 -9.635
45.149 -9.627
45.157 -9.638
45.269 -9.779
45.317 -9.635
45.363 -9.725
45.421 -9.575
45.445 -9.792
45.516 -9.753
45.523 -9.676
45.655 -9.777
45.662 -9.571
45.680 -9.698
45.726 -9.839
45.770 -9.778
45.827 -9.731
45.845 -9.564
45.852 -9.712
45.878 -9.691
45.924 -9.610
45.931 -9.882
46.195 -9.447
46.196 -9.517
46.199 -9.677
46.202 -9.795
46.217 -9.911
46.238 -9.818
46.276 -9.760
46.297 -9.629
46.298 -9.533
46.303 -9.558
46.312 -9.691
46.376 -9.538
46.534 -9.550
46.610 -9.671
46.667 -9.760
46.671 -9.664
46.717 -9.983
46.898 -9.701
46.918 -9.814
46.922 -9.657
46.929 -9.907
47.003 -9.821
47.008 -9.988
47.080 -9.705
47.195 -9.625
47.198 -9.786
47.208 -9.734
47.229 -9.678
47.314 -9.633
47.430 -9.620
47.433 -9.733
47.475 -9.741
47.619 -9.680
47.624 -9.773
47.640 -9.613
47.646 -9.744
47.679 -9.654
47.680 -9.592
47.680 -9.867
47.784 -9.754
47.808 -9.672
47.887 -9.648
47.890 -9.868
47.907 -9.635
47.929 -9.699
47.982 -9.779
48.011 -9.600
48.082 -9.729
48.140 -9.631
48.221 -9.688
48.411 -9.593
48.538 -9.517
48.542 -9.708
48.560 -9.691
48.561 -9.679
48.607 -9.768
48.625 -9.795
48.634 -9.776
48.648 -9.410
48.730 -9.604
48.767 -9.644
48.786 -9.501
48.833 -9.534
48.903 -9.646
48.995 -9.655
49.025 -9.516
49.073 -9.666
49.189 -9.831
49.228 -9.479
49.239 -9.462
49.259 -9.648
49.377 -9.787
49.382 -9.749
49.489 -9.666
49.576 -9.939
49.705 -9.489
49.714 -9.713
49.876 -9.823
50.014 -9.717
50.024 -9.498
50.051 -9.682
50.086 -9.744
50.101 -9.855
50.111 -9.907
50.410 -9.679
50.465 -9.723
50.467 -9.567
50.493 -9.812
50.498 -9.856
50.571 -9.846
50.709 -9.747
50.742 -9.639
50.811 -9.481
50.815 -9.623
50.895 -9.746
50.896 -9.677
50.926 -9.671
50.938 -9.425
51.012 -9.715
51.045 -9.660
51.078 -9.619
51.078 -9.673
51.147 -9.677
51.179 -9.782
51.209 -9.737
51.230 -9.580
51.263 -9.514
51.310 -9.655
51.351 -9.624
51.451 -9.714
51.477 -9.375
51.481 -9.501
51.505 -9.735
51.623 -9.677
51.660 -9.738
51.758 -9.635
51.811 -9.522
51.825 -9.597
51.833 -9.535
51.952 -9.515
51.982 -9.718
52.003 -9.595
52.003 -9.506
52.071 -9.612
52.190 -9.471
52.309 -9.809
52.331 -9.714
52.335 -9.752
52.423 -9.763
52.424 -9.779
52.528 -9.837
52.616 -9.603
52.622 -9.684
52.627 -9.499
52.632 -9.781
52.693 -9.662
52.700 -9.819
52.797 -9.612
52.800 -9.869
52.843 -9.629
52.972 -9.609
53.019 -9.613
53.111 -9.708
53.206 -9.680
53.221 -9.742
53.228 -9.707
53.289 -9.841
53.292 -9.733
53.294 -9.458
53.310 -9.488
53.362 -9.529
53.395 -9.543
53.547 -9.616
53.566 -9.465
53.617 -9.651
53.838 -9.575
53.857 -9.587
53.894 -9.640
53.922 -9.742
54.036 -9.498
54.167 -9.631
54.190 -9.698
54.201 -9.687
54.225 -9.698
54.290 -9.714
54.399 -9.615
54.434 -9.623
54.474 -9.616
54.548 -9.680
54.562 -9.503
54.565 -9.429
54.610 -9.660
54.632 -9.693
54.766 -9.650
54.907 -9.623
55.117 -9.541
55.165 -9.473
55.333 -9.573
55.523 -9.658
55.541 -9.594
55.554 -9.633
55.601 -9.648
55.654 -9.575
55.736 -9.466
55.753 -9.494
55.758 -9.632
55.768 -9.501
55.795 -9.460
55.799 -9.568
55.933 -9.805
56.025 -9.488
56.065 -9.626
56.197 -9.641
56.206 -9.577
56.267 -9.572
56.338 -9.539
56.359 -9.603
56.376 -9.535
56.377 -9.627
56.757 -9.584
56.799 -9.666
56.886 -9.583
56.927 -9.473
56.976 -9.722
57.578 -9.566
57.679 -9.754
57.702 -9.721
57.877 -9.776
57.884 -9.445
57.923 -9.629
57.950 -9.636
58.318 -9.643
58.466 -9.624
58.611 -9.710
58.680 -9.553
58.683 -9.420
58.783 -9.423
58.916 -9.556
59.236 -9.634
59.283 -9.417
59.385 -9.404
59.461 -9.653
59.551 -9.633
59.630 -9.529
59.923 -9.485
60.064 -9.487
60.084 -9.563
60.274 -9.431
60.338 -9.430
60.408 -9.605
60.534 -9.621
60.837 -9.682
61.009 -9.683
61.081 -9.615
61.473 -9.489
61.554 -9.601
61.836 -9.675
62.144 -9.585
62.257 -9.466
62.428 -9.513
62.588 -9.699
62.968 -9.639
63.011 -9.490
63.035 -9.710
63.038 -9.549
63.349 -9.674
63.578 -9.517
63.664 -9.582
64.015 -9.584
64.216 -9.558
64.460 -9.690
64.585 -9.458
64.875 -9.684
65.044 -9.634
65.242 -9.414
65.273 -9.541
65.323 -9.454
65.327 -9.576
65.453 -9.600
65.554 -9.413
66.410 -9.398
66.703 -9.576
66.931 -9.340
66.941 -9.536
66.949 -9.638
67.032 -9.319
67.414 -9.462
67.465 -9.421
67.730 -9.673
67.790 -9.630
68.544 -9.415
68.742 -9.439
69.333 -9.393
69.410 -9.544
70.611 -9.284
70.755 -9.704
70.899 -9.417
70.942 -9.689
71.021 -9.335
71.583 -9.387
72.081 -9.414
72.166 -9.614
72.486 -9.323
72.568 -9.418
72.574 -9.544
72.713 -9.314
73.181 -9.386
74.335 -9.367
74.385 -9.404
74.677 -9.327
75.781 -9.510
76.122 -9.538
76.257 -9.558
76.562 -9.387
77.141 -9.420
77.333 -9.460
78.705 -9.533
79.533 -9.445
80.194 -9.352
80.679 -9.390
81.209 -9.232
82.525 -9.522
84.453 -9.248
85.233 -9.376
85.479 -9.552
85.842 -9.320
86.041 -9.478
87.744 -9.224
87.958 -9.436
88.226 -9.429
90.522 -9.344
91.966 -9.305
94.091 -9.251
94.833 -9.342
101.265 -9.435
105.890 -9.203
105.903 -9.380
111.188 -8.936
112.011 -9.125
135.746 -9.147
141.241 -9.220
154.944 -9.188
159.875 -8.882
162.544 -8.986
163.817 -8.993
165.504 -9.067
176.190 -8.972
179.726 -8.928
225.675 -8.992
226.384 -9.154
232.926 -9.061
240.470 -8.939
260.982 -9.004
262.649 -8.932
364.200 -8.786
439.910 -8.789
482.539 -8.736
916.658 -8.734
1071.883 -8.771
