# Ep lEiso
111.118 -7.920
112.425 -7.898
115.167 -7.848
115.896 -7.852
116.282 -7.877
117.154 -7.859
117.406 -7.824
117.629 -7.807
117.971 -7.877
117.984 -7.889
118.226 -7.858
118.644 -7.868
118.799 -7.826
119.118 -7.843
119.393 -7.859
119.468 -7.835
119.790 -7.844
119.841 -7.854
119.965 -7.812
119.997 -7.862
120.086 -7.837
120.101 -7.848
120.158 -7.791
120.251 -7.836
120.330 -7.835
120.449 -7.860
120.454 -7.853
120.528 -7.842
120.591 -7.835
120.638 -7.851
121.078 -7.838
121.098 -7.817
121.133 -7.853
121.267 -7.777
121.388 -7.817
121.399 -7.841
121.533 -7.777
121.602 -7.802
121.609 -7.844
121.716 -7.787
121.764 -7.851
121.802 -7.840
121.870 -7.809
121.883 -7.815
121.901 -7.844
121.948 -7.861
122.058 -7.838
122.230 -7.793
122.244 -7.819
122.254 -7.855
122.269 -7.823
122.298 -7.803
122.369 -7.848
122.398 -7.849
122.485 -7.807
122.497 -7.853
122.535 -7.845
122.777 -7.786
122.829 -7.850
122.997 -7.836
122.997 -7.832
123.077 -7.821
123.130 -7.849
123.220 -7.844
123.226 -7.807
123.293 -7.855
123.333 -7.810
123.463 -7.749
123.476 -7.793
123.521 -7.813
123.589 -7.838
123.590 -7.843
123.606 -7.813
123.636 -7.839
123.688 -7.805
123.723 -7.834
123.744 -7.837
123.834 -7.838
123.900 -7.826
123.903 -7.821
123.945 -7.839
123.959 -7.835
123.978 -7.841
124.019 -7.825
124.068 -7.830
124.090 -7.834
124.110 -7.842
124.218 -7.814
124.231 -7.838
124.251 -7.837
124.270 -7.831
124.318 -7.796
124.321 -7.821
124.327 -7.785
124.400 -7.785
124.419 -7.819
124.470 -7.792
124.583 -7.783
124.614 -7.836
124.616 -7.822
124.647 -7.839
124.650 -7.857
124.654 -7.829
124.659 -7.832
124.670 -7.800
124.688 -7.792
124.692 -7.829
124.732 -7.810
124.774 -7.816
124.787 -7.832
124.809 -7.830
124.811 -7.818
124.835 -7.826
124.866 -7.836
124.869 -7.821
124.889 -7.815
124.912 -7.786
125.117 -7.846
125.120 -7.771
125.146 -7.808
125.180 -7.843
125.188 -7.813
125.196 -7.817
125.227 -7.819
125.244 -7.823
125.254 -7.797
125.343 -7.818
125.352 -7.812
125.376 -7.795
125.414 -7.833
125.432 -7.820
125.479 -7.852
125.498 -7.827
125.534 -7.820
125.539 -7.831
125.614 -7.831
125.624 -7.771
125.697 -7.824
125.701 -7.846
125.745 -7.779
125.775 -7.800
125.783 -7.819
125.790 -7.807
125.860 -7.807
125.869 -7.797
125.879 -7.840
125.959 -7.809
125.967 -7.822
126.072 -7.828
126.077 -7.809
126.077 -7.759
126.178 -7.816
126.199 -7.819
126.232 -7.841
126.270 -7.824
126.329 -7.823
126.349 -7.822
126.353 -7.778
126.417 -7.826
126.436 -7.818
126.448 -7.819
126.478 -7.816
126.480 -7.775
126.505 -7.812
126.518 -7.811
126.575 -7.819
126.617 -7.806
126.740 -7.806
126.752 -7.797
126.776 -7.798
126.791 -7.810
126.822 -7.822
126.824 -7.832
126.896 -7.812
126.915 -7.757
126.924 -7.809
126.949 -7.783
126.952 -7.746
126.975 -7.795
126.986 -7.772
127.012 -7.808
127.062 -7.764
127.072 -7.791
127.086 -7.825
127.088 -7.799
127.162 -7.822
127.213 -7.795
127.234 -7.804
127.240 -7.764
127.279 -7.825
127.295 -7.802
127.311 -7.810
127.311 -7.814
127.331 -7.809
127.393 -7.792
127.428 -7.748
127.462 -7.788
127.480 -7.827
127.493 -7.798
127.502 -7.802
127.509 -7.809
127.521 -7.777
127.586 -7.799
127.604 -7.814
127.642 -7.759
127.651 -7.806
127.655 -7.790
127.675 -7.808
127.698 -7.822
127.713 -7.792
127.739 -7.803
127.748 -7.734
127.763 -7.795
127.834 -7.812
127.881 -7.826
127.892 -7.823
127.894 -7.804
127.906 -7.746
127.930 -7.752
127.939 -7.790
127.994 -7.782
128.171 -7.830
128.177 -7.786
128.186 -7.793
128.188 -7.802
128.239 -7.794
128.260 -7.740
128.274 -7.808
128.274 -7.825
128.288 -7.790
128.365 -7.803
128.368 -7.832
128.381 -7.782
128.482 -7.769
128.527 -7.749
128.559 -7.779
128.649 -7.792
128.710 -7.766
128.717 -7.793
128.772 -7.801
128.780 -7.808
128.823 -7.731
128.828 -7.772
128.852 -7.813
128.861 -7.823
128.861 -7.799
128.906 -7.794
128.938 -7.793
129.032 -7.792
129.033 -7.750
129.074 -7.767
129.105 -7.808
129.108 -7.839
129.179 -7.752
129.180 -7.792
129.180 -7.781
129.195 -7.793
129.202 -7.772
129.229 -7.808
129.251 -7.789
129.260 -7.799
129.261 -7.810
129.280 -7.797
129.370 -7.796
129.490 -7.801
129.491 -7.777
129.511 -7.815
129.580 -7.806
129.595 -7.757
129.603 -7.750
129.611 -7.798
129.641 -7.791
129.670 -7.805
129.673 -7.794
129.678 -7.760
129.686 -7.741
129.736 -7.807
129.760 -7.761
129.792 -7.761
129.800 -7.770
129.802 -7.753
129.809 -7.816
129.823 -7.776
129.846 -7.801
129.873 -7.802
129.887 -7.764
129.912 -7.793
129.921 -7.799
129.991 -7.798
129.993 -7.797
130.024 -7.810
130.025 -7.811
130.096 -7.786
130.179 -7.775
130.203 -7.731
130.246 -7.752
130.314 -7.808
130.337 -7.736
130.444 -7.783
130.489 -7.802
130.498 -7.799
130.502 -7.767
130.531 -7.781
130.561 -7.739
130.568 -7.795
130.598 -7.756
130.610 -7.813
130.663 -7.767
130.666 -7.806
130.668 -7.787
130.704 -7.799
130.725 -7.736
130.735 -7.746
130.752 -7.798
130.776 -7.810
130.802 -7.804
130.820 -7.794
130.855 -7.804
130.857 -7.748
130.860 -7.777
130.989 -7.785
131.016 -7.777
131.115 -7.724
131.118 -7.755
131.157 -7.766
131.176 -7.792
131.239 -7.786
131.255 -7.762
131.273 -7.793
131.281 -7.769
131.283 -7.781
131.284 -7.799
131.298 -7.770
131.310 -7.788
131.317 -7.744
131.338 -7.787
131.412 -7.756
131.482 -7.772
131.500 -7.802
131.544 -7.783
131.577 -7.788
131.629 -7.771
131.630 -7.764
131.662 -7.755
131.684 -7.803
131.715 -7.788
131.745 -7.805
131.746 -7.783
131.759 -7.809
131.792 -7.779
131.804 -7.805
131.808 -7.765
131.817 -7.803
131.854 -7.778
131.877 -7.801
131.896 -7.756
131.966 -7.788
131.981 -7.752
132.065 -7.790
132.069 -7.747
132.123 -7.771
132.129 -7.803
132.142 -7.758
132.143 -7.714
132.148 -7.806
132.166 -7.763
132.204 -7.771
132.360 -7.788
132.370 -7.755
132.370 -7.777
132.441 -7.772
132.528 -7.797
132.544 -7.738
132.569 -7.712
132.575 -7.724
132.596 -7.775
132.607 -7.729
132.614 -7.777
132.616 -7.782
132.696 -7.792
132.795 -7.737
132.823 -7.767
132.854 -7.795
132.901 -7.762
132.923 -7.791
132.929 -7.726
133.007 -7.772
133.061 -7.771
133.099 -7.776
133.137 -7.785
133.163 -7.777
133.167 -7.743
133.173 -7.762
133.200 -7.789
133.231 -7.745
133.263 -7.784
133.283 -7.786
133.296 -7.767
133.309 -7.772
133.316 -7.792
133.316 -7.719
133.361 -7.783
133.369 -7.787
133.378 -7.734
133.391 -7.770
133.443 -7.768
133.452 -7.768
133.457 -7.750
133.496 -7.788
133.513 -7.753
133.532 -7.781
133.573 -7.720
133.590 -7.756
133.618 -7.757
133.765 -7.754
133.780 -7.742
133.807 -7.774
133.823 -7.779
133.829 -7.745
133.835 -7.778
133.847 -7.742
133.880 -7.776
133.949 -7.799
133.971 -7.768
133.976 -7.756
133.977 -7.785
133.983 -7.780
133.992 -7.795
134.010 -7.756
134.013 -7.778
134.014 -7.748
134.014 -7.770
134.037 -7.772
134.049 -7.788
134.113 -7.749
134.141 -7.771
134.147 -7.772
134.156 -7.774
134.163 -7.770
134.194 -7.765
134.200 -7.755
134.218 -7.749
134.221 -7.723
134.225 -7.751
134.303 -7.766
134.307 -7.780
134.377 -7.772
134.380 -7.796
134.383 -7.709
134.413 -7.772
134.414 -7.779
134.456 -7.773
134.471 -7.750
134.473 -7.782
134.480 -7.783
134.513 -7.765
134.544 -7.783
134.554 -7.759
134.565 -7.773
134.585 -7.726
134.625 -7.769
134.670 -7.779
134.680 -7.734
134.690 -7.757
134.711 -7.762
134.733 -7.743
134.763 -7.742
134.821 -7.777
134.856 -7.763
134.868 -7.784
134.889 -7.722
134.892 -7.752
134.940 -7.781
134.945 -7.728
134.984 -7.753
135.003 -7.750
135.038 -7.782
135.088 -7.770
135.119 -7.749
135.140 -7.775
135.174 -7.765
135.174 -7.777
135.178 -7.762
135.184 -7.781
135.228 -7.786
135.232 -7.774
135.366 -7.788
135.368 -7.729
135.377 -7.753
135.424 -7.735
135.475 -7.736
135.480 -7.777
135.488 -7.686
135.497 -7.720
135.500 -7.774
135.532 -7.776
135.550 -7.741
135.573 -7.792
135.579 -7.773
135.587 -7.762
135.595 -7.766
135.597 -7.746
135.599 -7.736
135.602 -7.764
135.612 -7.765
135.624 -7.737
135.699 -7.761
135.718 -7.738
135.722 -7.765
135.788 -7.744
135.794 -7.735
135.811 -7.766
135.832 -7.770
135.842 -7.779
135.955 -7.758
135.960 -7.771
135.967 -7.750
136.011 -7.752
136.026 -7.708
136.077 -7.763
136.134 -7.722
136.137 -7.764
136.161 -7.699
136.210 -7.721
136.244 -7.772
136.257 -7.774
136.291 -7.740
136.316 -7.761
136.328 -7.745
136.333 -7.765
136.347 -7.737
136.406 -7.758
136.414 -7.755
136.431 -7.755
136.448 -7.701
136.455 -7.729
136.467 -7.738
136.487 -7.736
136.529 -7.754
136.535 -7.744
136.539 -7.774
136.541 -7.746
136.541 -7.751
136.549 -7.698
136.552 -7.766
136.587 -7.776
136.609 -7.757
136.616 -7.733
136.656 -7.714
136.716 -7.737
136.722 -7.767
136.734 -7.768
136.754 -7.709
136.772 -7.750
136.775 -7.764
136.845 -7.723
136.865 -7.757
136.906 -7.752
136.909 -7.763
136.914 -7.720
136.916 -7.754
136.919 -7.765
136.924 -7.719
136.939 -7.765
136.979 -7.725
136.983 -7.747
136.986 -7.764
136.993 -7.776
137.032 -7.760
137.044 -7.769
137.126 -7.755
137.148 -7.749
137.174 -7.757
137.187 -7.761
137.204 -7.756
137.240 -7.740
137.255 -7.750
137.271 -7.738
137.346 -7.765
137.414 -7.757
137.439 -7.754
137.556 -7.759
137.579 -7.757
137.592 -7.740
137.617 -7.762
137.629 -7.751
137.645 -7.762
137.672 -7.767
137.701 -7.766
137.710 -7.764
137.744 -7.746
137.764 -7.734
137.777 -7.710
137.782 -7.740
137.787 -7.734
137.808 -7.757
137.838 -7.735
137.838 -7.708
137.856 -7.774
137.858 -7.766
137.882 -7.695
137.906 -7.767
137.942 -7.722
138.062 -7.760
138.075 -7.706
138.132 -7.700
138.139 -7.744
138.150 -7.755
138.164 -7.746
138.251 -7.769
138.256 -7.762
138.273 -7.766
138.288 -7.731
138.290 -7.754
138.386 -7.755
138.388 -7.774
138.400 -7.700
138.450 -7.739
138.451 -7.705
138.478 -7.766
138.519 -7.716
138.542 -7.741
138.573 -7.757
138.607 -7.741
138.634 -7.739
138.648 -7.754
138.724 -7.733
138.732 -7.762
138.759 -7.748
138.770 -7.749
138.771 -7.705
138.811 -7.735
138.852 -7.760
138.861 -7.758
138.911 -7.754
138.913 -7.724
138.964 -7.759
138.995 -7.756
139.013 -7.755
139.029 -7.749
139.103 -7.735
139.115 -7.733
139.119 -7.736
139.169 -7.768
139.191 -7.735
139.211 -7.755
139.237 -7.721
139.248 -7.762
139.280 -7.761
139.283 -7.744
139.343 -7.767
139.346 -7.738
139.354 -7.748
139.375 -7.729
139.395 -7.740
139.421 -7.756
139.429 -7.717
139.433 -7.751
139.445 -7.746
139.465 -7.728
139.469 -7.734
139.594 -7.688
139.595 -7.705
139.596 -7.742
139.598 -7.770
139.605 -7.745
139.615 -7.724
139.633 -7.753
139.643 -7.730
139.644 -7.708
139.646 -7.740
139.651 -7.745
139.681 -7.709
139.757 -7.711
139.794 -7.739
139.821 -7.760
139.823 -7.737
139.845 -7.707
139.932 -7.745
139.942 -7.751
139.944 -7.735
139.947 -7.765
139.983 -7.747
139.985 -7.724
140.020 -7.745
140.076 -7.726
140.077 -7.738
140.082 -7.751
140.092 -7.738
140.133 -7.727
140.189 -7.724
140.191 -7.750
140.211 -7.752
140.282 -7.737
140.285 -7.759
140.293 -7.721
140.297 -7.752
140.313 -7.731
140.314 -7.717
140.314 -7.723
140.367 -7.746
140.379 -7.736
140.420 -7.738
140.421 -7.714
140.430 -7.736
140.441 -7.742
140.468 -7.761
140.483 -7.718
140.519 -7.749
140.549 -7.726
140.590 -7.739
140.687 -7.717
140.752 -7.722
140.754 -7.744
140.763 -7.740
140.764 -7.737
140.787 -7.758
140.796 -7.747
140.801 -7.760
140.807 -7.673
140.849 -7.719
140.868 -7.729
140.878 -7.695
140.901 -7.741
140.937 -7.729
140.983 -7.731
140.998 -7.698
141.023 -7.734
141.081 -7.741
141.100 -7.689
141.106 -7.685
141.116 -7.730
141.178 -7.730
141.180 -7.713
141.238 -7.733
141.285 -7.753
141.358 -7.690
141.364 -7.744
141.462 -7.722
141.547 -7.744
141.552 -7.691
141.569 -7.735
141.590 -7.750
141.599 -7.757
141.606 -7.716
141.786 -7.733
141.819 -7.744
141.820 -7.706
141.836 -7.691
141.838 -7.721
141.882 -7.729
141.964 -7.737
141.983 -7.722
142.024 -7.686
142.027 -7.720
142.074 -7.751
142.074 -7.735
142.092 -7.734
142.099 -7.677
142.143 -7.735
142.162 -7.732
142.182 -7.723
142.182 -7.735
142.226 -7.736
142.246 -7.729
142.266 -7.740
142.279 -7.713
142.300 -7.698
142.330 -7.730
142.356 -7.723
142.420 -7.731
142.436 -7.664
142.439 -7.731
142.453 -7.748
142.527 -7.735
142.550 -7.749
142.612 -7.724
142.645 -7.697
142.653 -7.715
142.658 -7.708
142.731 -7.725
142.750 -7.743
142.762 -7.714
142.763 -7.693
142.805 -7.718
142.877 -7.696
142.949 -7.746
142.962 -7.741
142.964 -7.750
143.018 -7.720
143.018 -7.697
143.081 -7.736
143.133 -7.736
143.137 -7.733
143.139 -7.689
143.142 -7.701
143.178 -7.727
143.183 -7.716
143.239 -7.715
143.241 -7.751
143.267 -7.719
143.342 -7.714
143.371 -7.727
143.430 -7.737
143.491 -7.730
143.500 -7.745
143.505 -7.737
143.544 -7.745
143.546 -7.743
143.547 -7.676
143.557 -7.684
143.591 -7.693
143.612 -7.696
143.709 -7.714
143.721 -7.719
143.753 -7.722
143.890 -7.703
143.901 -7.706
143.924 -7.718
143.941 -7.722
144.011 -7.727
144.092 -7.716
144.106 -7.732
144.113 -7.729
144.127 -7.732
144.166 -7.736
144.230 -7.713
144.250 -7.715
144.273 -7.713
144.316 -7.729
144.325 -7.709
144.327 -7.669
144.353 -7.725
144.366 -7.733
144.444 -7.723
144.527 -7.717
144.644 -7.698
144.671 -7.681
144.768 -7.705
144.890 -7.724
144.902 -7.709
144.910 -7.718
144.940 -7.722
144.974 -7.711
145.026 -7.677
145.037 -7.684
145.041 -7.717
145.047 -7.686
145.065 -7.676
145.067 -7.702
145.147 -7.698
145.202 -7.681
145.226 -7.715
145.304 -7.718
145.309 -7.702
145.345 -7.701
145.388 -7.693
145.400 -7.708
145.410 -7.729
145.410 -7.714
145.637 -7.702
145.661 -7.722
145.708 -7.716
145.731 -7.719
145.757 -7.696
146.083 -7.720
146.137 -7.681
146.150 -7.733
146.245 -7.712
146.248 -7.671
146.269 -7.715
146.284 -7.717
146.491 -7.718
146.578 -7.713
146.662 -7.733
146.702 -7.707
146.704 -7.663
146.762 -7.664
146.840 -7.695
147.026 -7.714
147.053 -7.661
147.107 -7.658
147.145 -7.719
147.191 -7.714
147.231 -7.689
147.380 -7.679
147.451 -7.680
147.461 -7.698
147.557 -7.696
147.589 -7.667
147.625 -7.709
147.688 -7.713
147.842 -7.728
147.921 -7.686
147.952 -7.712
148.119 -7.681
148.154 -7.708
148.305 -7.725
148.471 -7.703
148.533 -7.691
148.625 -7.684
148.712 -7.704
148.898 -7.715
148.917 -7.679
148.928 -7.707
148.929 -7.693
149.067 -7.716
149.168 -7.688
149.206 -7.704
149.361 -7.705
149.450 -7.700
149.558 -7.711
149.613 -7.679
149.742 -7.693
149.811 -7.674
149.880 -7.702
149.891 -7.698
149.909 -7.679
149.910 -7.706
149.954 -7.695
149.989 -7.669
150.288 -7.678
150.426 -7.704
150.532 -7.648
150.537 -7.694
150.540 -7.701
150.580 -7.714
150.758 -7.675
150.782 -7.666
150.893 -7.688
150.914 -7.689
151.183 -7.663
151.253 -7.669
151.464 -7.698
151.491 -7.694
151.920 -7.631
151.970 -7.684
152.008 -7.664
152.019 -7.701
152.039 -7.645
152.186 -7.659
152.317 -7.679
152.339 -7.682
152.423 -7.647
152.444 -7.669
152.446 -7.697
152.482 -7.693
152.605 -7.663
152.969 -7.661
152.987 -7.669
153.079 -7.652
153.373 -7.691
153.464 -7.697
153.500 -7.701
153.581 -7.662
153.735 -7.669
153.786 -7.678
154.152 -7.694
154.333 -7.673
154.455 -7.651
154.544 -7.661
154.641 -7.624
154.883 -7.682
155.238 -7.674
155.344 -7.682
155.375 -7.687
155.420 -7.652
155.445 -7.689
155.661 -7.672
155.703 -7.681
155.755 -7.680
156.199 -7.663
156.444 -7.665
156.719 -7.649
156.815 -7.671
157.590 -7.656
157.990 -7.649
157.991 -7.666
158.433 -7.594
158.481 -7.660
160.117 -7.650
160.494 -7.666
161.161 -7.656
161.396 -7.586
161.523 -7.614
161.584 -7.652
161.661 -7.635
162.018 -7.645
162.136 -7.601
163.782 -7.632
163.814 -7.597
164.110 -7.656
164.444 -7.620
165.095 -7.644
165.148 -7.620
167.821 -7.582
170.312 -7.586
171.413 -7.561
180.711 -7.576
185.232 -7.563
