# Ep lEiso
7.166 -9.084
8.142 -9.140
10.060 -9.224
10.438 -9.228
10.639 -9.236
11.096 -9.280
11.381 -9.278
11.632 -9.202
12.017 -9.320
12.032 -9.291
12.304 -9.301
12.776 -9.300
12.913 -9.268
12.952 -9.286
12.990 -9.304
13.005 -9.329
13.073 -9.297
13.084 -9.277
13.110 -9.271
13.117 -9.316
13.136 -9.295
13.139 -9.304
13.151 -9.255
13.171 -9.286
13.187 -9.297
13.212 -9.320
13.213 -9.314
13.229 -9.305
13.242 -9.300
13.252 -9.315
13.345 -9.357
13.349 -9.292
13.357 -9.293
13.385 -9.335
13.419 -9.295
13.422 -9.368
13.464 -9.285
13.485 -9.285
13.488 -9.354
13.521 -9.316
13.535 -9.331
13.547 -9.323
13.569 -9.359
13.572 -9.362
13.578 -9.328
13.593 -9.344
13.627 -9.345
13.680 -9.287
13.684 -9.311
13.687 -9.354
13.692 -9.314
13.701 -9.298
13.723 -9.338
13.732 -9.340
13.759 -9.304
13.763 -9.345
13.774 -9.352
13.850 -9.290
13.866 -9.309
13.918 -9.338
13.918 -9.334
13.946 -9.370
13.968 -9.367
14.005 -9.350
14.007 -9.317
14.034 -9.362
14.051 -9.322
14.104 -9.270
14.109 -9.310
14.127 -9.329
14.155 -9.376
14.155 -9.376
14.162 -9.331
14.174 -9.355
14.195 -9.392
14.210 -9.353
14.218 -9.356
14.255 -9.333
14.282 -9.349
14.283 -9.345
14.300 -9.373
14.306 -9.359
14.314 -9.324
14.330 -9.352
14.350 -9.357
14.359 -9.361
14.367 -9.369
14.411 -9.346
14.417 -9.368
14.425 -9.368
14.433 -9.358
14.452 -9.332
14.454 -9.341
14.456 -9.322
14.486 -9.324
14.493 -9.356
14.514 -9.332
14.561 -9.326
14.576 -9.329
14.577 -9.362
14.592 -9.388
14.594 -9.395
14.596 -9.410
14.598 -9.372
14.604 -9.343
14.613 -9.337
14.615 -9.370
14.635 -9.355
14.655 -9.360
14.662 -9.409
14.673 -9.394
14.674 -9.353
14.686 -9.371
14.701 -9.381
14.702 -9.367
14.712 -9.362
14.724 -9.336
14.825 -9.396
14.827 -9.328
14.840 -9.362
14.856 -9.395
14.861 -9.367
14.864 -9.371
14.880 -9.428
14.888 -9.358
14.893 -9.354
14.937 -9.426
14.942 -9.370
14.954 -9.355
14.972 -9.391
14.981 -9.379
15.004 -9.410
15.014 -9.387
15.032 -9.382
15.034 -9.362
15.072 -9.365
15.076 -9.395
15.112 -9.389
15.115 -9.409
15.136 -9.348
15.151 -9.368
15.155 -9.373
15.158 -9.375
15.193 -9.377
15.198 -9.368
15.203 -9.408
15.244 -9.381
15.249 -9.393
15.308 -9.401
15.311 -9.384
15.311 -9.338
15.369 -9.393
15.380 -9.368
15.399 -9.417
15.421 -9.374
15.454 -9.403
15.466 -9.402
15.468 -9.362
15.505 -9.408
15.515 -9.369
15.522 -9.403
15.539 -9.401
15.540 -9.374
15.555 -9.397
15.562 -9.397
15.595 -9.406
15.619 -9.395
15.688 -9.398
15.695 -9.389
15.709 -9.392
15.717 -9.403
15.735 -9.415
15.736 -9.424
15.777 -9.441
15.788 -9.357
15.793 -9.422
15.807 -9.381
15.809 -9.347
15.822 -9.394
15.829 -9.372
15.843 -9.406
15.872 -9.417
15.877 -9.392
15.885 -9.424
15.886 -9.400
15.930 -9.424
15.962 -9.399
15.975 -9.408
15.979 -9.371
16.003 -9.430
16.013 -9.408
16.023 -9.395
16.024 -9.420
16.036 -9.416
16.075 -9.445
16.097 -9.431
16.118 -9.400
16.130 -9.437
16.138 -9.409
16.143 -9.441
16.148 -9.402
16.155 -9.390
16.196 -9.413
16.208 -9.396
16.231 -9.377
16.237 -9.422
16.239 -9.406
16.252 -9.424
16.266 -9.438
16.276 -9.407
16.292 -9.421
16.298 -9.356
16.307 -9.414
16.352 -9.432
16.381 -9.467
16.388 -9.444
16.389 -9.417
16.397 -9.371
16.412 -9.438
16.418 -9.414
16.452 -9.408
16.564 -9.458
16.567 -9.417
16.573 -9.455
16.574 -9.432
16.608 -9.426
16.622 -9.375
16.632 -9.441
16.632 -9.456
16.641 -9.423
16.693 -9.439
16.695 -9.467
16.704 -9.419
16.738 -9.466
16.747 -9.448
16.754 -9.420
16.771 -9.435
16.783 -9.410
16.785 -9.437
16.795 -9.445
16.797 -9.452
16.805 -9.447
16.806 -9.419
16.811 -9.459
16.813 -9.476
16.813 -9.445
16.822 -9.441
16.828 -9.441
16.847 -9.477
16.847 -9.505
16.855 -9.419
16.861 -9.459
16.862 -9.489
16.876 -9.473
16.876 -9.445
16.876 -9.433
16.879 -9.475
16.881 -9.425
16.886 -9.460
16.891 -9.443
16.893 -9.452
16.893 -9.463
16.897 -9.450
16.916 -9.474
16.940 -9.416
16.941 -9.433
16.945 -9.471
16.959 -9.462
16.962 -9.415
16.964 -9.449
16.966 -9.455
16.972 -9.478
16.978 -9.463
16.978 -9.470
16.979 -9.419
16.981 -9.401
16.991 -9.439
16.996 -9.421
17.003 -9.487
17.005 -9.474
17.005 -9.474
17.007 -9.474
17.009 -9.497
17.014 -9.460
17.020 -9.462
17.023 -9.425
17.028 -9.432
17.030 -9.443
17.045 -9.483
17.045 -9.459
17.052 -9.472
17.052 -9.495
17.067 -9.433
17.085 -9.441
17.090 -9.398
17.099 -9.509
17.114 -9.475
17.118 -9.475
17.141 -9.488
17.151 -9.473
17.153 -9.470
17.154 -9.439
17.160 -9.453
17.167 -9.433
17.168 -9.504
17.175 -9.430
17.177 -9.486
17.188 -9.442
17.189 -9.481
17.189 -9.506
17.197 -9.474
17.202 -9.489
17.204 -9.422
17.208 -9.474
17.213 -9.486
17.219 -9.449
17.223 -9.508
17.230 -9.445
17.231 -9.426
17.232 -9.454
17.260 -9.464
17.266 -9.456
17.287 -9.405
17.288 -9.500
17.297 -9.509
17.301 -9.462
17.315 -9.467
17.318 -9.444
17.322 -9.474
17.324 -9.516
17.324 -9.450
17.324 -9.480
17.328 -9.452
17.330 -9.470
17.332 -9.505
17.336 -9.470
17.353 -9.440
17.368 -9.458
17.372 -9.488
17.382 -9.470
17.390 -9.476
17.401 -9.460
17.401 -9.454
17.409 -9.445
17.413 -9.493
17.421 -9.479
17.427 -9.524
17.427 -9.475
17.430 -9.501
17.438 -9.465
17.440 -9.498
17.441 -9.458
17.443 -9.497
17.451 -9.510
17.456 -9.507
17.461 -9.451
17.477 -9.485
17.480 -9.448
17.499 -9.506
17.500 -9.445
17.512 -9.470
17.513 -9.502
17.516 -9.458
17.516 -9.473
17.517 -9.506
17.522 -9.463
17.530 -9.507
17.565 -9.462
17.567 -9.459
17.568 -9.471
17.584 -9.476
17.603 -9.519
17.607 -9.443
17.613 -9.417
17.614 -9.429
17.619 -9.481
17.621 -9.435
17.623 -9.483
17.623 -9.488
17.641 -9.453
17.664 -9.445
17.670 -9.475
17.677 -9.539
17.688 -9.471
17.693 -9.500
17.694 -9.435
17.712 -9.483
17.724 -9.482
17.733 -9.488
17.741 -9.497
17.747 -9.537
17.748 -9.456
17.750 -9.540
17.756 -9.503
17.763 -9.459
17.770 -9.499
17.775 -9.503
17.778 -9.484
17.781 -9.489
17.782 -9.510
17.782 -9.435
17.793 -9.502
17.794 -9.506
17.796 -9.452
17.799 -9.490
17.811 -9.489
17.813 -9.489
17.815 -9.554
17.823 -9.511
17.827 -9.475
17.831 -9.504
17.841 -9.442
17.845 -9.479
17.851 -9.468
17.885 -9.479
17.888 -9.467
17.894 -9.500
17.898 -9.502
17.899 -9.471
17.900 -9.504
17.903 -9.467
17.911 -9.502
17.926 -9.527
17.932 -9.537
17.933 -9.483
17.933 -9.545
17.934 -9.494
17.936 -9.523
17.940 -9.484
17.941 -9.506
17.941 -9.475
17.941 -9.528
17.947 -9.501
17.949 -9.538
17.964 -9.479
17.970 -9.456
17.971 -9.503
17.974 -9.505
17.975 -9.549
17.982 -9.531
17.984 -9.487
17.988 -9.481
17.988 -9.455
17.989 -9.484
18.007 -9.500
18.008 -9.491
18.024 -9.500
18.024 -9.532
18.025 -9.513
18.032 -9.476
18.032 -9.551
18.042 -9.479
18.045 -9.485
18.046 -9.554
18.047 -9.527
18.055 -9.502
18.062 -9.475
18.064 -9.496
18.067 -9.481
18.071 -9.462
18.080 -9.507
18.090 -9.495
18.093 -9.473
18.095 -9.497
18.100 -9.504
18.104 -9.484
18.111 -9.483
18.124 -9.537
18.132 -9.507
18.135 -9.529
18.140 -9.464
18.141 -9.496
18.151 -9.527
18.153 -9.471
18.161 -9.497
18.166 -9.494
18.175 -9.547
18.188 -9.517
18.196 -9.495
18.201 -9.490
18.210 -9.513
18.210 -9.525
18.211 -9.509
18.213 -9.529
18.224 -9.535
18.225 -9.540
18.260 -9.542
18.260 -9.480
18.262 -9.506
18.274 -9.487
18.288 -9.562
18.289 -9.532
18.291 -9.437
18.293 -9.472
18.294 -9.493
18.302 -9.532
18.307 -9.495
18.312 -9.549
18.314 -9.529
18.316 -9.518
18.318 -9.550
18.319 -9.501
18.319 -9.491
18.320 -9.519
18.323 -9.521
18.325 -9.492
18.345 -9.555
18.349 -9.494
18.350 -9.522
18.367 -9.502
18.369 -9.492
18.373 -9.506
18.378 -9.530
18.381 -9.498
18.410 -9.520
18.411 -9.534
18.413 -9.513
18.424 -9.516
18.427 -9.469
18.440 -9.547
18.455 -9.485
18.456 -9.512
18.462 -9.461
18.474 -9.501
18.483 -9.501
18.486 -9.542
18.494 -9.507
18.500 -9.530
18.503 -9.570
18.505 -9.534
18.508 -9.505
18.523 -9.528
18.525 -9.526
18.529 -9.526
18.533 -9.469
18.535 -9.570
18.538 -9.509
18.543 -9.507
18.553 -9.527
18.555 -9.517
18.556 -9.548
18.556 -9.519
18.557 -9.524
18.558 -9.467
18.559 -9.568
18.568 -9.551
18.573 -9.531
18.575 -9.506
18.585 -9.486
18.600 -9.511
18.601 -9.544
18.604 -9.544
18.609 -9.503
18.614 -9.526
18.614 -9.541
18.632 -9.497
18.636 -9.534
18.647 -9.529
18.647 -9.516
18.649 -9.496
18.649 -9.532
18.650 -9.544
18.651 -9.495
18.655 -9.544
18.664 -9.503
18.665 -9.568
18.666 -9.544
18.668 -9.557
18.677 -9.518
18.680 -9.550
18.700 -9.537
18.706 -9.498
18.712 -9.584
18.715 -9.545
18.719 -9.540
18.728 -9.523
18.732 -9.534
18.736 -9.521
18.754 -9.520
18.770 -9.527
18.776 -9.530
18.804 -9.548
18.809 -9.546
18.813 -9.527
18.818 -9.551
18.821 -9.540
18.825 -9.552
18.832 -9.557
18.839 -9.557
18.841 -9.518
18.849 -9.536
18.853 -9.523
18.856 -9.498
18.858 -9.511
18.859 -9.524
18.864 -9.549
18.871 -9.526
18.871 -9.496
18.875 -9.504
18.875 -9.560
18.881 -9.483
18.887 -9.525
18.895 -9.514
18.923 -9.557
18.926 -9.524
18.940 -9.492
18.941 -9.541
18.944 -9.553
18.947 -9.543
18.967 -9.569
18.968 -9.562
18.972 -9.514
18.976 -9.603
18.976 -9.526
18.998 -9.557
18.998 -9.577
19.001 -9.497
19.013 -9.540
19.013 -9.504
19.019 -9.570
19.028 -9.517
19.034 -9.544
19.041 -9.562
19.048 -9.545
19.054 -9.586
19.058 -9.538
19.075 -9.538
19.077 -9.523
19.083 -9.555
19.086 -9.556
19.086 -9.508
19.095 -9.542
19.104 -9.542
19.106 -9.568
19.117 -9.564
19.117 -9.531
19.128 -9.571
19.135 -9.567
19.139 -9.567
19.143 -9.526
19.159 -9.547
19.162 -9.544
19.162 -9.547
19.174 -9.583
19.178 -9.530
19.183 -9.570
19.189 -9.532
19.191 -9.587
19.198 -9.578
19.199 -9.558
19.212 -9.585
19.212 -9.532
19.214 -9.565
19.219 -9.543
19.223 -9.556
19.229 -9.574
19.231 -9.531
19.232 -9.569
19.234 -9.564
19.239 -9.543
19.239 -9.551
19.266 -9.502
19.266 -9.520
19.266 -9.562
19.267 -9.592
19.268 -9.565
19.270 -9.542
19.274 -9.575
19.276 -9.550
19.276 -9.525
19.277 -9.531
19.278 -9.566
19.284 -9.527
19.300 -9.531
19.308 -9.547
19.314 -9.585
19.314 -9.560
19.318 -9.528
19.337 -9.571
19.339 -9.601
19.339 -9.560
19.340 -9.594
19.348 -9.603
19.348 -9.647
19.355 -9.573
19.367 -9.553
19.367 -9.551
19.368 -9.581
19.370 -9.555
19.379 -9.555
19.391 -9.552
19.391 -9.534
19.395 -9.584
19.410 -9.569
19.410 -9.593
19.412 -9.551
19.413 -9.586
19.416 -9.562
19.416 -9.546
19.416 -9.553
19.427 -9.589
19.429 -9.568
19.437 -9.562
19.438 -9.620
19.439 -9.558
19.441 -9.575
19.447 -9.597
19.450 -9.549
19.457 -9.584
19.463 -9.558
19.471 -9.574
19.490 -9.549
19.503 -9.556
19.503 -9.581
19.505 -9.576
19.505 -9.573
19.510 -9.597
19.512 -9.604
19.513 -9.599
19.514 -9.502
19.522 -9.554
19.526 -9.564
19.528 -9.526
19.533 -9.535
19.540 -9.566
19.549 -9.568
19.552 -9.531
19.557 -9.572
19.568 -9.617
19.572 -9.522
19.573 -9.551
19.575 -9.568
19.587 -9.569
19.587 -9.550
19.598 -9.550
19.607 -9.647
19.620 -9.527
19.621 -9.587
19.639 -9.564
19.655 -9.554
19.656 -9.530
19.659 -9.581
19.663 -9.597
19.665 -9.606
19.666 -9.559
19.699 -9.582
19.705 -9.594
19.705 -9.551
19.708 -9.618
19.708 -9.630
19.716 -9.579
19.732 -9.588
19.735 -9.572
19.743 -9.531
19.743 -9.570
19.752 -9.606
19.752 -9.588
19.755 -9.587
19.756 -9.522
19.764 -9.557
19.768 -9.586
19.772 -9.576
19.772 -9.590
19.779 -9.567
19.782 -9.583
19.786 -9.561
19.788 -9.566
19.791 -9.549
19.796 -9.586
19.801 -9.578
19.811 -9.588
19.814 -9.512
19.815 -9.546
19.817 -9.609
19.829 -9.594
19.833 -9.610
19.844 -9.583
19.849 -9.553
19.851 -9.573
19.851 -9.565
19.864 -9.551
19.867 -9.606
19.869 -9.573
19.869 -9.549
19.876 -9.578
19.888 -9.555
19.900 -9.633
19.902 -9.607
19.903 -9.617
19.912 -9.584
19.912 -9.557
19.922 -9.603
19.931 -9.553
19.932 -9.600
19.932 -9.549
19.932 -9.564
19.938 -9.594
19.939 -9.582
19.949 -9.581
19.949 -9.652
19.953 -9.586
19.966 -9.581
19.971 -9.582
19.979 -9.609
19.988 -9.602
19.990 -9.619
19.990 -9.609
19.996 -9.647
19.997 -9.617
19.997 -9.540
19.998 -9.549
20.003 -9.560
20.006 -9.564
20.021 -9.585
20.023 -9.543
20.027 -9.595
20.048 -9.575
20.049 -9.578
20.053 -9.571
20.055 -9.597
20.066 -9.554
20.078 -9.592
20.080 -9.611
20.081 -9.608
20.083 -9.611
20.089 -9.616
20.098 -9.590
20.101 -9.593
20.105 -9.591
20.111 -9.610
20.112 -9.587
20.113 -9.541
20.117 -9.605
20.119 -9.615
20.130 -9.605
20.143 -9.599
20.160 -9.578
20.164 -9.559
20.178 -9.587
20.193 -9.611
20.195 -9.594
20.196 -9.605
20.200 -9.609
20.204 -9.589
20.211 -9.559
20.212 -9.567
20.213 -9.605
20.213 -9.568
20.216 -9.580
20.216 -9.587
20.226 -9.654
20.233 -9.565
20.236 -9.604
20.246 -9.609
20.247 -9.591
20.252 -9.590
20.257 -9.581
20.259 -9.599
20.260 -9.580
20.260 -9.606
20.289 -9.595
20.292 -9.618
20.298 -9.595
20.301 -9.564
20.304 -9.590
20.346 -9.597
20.353 -9.577
20.355 -9.641
20.367 -9.614
20.367 -9.566
20.370 -9.618
20.372 -9.620
20.395 -9.623
20.404 -9.618
20.413 -9.643
20.417 -9.596
20.417 -9.561
20.423 -9.562
20.431 -9.600
20.451 -9.623
20.454 -9.561
20.460 -9.558
20.464 -9.585
20.469 -9.624
20.473 -9.595
20.489 -9.585
20.496 -9.586
20.497 -9.608
20.508 -9.572
20.511 -9.572
20.515 -9.622
20.521 -9.628
20.538 -9.647
20.546 -9.598
20.549 -9.615
20.567 -9.594
20.571 -9.626
20.584 -9.648
20.598 -9.622
20.603 -9.588
20.610 -9.602
20.618 -9.656
20.633 -9.641
20.635 -9.598
20.636 -9.657
20.636 -9.615
20.647 -9.653
20.656 -9.611
20.659 -9.630
20.672 -9.633
20.680 -9.628
20.689 -9.642
20.693 -9.604
20.704 -9.622
20.710 -9.600
20.716 -9.596
20.717 -9.629
20.718 -9.607
20.718 -9.639
20.722 -9.626
20.725 -9.596
20.750 -9.609
20.758 -9.641
20.765 -9.576
20.765 -9.630
20.766 -9.638
20.768 -9.654
20.779 -9.610
20.781 -9.599
20.788 -9.670
20.789 -9.628
20.806 -9.599
20.810 -9.607
20.823 -9.595
20.825 -9.639
20.852 -9.567
20.855 -9.689
20.857 -9.607
20.858 -9.686
20.859 -9.584
20.869 -9.603
20.877 -9.613
20.878 -9.669
20.883 -9.590
20.885 -9.616
20.885 -9.651
20.887 -9.589
20.895 -9.611
20.914 -9.612
20.914 -9.621
20.918 -9.602
20.931 -9.626
20.935 -9.614
20.937 -9.664
20.940 -9.617
20.947 -9.626
20.949 -9.637
20.965 -9.659
20.984 -9.636
21.067 -9.614
21.127 -9.630
21.194 -9.587
21.359 -9.684
21.600 -9.670
21.673 -9.663
21.693 -9.716
21.724 -9.650
21.741 -9.698
21.885 -9.634
21.903 -9.697
21.926 -9.661
22.120 -9.686
22.228 -9.683
22.348 -9.680
22.390 -9.711
22.730 -9.711
22.905 -9.711
22.906 -9.713
23.099 -9.648
23.120 -9.703
23.635 -9.755
23.731 -9.783
23.902 -9.790
23.962 -9.766
23.994 -9.727
24.010 -9.731
24.029 -9.759
24.121 -9.778
24.151 -9.718
24.470 -9.785
24.474 -9.856
24.514 -9.822
24.558 -9.775
24.645 -9.816
24.652 -9.783
24.991 -9.756
25.143 -9.783
25.210 -9.756
25.476 -9.839
25.513 -9.882
