# Ep lEiso
44.589 120.054
46.604 120.006
50.570 120.110
51.740 119.906
52.261 119.725
53.339 119.406
53.795 119.545
54.196 119.554
54.813 119.354
54.837 119.355
55.221 119.396
55.706 119.369
55.885 119.454
56.254 119.415
56.613 119.303
56.762 119.480
57.245 119.409
57.314 119.459
57.481 119.311
57.526 119.372
57.645 119.427
57.665 119.404
57.743 119.527
57.870 119.454
57.977 119.433
58.137 119.279
58.144 119.395
58.245 119.420
58.330 119.436
58.394 119.274
58.854 119.307
58.875 119.297
58.909 119.342
59.040 119.307
59.197 119.364
59.214 119.287
59.406 119.554
59.505 119.500
59.516 119.330
59.670 119.531
59.739 119.390
59.793 119.413
59.892 119.326
59.910 119.317
59.936 119.403
59.988 119.364
60.111 119.313
60.302 119.516
60.317 119.457
60.328 119.349
60.345 119.449
60.377 119.284
60.456 119.391
60.489 119.388
60.585 119.483
60.598 119.378
60.640 119.363
60.909 119.529
60.967 119.382
61.154 119.293
61.154 119.299
61.249 119.333
61.313 119.345
61.421 119.395
61.427 119.288
61.507 119.318
61.555 119.475
61.711 119.615
61.726 119.514
61.781 119.469
61.862 119.356
61.863 119.354
61.883 119.470
61.918 119.396
61.981 119.322
62.022 119.423
62.047 119.540
62.155 119.414
62.234 119.442
62.238 119.452
62.288 119.386
62.305 119.548
62.328 119.395
62.374 119.326
62.425 119.432
62.447 119.423
62.468 119.405
62.578 119.466
62.592 119.411
62.612 119.413
62.632 119.425
62.680 119.505
62.684 119.448
62.690 119.529
62.765 119.527
62.784 119.450
62.837 119.317
62.953 119.529
62.993 119.409
62.994 119.441
63.033 119.377
63.037 119.360
63.042 119.325
63.048 119.418
63.062 119.393
63.084 119.507
63.090 119.425
63.140 119.393
63.192 119.453
63.208 119.334
63.235 119.371
63.238 119.333
63.268 119.430
63.306 119.405
63.310 119.440
63.335 119.454
63.364 119.520
63.591 119.381
63.595 119.552
63.624 119.466
63.661 119.386
63.670 119.455
63.678 119.447
63.713 119.303
63.732 119.483
63.743 119.492
63.841 119.315
63.852 119.388
63.879 119.495
63.920 119.342
63.940 119.406
63.992 119.362
64.013 119.421
64.053 119.275
64.059 119.409
64.142 119.408
64.153 119.551
64.233 119.425
64.238 119.372
64.285 119.531
64.316 119.482
64.324 119.531
64.331 119.465
64.402 119.464
64.411 119.488
64.422 119.386
64.505 119.340
64.515 119.431
64.637 119.417
64.643 119.321
64.643 119.578
64.761 119.446
64.785 119.301
64.824 119.388
64.868 119.360
64.936 119.430
64.959 119.384
64.965 119.534
65.039 119.379
65.061 119.246
65.074 119.302
65.107 119.446
65.110 119.392
65.137 119.316
65.151 119.458
65.214 119.439
65.259 119.467
65.392 119.467
65.405 119.488
65.432 119.484
65.448 119.456
65.482 119.427
65.484 119.404
65.563 119.366
65.584 119.580
65.593 119.365
65.620 119.520
65.623 119.607
65.649 119.489
65.661 119.544
65.689 119.460
65.743 119.381
65.754 119.328
65.769 119.417
65.772 119.478
65.851 119.424
65.910 119.491
65.933 119.468
65.941 119.563
65.985 119.419
66.003 119.474
66.021 119.454
66.022 119.446
66.045 119.326
66.115 119.302
66.155 119.600
66.194 119.507
66.215 119.417
66.229 119.420
66.240 119.407
66.248 119.368
66.262 119.535
66.336 119.331
66.357 119.526
66.400 119.341
66.411 119.466
66.415 119.332
66.437 119.463
66.462 119.428
66.479 119.363
66.507 119.473
66.517 119.633
66.534 119.492
66.612 119.450
66.663 119.368
66.675 119.424
66.678 119.371
66.691 119.605
66.717 119.442
66.728 119.500
66.789 119.432
66.983 119.403
66.989 119.508
66.999 119.413
67.001 119.470
67.059 119.488
67.083 119.616
67.099 119.452
67.099 119.413
67.115 119.497
67.203 119.462
67.208 119.392
67.222 119.514
67.338 119.398
67.390 119.445
67.427 119.517
67.529 119.484
67.597 119.549
67.605 119.334
67.667 119.466
67.676 119.449
67.724 119.463
67.730 119.533
67.758 119.437
67.767 119.395
67.768 119.470
67.818 119.483
67.854 119.484
67.958 119.400
67.959 119.333
68.005 119.337
68.039 119.445
68.042 119.374
68.125 119.576
68.125 119.483
68.126 119.510
68.143 119.409
68.151 119.531
68.183 119.446
68.209 119.490
68.218 119.466
68.220 119.330
68.242 119.472
68.345 119.415
68.484 119.561
68.485 119.423
68.509 119.428
68.588 119.450
68.604 119.568
68.614 119.584
68.623 119.470
68.657 119.414
68.691 119.413
68.694 119.433
68.700 119.561
68.709 119.605
68.766 119.300
68.793 119.559
68.830 119.394
68.839 119.427
68.841 119.578
68.849 119.427
68.865 119.370
68.891 119.465
68.922 119.403
68.938 119.553
68.967 119.338
68.976 119.513
69.058 119.408
69.060 119.481
69.096 119.452
69.097 119.399
69.180 119.505
69.278 119.529
69.306 119.632
69.355 119.369
69.434 119.452
69.461 119.618
69.586 119.421
69.638 119.409
69.649 119.412
69.653 119.381
69.687 119.505
69.722 119.607
69.730 119.386
69.765 119.409
69.778 119.434
69.841 119.408
69.844 119.455
69.846 119.397
69.889 119.471
69.914 119.392
69.925 119.350
69.946 119.474
69.974 119.446
70.005 119.424
70.027 119.396
70.068 119.460
70.070 119.587
70.074 119.522
70.227 119.503
70.258 119.376
70.375 119.648
70.378 119.410
70.425 119.389
70.447 119.482
70.514 119.496
70.531 119.556
70.549 119.483
70.558 119.381
70.560 119.513
70.561 119.470
70.576 119.448
70.588 119.501
70.595 119.420
70.617 119.603
70.695 119.574
70.768 119.535
70.787 119.466
70.834 119.508
70.868 119.496
70.923 119.402
70.923 119.548
70.957 119.570
70.980 119.458
71.013 119.492
71.044 119.390
71.046 119.502
71.059 119.443
71.094 119.413
71.106 119.451
71.110 119.543
71.120 119.454
71.158 119.423
71.182 119.431
71.203 119.562
71.277 119.486
71.293 119.572
71.382 119.437
71.386 119.583
71.444 119.524
71.450 119.449
71.464 119.554
71.465 119.659
71.470 119.441
71.489 119.543
71.530 119.442
71.696 119.454
71.706 119.411
71.707 119.456
71.783 119.463
71.876 119.427
71.893 119.385
71.921 119.666
71.927 119.638
71.949 119.382
71.961 119.625
71.969 119.434
71.970 119.420
72.057 119.394
72.163 119.607
72.194 119.538
72.228 119.391
72.278 119.405
72.303 119.484
72.309 119.636
72.394 119.616
72.453 119.532
72.495 119.521
72.535 119.502
72.564 119.409
72.569 119.597
72.575 119.403
72.604 119.488
72.639 119.590
72.673 119.499
72.696 119.492
72.710 119.359
72.724 119.523
72.731 119.476
72.732 119.649
72.781 119.495
72.789 119.487
72.800 119.612
72.814 119.429
72.871 119.527
72.882 119.460
72.887 119.377
72.930 119.480
72.949 119.563
72.970 119.496
73.016 119.641
73.034 119.558
73.065 119.416
73.228 119.564
73.244 119.591
73.275 119.518
73.293 119.506
73.299 119.584
73.306 119.509
73.320 119.593
73.357 119.443
73.434 119.459
73.459 119.436
73.465 119.560
73.466 119.418
73.472 119.423
73.482 119.469
73.502 119.560
73.506 119.509
73.507 119.579
73.508 119.458
73.533 119.521
73.547 119.437
73.619 119.574
73.650 119.627
73.656 119.519
73.666 119.514
73.674 119.414
73.709 119.457
73.715 119.558
73.737 119.572
73.740 119.632
73.744 119.432
73.833 119.424
73.837 119.478
73.918 119.520
73.921 119.465
73.925 119.668
73.958 119.520
73.960 119.422
74.007 119.520
74.024 119.574
74.027 119.420
74.035 119.443
74.072 119.440
74.107 119.453
74.119 119.555
74.132 119.488
74.154 119.631
74.200 119.533
74.251 119.508
74.263 119.612
74.274 119.476
74.298 119.544
74.324 119.587
74.359 119.591
74.426 119.472
74.467 119.470
74.481 119.398
74.505 119.637
74.509 119.566
74.565 119.465
74.570 119.456
74.616 119.565
74.640 119.572
74.687 119.455
74.753 119.524
74.794 119.575
74.822 119.457
74.867 119.536
74.867 119.508
74.872 119.543
74.880 119.500
74.939 119.408
74.945 119.443
75.128 119.476
75.130 119.616
75.142 119.557
75.206 119.652
75.275 119.433
75.281 119.501
75.292 119.717
75.304 119.637
75.308 119.589
75.352 119.503
75.377 119.432
75.407 119.464
75.416 119.373
75.427 119.457
75.437 119.464
75.440 119.576
75.443 119.598
75.447 119.533
75.461 119.531
75.476 119.597
75.577 119.455
75.603 119.461
75.609 119.530
75.701 119.379
75.710 119.458
75.734 119.454
75.763 119.518
75.777 119.495
75.934 119.546
75.941 119.514
75.951 119.564
76.012 119.558
76.032 119.666
76.104 119.492
76.183 119.633
76.187 119.410
76.220 119.688
76.288 119.494
76.336 119.463
76.353 119.511
76.399 119.591
76.434 119.507
76.451 119.452
76.459 119.532
76.480 119.597
76.565 119.549
76.577 119.554
76.600 119.555
76.626 119.682
76.635 119.459
76.653 119.422
76.682 119.505
76.742 119.557
76.752 119.579
76.757 119.511
76.760 119.493
76.760 119.564
76.771 119.688
76.775 119.469
76.825 119.507
76.857 119.551
76.867 119.607
76.925 119.651
77.010 119.599
77.018 119.530
77.036 119.449
77.065 119.618
77.090 119.570
77.095 119.538
77.195 119.635
77.223 119.557
77.281 119.568
77.286 119.542
77.293 119.640
77.295 119.517
77.300 119.537
77.307 119.460
77.328 119.539
77.384 119.628
77.390 119.488
77.395 119.435
77.406 119.512
77.464 119.490
77.482 119.529
77.605 119.558
77.638 119.444
77.678 119.458
77.697 119.542
77.722 119.554
77.777 119.591
77.800 119.470
77.823 119.596
77.935 119.533
78.036 119.589
78.072 119.557
78.246 119.487
78.280 119.550
78.300 119.592
78.335 119.540
78.354 119.425
78.377 119.539
78.418 119.528
78.460 119.530
78.474 119.534
78.523 119.578
78.554 119.607
78.575 119.663
78.583 119.593
78.590 119.446
78.624 119.467
78.671 119.604
78.671 119.669
78.699 119.511
78.703 119.530
78.740 119.700
78.777 119.529
78.835 119.636
79.022 119.549
79.043 119.675
79.133 119.691
79.144 119.512
79.161 119.561
79.184 119.584
79.317 119.532
79.325 119.547
79.351 119.538
79.375 119.463
79.377 119.520
79.523 119.566
79.527 119.523
79.545 119.692
79.622 119.483
79.622 119.680
79.665 119.542
79.727 119.537
79.761 119.600
79.810 119.406
79.866 119.600
79.911 119.407
79.936 119.570
80.064 119.679
80.077 119.552
80.124 119.534
80.141 119.581
80.142 119.680
80.209 119.461
80.276 119.554
80.291 119.558
80.373 119.506
80.377 119.635
80.458 119.529
80.509 119.563
80.539 119.563
80.564 119.578
80.686 119.608
80.705 119.613
80.711 119.607
80.793 119.533
80.828 119.609
80.862 119.561
80.904 119.641
80.922 119.526
80.974 119.546
80.979 119.587
81.076 119.534
81.081 119.540
81.095 119.480
81.128 119.500
81.161 119.470
81.204 119.558
81.217 119.648
81.222 119.568
81.242 119.579
81.275 119.623
81.281 119.476
81.496 119.714
81.496 119.676
81.499 119.590
81.502 119.526
81.515 119.463
81.532 119.462
81.564 119.545
81.582 119.617
81.583 119.668
81.587 119.593
81.595 119.583
81.649 119.666
81.782 119.662
81.847 119.597
81.895 119.550
81.898 119.602
81.937 119.431
82.091 119.585
82.108 119.524
82.112 119.609
82.117 119.475
82.180 119.522
82.184 119.432
82.245 119.585
82.343 119.629
82.346 119.543
82.354 119.571
82.372 119.503
82.444 119.517
82.543 119.634
82.546 119.574
82.581 119.571
82.704 119.604
82.708 119.555
82.721 119.641
82.727 119.462
82.754 119.619
82.756 119.538
82.756 119.480
82.844 119.499
82.864 119.611
82.931 119.605
82.934 119.508
82.948 119.611
82.967 119.598
83.012 119.557
83.037 119.652
83.096 119.584
83.154 119.524
83.233 119.606
83.420 119.657
83.545 119.698
83.549 119.595
83.566 119.604
83.568 119.611
83.612 119.563
83.630 119.549
83.639 119.559
83.652 119.756
83.733 119.652
83.769 119.518
83.787 119.510
83.833 119.602
83.901 119.629
83.991 119.530
84.020 119.532
84.067 119.618
84.179 119.527
84.217 119.722
84.228 119.663
84.247 119.629
84.361 119.539
84.365 119.470
84.469 119.619
84.553 119.466
84.684 119.718
84.694 119.592
84.871 119.530
85.022 119.590
85.032 119.715
85.062 119.610
85.100 119.575
85.116 119.511
85.127 119.481
85.505 119.615
85.575 119.591
85.578 119.679
85.611 119.541
85.617 119.515
85.710 119.522
85.886 119.441
85.927 119.642
86.015 119.455
86.020 119.535
86.121 119.575
86.122 119.613
86.161 119.615
86.175 119.749
86.268 119.528
86.310 119.620
86.350 119.642
86.351 119.613
86.437 119.612
86.477 119.555
86.514 119.580
86.540 119.665
86.581 119.701
86.639 119.625
86.690 119.643
86.814 119.595
86.845 119.779
86.851 119.602
86.880 119.585
87.023 119.617
87.069 119.585
87.189 119.550
87.253 119.704
87.269 119.663
87.279 119.679
87.422 119.641
87.458 119.600
87.482 119.667
87.483 119.715
87.565 119.658
87.730 119.707
87.902 119.553
87.935 119.605
87.940 119.511
88.068 119.578
88.069 119.570
88.219 119.538
88.346 119.576
88.354 119.623
88.360 119.725
88.367 119.570
88.454 119.533
88.464 119.549
88.601 119.664
88.605 119.521
88.666 119.655
88.848 119.667
88.914 119.665
89.041 119.612
89.171 119.628
89.191 119.594
89.201 119.614
89.285 119.538
89.289 119.599
89.291 119.754
89.313 119.737
89.384 119.715
89.430 119.707
89.637 119.667
89.663 119.753
89.731 119.532
90.022 119.692
90.046 119.685
90.096 119.655
90.133 119.597
90.282 119.635
90.454 119.662
90.489 119.624
90.507 119.630
90.546 119.624
90.650 119.615
90.825 119.670
90.880 119.666
90.944 119.669
91.061 119.632
91.084 119.592
91.089 119.774
91.162 119.643
91.197 119.625
91.410 119.647
91.635 119.545
91.955 119.709
92.028 119.747
92.280 119.694
92.566 119.648
92.593 119.684
92.612 119.508
92.684 119.654
92.762 119.696
92.885 119.758
92.911 119.742
92.920 119.665
92.934 119.738
92.975 119.762
92.981 119.701
93.169 119.570
93.297 119.749
93.353 119.672
93.537 119.553
93.549 119.701
93.634 119.704
93.733 119.723
93.762 119.687
93.786 119.638
93.786 119.674
94.459 119.703
94.536 119.657
94.681 119.704
94.750 119.508
94.832 119.494
95.840 119.712
96.009 119.608
96.048 119.626
96.341 119.596
96.353 119.777
96.418 119.676
96.463 119.673
97.015 119.672
97.236 119.684
97.452 119.637
97.555 119.725
97.560 119.798
97.709 119.798
97.908 119.725
98.553 119.682
98.649 119.807
98.839 119.815
98.972 119.669
99.133 119.680
99.272 119.741
99.791 119.610
100.041 119.763
100.075 119.717
100.411 119.613
100.525 119.796
100.649 119.689
100.872 119.678
101.408 119.637
101.683 119.635
101.792 119.708
102.377 119.760
102.499 119.687
102.982 119.640
103.628 119.706
103.865 119.738
104.225 119.759
104.562 119.643
105.286 119.687
105.360 119.780
105.401 119.643
105.406 119.744
105.941 119.669
106.334 119.764
106.482 119.726
107.084 119.677
107.431 119.742
107.850 119.673
108.064 119.798
108.563 119.647
108.930 119.707
109.317 119.782
109.378 119.757
109.476 119.802
109.484 119.739
109.730 119.728
109.929 119.688
111.605 119.726
112.179 119.749
112.625 119.733
112.644 119.771
112.659 119.717
112.823 119.726
113.571 119.815
113.669 119.680
114.134 119.702
114.223 119.725
115.346 119.843
115.641 119.830
116.916 119.711
117.085 119.727
119.733 119.924
120.042 119.696
120.276 119.852
120.346 119.705
120.473 119.896
121.383 119.866
122.189 119.730
122.326 119.747
122.844 119.762
122.977 119.848
122.987 119.784
123.212 119.794
123.969 119.705
126.571 119.777
126.692 119.853
127.284 119.891
129.195 119.806
129.786 119.793
130.019 119.784
130.548 119.871
131.550 119.857
131.883 119.838
134.257 119.804
135.599 119.853
136.809 119.797
137.695 119.884
138.664 119.970
141.072 119.793
144.600 119.876
145.656 119.800
145.960 119.810
146.408 119.928
146.655 119.848
148.866 119.890
149.277 119.871
149.790 119.874
154.189 119.913
156.620 119.928
159.344 119.945
160.296 119.901
169.316 119.941
175.514 119.965
175.532 119.893
182.364 120.078
183.109 120.005
209.168 120.011
214.508 119.991
228.449 120.016
233.673 120.146
236.500 120.106
237.849 120.047
239.555 120.075
247.495 120.071
250.122 120.143
291.352 120.134
291.934 120.062
297.303 120.105
303.383 120.161
320.944 120.139
322.514 120.173
413.248 120.272
473.900 120.296
519.063 120.346
887.798 120.420
1133.415 120.453
