# Ep lEiso
164.977 -7.713
175.197 -7.682
190.846 -7.574
195.827 -7.561
197.848 -7.571
202.449 -7.573
205.311 -7.515
207.836 -7.496
211.197 -7.533
211.286 -7.540
212.864 -7.516
215.603 -7.515
216.614 -7.485
218.700 -7.491
220.728 -7.472
221.567 -7.462
225.204 -7.475
225.780 -7.458
227.174 -7.448
227.461 -7.480
228.166 -7.462
228.285 -7.468
228.741 -7.429
229.491 -7.450
230.121 -7.455
231.068 -7.469
231.106 -7.464
231.705 -7.455
232.207 -7.449
232.584 -7.459
236.094 -7.478
236.259 -7.426
236.537 -7.450
237.607 -7.395
238.891 -7.418
239.026 -7.475
240.594 -7.385
241.405 -7.400
241.497 -7.454
242.751 -7.386
243.253 -7.429
243.614 -7.421
244.261 -7.447
244.379 -7.450
244.553 -7.421
244.995 -7.433
246.035 -7.429
247.657 -7.376
247.787 -7.394
247.884 -7.429
248.027 -7.396
248.299 -7.381
248.972 -7.412
249.246 -7.412
250.063 -7.379
250.175 -7.413
250.533 -7.416
252.821 -7.356
253.310 -7.402
254.897 -7.387
254.901 -7.384
255.762 -7.411
256.429 -7.406
257.547 -7.387
257.615 -7.359
258.347 -7.394
258.780 -7.358
260.183 -7.309
260.321 -7.342
260.815 -7.357
261.545 -7.393
261.552 -7.394
261.729 -7.355
262.049 -7.379
262.613 -7.403
262.989 -7.368
263.214 -7.328
264.186 -7.348
264.899 -7.358
264.930 -7.355
265.385 -7.376
265.537 -7.364
265.738 -7.373
266.184 -7.356
266.716 -7.358
266.950 -7.361
267.164 -7.366
268.326 -7.343
268.470 -7.361
268.680 -7.359
268.893 -7.355
269.404 -7.327
269.444 -7.334
269.505 -7.318
270.293 -7.317
270.494 -7.343
271.050 -7.321
272.186 -7.312
272.569 -7.351
272.585 -7.340
272.959 -7.361
272.997 -7.366
273.039 -7.378
273.098 -7.347
273.239 -7.322
273.447 -7.316
273.499 -7.344
273.980 -7.329
274.481 -7.331
274.642 -7.371
274.901 -7.358
274.928 -7.370
275.214 -7.337
275.580 -7.345
275.620 -7.333
275.860 -7.328
276.136 -7.305
278.587 -7.345
278.622 -7.288
278.939 -7.316
279.341 -7.342
279.444 -7.318
279.531 -7.321
279.909 -7.368
280.111 -7.308
280.230 -7.304
281.292 -7.360
281.404 -7.336
281.697 -7.299
282.146 -7.328
282.365 -7.327
282.922 -7.341
283.155 -7.321
283.585 -7.368
283.646 -7.298
284.500 -7.321
284.610 -7.274
285.429 -7.313
285.479 -7.330
285.968 -7.276
286.310 -7.292
286.396 -7.275
286.477 -7.297
287.270 -7.295
287.371 -7.287
287.488 -7.321
288.420 -7.294
288.532 -7.304
289.886 -7.305
289.949 -7.290
289.956 -7.250
291.265 -7.292
291.528 -7.294
291.967 -7.311
292.458 -7.320
293.216 -7.293
293.473 -7.309
293.532 -7.256
294.363 -7.293
294.603 -7.271
294.757 -7.287
295.145 -7.283
295.174 -7.259
295.482 -7.329
295.648 -7.278
296.363 -7.283
296.886 -7.272
298.410 -7.268
298.562 -7.260
298.864 -7.261
299.050 -7.270
299.440 -7.280
299.465 -7.288
300.365 -7.299
300.605 -7.222
300.716 -7.281
301.022 -7.243
301.059 -7.211
301.351 -7.253
301.491 -7.233
301.811 -7.262
302.435 -7.224
302.555 -7.283
302.733 -7.275
302.762 -7.253
303.715 -7.271
304.417 -7.246
304.702 -7.253
304.791 -7.219
305.325 -7.270
305.535 -7.250
305.753 -7.237
305.759 -7.260
306.027 -7.256
306.861 -7.280
307.330 -7.205
307.785 -7.238
308.034 -7.270
308.202 -7.246
308.323 -7.274
308.425 -7.239
308.586 -7.228
309.456 -7.247
309.705 -7.232
310.213 -7.214
310.337 -7.253
310.386 -7.239
310.656 -7.254
310.962 -7.265
311.170 -7.239
311.517 -7.225
311.637 -7.194
311.841 -7.243
312.794 -7.256
313.422 -7.284
313.568 -7.265
313.595 -7.242
313.762 -7.204
314.082 -7.209
314.213 -7.239
314.947 -7.232
317.300 -7.263
317.375 -7.228
317.501 -7.233
317.523 -7.240
318.239 -7.232
318.540 -7.188
318.737 -7.242
318.742 -7.255
318.934 -7.227
320.031 -7.235
320.086 -7.258
320.269 -7.217
321.697 -7.203
322.342 -7.234
322.807 -7.208
324.088 -7.216
324.948 -7.191
325.044 -7.214
325.828 -7.218
325.939 -7.224
326.554 -7.217
326.629 -7.191
326.973 -7.226
327.091 -7.241
327.101 -7.192
327.731 -7.207
328.192 -7.205
329.520 -7.233
329.540 -7.259
330.125 -7.176
330.564 -7.212
330.601 -7.240
331.660 -7.160
331.667 -7.196
331.675 -7.185
331.894 -7.224
331.990 -7.177
332.400 -7.209
332.731 -7.191
332.855 -7.200
332.882 -7.210
333.164 -7.197
334.501 -7.216
336.295 -7.158
336.312 -7.173
336.613 -7.207
337.643 -7.197
337.854 -7.153
337.980 -7.146
338.101 -7.189
338.538 -7.209
338.981 -7.208
339.024 -7.200
339.098 -7.152
339.211 -7.136
339.960 -7.193
340.316 -7.151
340.790 -7.211
340.903 -7.199
340.931 -7.142
341.043 -7.199
341.246 -7.220
341.591 -7.184
341.995 -7.207
342.203 -7.150
342.576 -7.156
342.697 -7.165
343.777 -7.199
343.802 -7.176
344.285 -7.187
344.295 -7.208
345.404 -7.148
346.699 -7.151
347.076 -7.109
347.737 -7.212
348.790 -7.177
349.153 -7.111
350.828 -7.185
351.527 -7.187
351.675 -7.186
351.729 -7.138
352.187 -7.150
352.660 -7.111
352.767 -7.195
353.244 -7.127
353.419 -7.178
354.263 -7.189
354.302 -7.170
354.337 -7.193
354.925 -7.161
355.258 -7.101
355.409 -7.111
355.694 -7.158
356.074 -7.168
356.490 -7.161
356.792 -7.186
357.348 -7.159
357.373 -7.106
357.436 -7.133
359.525 -7.137
359.959 -7.129
361.557 -7.076
361.605 -7.167
362.252 -7.173
362.557 -7.138
363.582 -7.130
363.847 -7.107
364.135 -7.136
364.277 -7.175
364.299 -7.112
364.316 -7.141
364.555 -7.150
364.749 -7.130
364.859 -7.163
365.214 -7.088
366.454 -7.097
367.610 -7.111
367.908 -7.140
368.659 -7.122
369.201 -7.127
370.076 -7.110
370.089 -7.104
370.627 -7.091
370.995 -7.137
371.530 -7.119
372.030 -7.164
372.050 -7.112
372.266 -7.140
372.823 -7.106
373.025 -7.140
373.084 -7.088
373.250 -7.139
373.861 -7.104
374.252 -7.156
374.577 -7.071
375.786 -7.121
376.045 -7.064
377.479 -7.146
377.553 -7.052
378.484 -7.090
378.588 -7.138
378.814 -7.071
378.836 -7.004
378.914 -7.143
379.228 -7.078
379.893 -7.143
382.599 -7.132
382.768 -7.059
382.781 -7.091
384.025 -7.121
385.554 -7.144
385.818 -7.029
386.212 -6.988
386.298 -7.005
386.626 -7.114
386.797 -7.010
386.909 -7.082
386.928 -7.089
388.181 -7.105
389.717 -7.020
390.165 -7.061
390.649 -7.104
391.384 -7.054
391.744 -7.096
391.829 -6.998
393.058 -7.009
393.924 -7.061
394.529 -7.068
395.121 -7.081
395.536 -7.070
395.607 -7.018
395.706 -7.143
396.129 -7.086
396.628 -7.019
397.136 -7.077
397.466 -7.081
397.666 -7.053
397.875 -7.061
397.986 -7.091
397.989 -6.980
398.718 -7.079
398.837 -7.084
398.992 -7.004
399.207 -7.060
400.038 -7.056
400.192 -7.055
400.276 -7.027
400.901 -7.084
401.175 -7.030
401.479 -7.072
402.156 -6.988
402.431 -7.036
402.885 -7.110
405.296 -7.036
405.534 -7.025
405.977 -7.057
406.244 -7.062
406.340 -7.029
406.439 -7.061
406.638 -7.025
407.187 -7.058
408.329 -7.079
408.701 -7.088
408.781 -7.036
408.802 -7.095
408.896 -7.093
409.041 -7.073
409.341 -7.035
409.401 -7.056
409.412 -7.026
409.418 -7.077
409.801 -7.050
409.998 -7.085
411.073 -7.026
411.542 -7.003
411.631 -7.048
411.783 -7.050
411.905 -7.091
412.419 -7.073
412.520 -7.031
412.836 -7.024
412.876 -6.999
412.943 -7.083
414.247 -7.085
414.316 -7.062
415.520 -7.035
415.563 -7.065
415.618 -6.979
416.121 -7.041
416.143 -7.082
416.850 -7.010
417.102 -7.015
417.144 -7.081
417.263 -7.055
417.819 -7.071
418.346 -7.065
418.520 -7.021
418.712 -7.049
419.045 -6.987
419.744 -7.029
420.521 -7.039
420.698 -6.994
420.867 -7.017
421.225 -7.023
421.601 -7.004
422.131 -7.002
423.126 -7.052
423.727 -7.052
423.930 -7.083
424.307 -6.979
424.363 -7.009
425.206 -7.037
425.292 -6.983
425.981 -7.007
426.346 -7.003
427.055 -7.052
428.057 -7.020
428.686 -6.997
429.100 -7.047
429.789 -7.012
429.790 -7.024
429.863 -7.008
429.984 -7.027
430.870 -7.065
430.961 -7.035
433.707 -7.030
433.735 -6.970
433.918 -6.995
434.883 -6.953
435.928 -7.044
436.013 -7.015
436.184 -6.924
436.357 -6.957
436.424 -6.977
437.075 -7.012
437.456 -7.042
437.932 -7.028
438.069 -7.008
438.237 -7.030
438.388 -7.027
438.443 -6.980
438.480 -6.971
438.545 -6.998
438.761 -6.998
439.001 -6.970
440.569 -7.027
440.963 -7.024
441.044 -6.995
442.426 -6.973
442.554 -7.024
442.910 -7.025
443.340 -6.998
443.553 -7.007
445.916 -6.984
446.019 -6.997
446.176 -6.976
447.109 -6.977
447.428 -6.931
448.539 -7.004
449.755 -6.943
449.818 -7.008
450.331 -6.919
451.379 -7.001
452.112 -6.991
452.379 -6.993
453.094 -6.957
453.626 -6.978
453.878 -7.017
453.994 -6.982
454.293 -6.954
455.562 -6.973
455.746 -6.971
456.104 -6.970
456.500 -6.914
456.637 -7.011
456.912 -7.027
457.349 -6.949
458.277 -6.966
458.423 -6.956
458.509 -6.986
458.543 -6.994
458.547 -6.963
458.720 -6.908
458.784 -7.004
459.548 -6.987
460.033 -6.966
460.183 -6.942
461.072 -6.921
462.374 -6.942
462.505 -6.973
462.776 -6.973
463.214 -6.933
463.602 -6.953
463.676 -6.968
465.214 -6.922
465.639 -6.957
466.532 -6.950
466.609 -6.945
466.724 -6.918
466.765 -6.952
466.834 -6.964
466.945 -6.998
467.298 -6.962
468.198 -6.921
468.297 -6.984
468.371 -6.960
468.530 -6.972
469.405 -6.981
469.682 -6.963
471.540 -6.946
472.042 -6.939
472.645 -6.988
472.931 -6.951
473.316 -6.945
474.139 -6.927
474.484 -6.979
474.841 -6.923
476.522 -6.948
478.054 -6.921
478.595 -6.933
481.327 -6.960
481.873 -6.932
482.188 -6.913
482.762 -6.935
483.056 -6.924
483.442 -6.935
484.092 -6.939
484.769 -6.937
484.990 -6.935
485.769 -6.915
486.230 -6.902
486.541 -6.878
486.653 -6.890
486.767 -6.971
487.275 -6.962
487.961 -6.903
487.963 -6.874
488.376 -6.942
488.436 -6.934
488.983 -6.860
489.546 -6.934
490.397 -6.887
493.180 -6.923
493.490 -6.867
494.820 -6.859
494.980 -6.938
495.239 -6.917
495.590 -6.906
497.732 -6.926
497.848 -6.920
498.265 -6.923
498.652 -6.956
498.692 -6.931
501.027 -6.907
501.080 -6.927
501.375 -6.851
502.608 -6.943
502.614 -6.854
503.291 -6.916
504.286 -6.863
504.840 -6.888
505.616 -6.903
506.440 -6.885
507.088 -6.922
507.444 -6.898
509.306 -6.873
509.483 -6.902
510.162 -6.887
510.422 -6.888
510.436 -6.843
511.404 -6.940
512.369 -6.896
512.580 -6.894
513.779 -6.916
513.827 -6.857
515.118 -6.892
515.922 -6.887
516.394 -6.887
516.796 -6.880
518.720 -6.864
519.034 -6.862
519.119 -6.864
520.422 -6.896
520.979 -6.861
521.512 -6.882
522.186 -6.846
522.462 -6.896
523.290 -6.886
523.372 -6.868
524.902 -6.890
524.986 -6.861
525.204 -6.871
525.738 -6.904
526.254 -6.889
526.931 -6.877
527.138 -6.837
527.225 -6.872
527.532 -6.867
528.069 -6.847
528.153 -6.912
531.254 -6.803
531.261 -6.821
531.300 -6.859
531.337 -6.888
531.518 -6.916
531.766 -6.893
532.208 -6.870
532.466 -6.846
532.479 -6.823
532.530 -6.857
532.644 -6.861
533.402 -6.823
535.263 -6.824
536.206 -6.838
536.962 -6.873
537.011 -6.850
537.615 -6.928
540.021 -6.856
540.287 -6.884
540.345 -6.844
540.430 -6.908
541.417 -6.885
541.480 -6.928
542.432 -6.855
543.966 -6.832
544.013 -6.846
544.139 -6.860
544.424 -6.845
545.549 -6.832
547.090 -6.827
547.135 -6.858
547.688 -6.859
549.602 -6.841
549.665 -6.866
549.878 -6.822
549.968 -6.858
550.397 -6.833
550.416 -6.816
550.420 -6.823
551.802 -6.859
552.114 -6.836
553.166 -6.828
553.206 -6.891
553.433 -6.824
553.721 -6.842
554.426 -6.864
554.810 -6.813
555.748 -6.849
556.520 -6.820
557.593 -6.835
560.103 -6.805
561.782 -6.810
561.840 -6.837
562.076 -6.832
562.093 -6.828
562.758 -6.854
563.032 -6.862
563.176 -6.856
563.378 -6.745
564.621 -6.802
565.174 -6.813
565.460 -6.770
566.161 -6.827
567.207 -6.811
568.592 -6.811
569.042 -6.769
569.754 -6.812
571.480 -6.858
572.058 -6.754
572.233 -6.749
572.523 -6.803
574.275 -6.840
574.347 -6.780
575.946 -6.803
577.224 -6.878
579.247 -6.748
579.399 -6.811
582.117 -6.837
584.439 -6.804
584.595 -6.743
585.053 -6.793
585.642 -6.809
585.888 -6.839
586.059 -6.853
591.017 -6.783
591.922 -6.794
591.959 -6.752
592.388 -6.817
592.459 -6.828
593.661 -6.824
596.279 -6.858
596.904 -6.764
598.232 -6.850
598.306 -6.760
599.828 -6.792
599.845 -6.775
600.422 -6.773
600.638 -6.711
602.049 -6.812
602.674 -6.769
603.288 -6.758
603.292 -6.771
604.597 -6.771
605.193 -6.762
605.756 -6.784
606.147 -6.745
606.775 -6.727
607.640 -6.761
608.418 -6.753
610.281 -6.773
610.755 -6.688
610.843 -6.769
611.275 -6.777
613.440 -6.759
614.129 -6.773
615.936 -6.746
616.907 -6.716
617.157 -6.735
617.303 -6.727
619.456 -6.725
620.003 -6.761
620.367 -6.730
620.381 -6.708
621.612 -6.733
623.740 -6.708
625.848 -6.776
626.246 -6.752
626.306 -6.794
627.871 -6.762
627.888 -6.766
629.726 -6.778
631.272 -6.759
631.377 -6.738
631.449 -6.693
631.535 -6.761
632.660 -6.776
632.815 -6.769
634.841 -6.716
634.898 -6.779
635.810 -6.719
638.499 -6.712
639.485 -6.712
641.363 -6.733
643.282 -6.724
643.589 -6.739
643.731 -6.730
644.970 -6.761
645.034 -6.735
645.064 -6.668
645.393 -6.675
646.447 -6.683
647.129 -6.686
650.196 -6.701
650.579 -6.663
651.587 -6.758
655.906 -6.685
656.263 -6.687
656.999 -6.699
657.545 -6.724
659.758 -6.706
662.311 -6.691
662.769 -6.707
662.983 -6.704
663.436 -6.707
664.645 -6.710
666.668 -6.685
667.308 -6.686
668.057 -6.684
669.419 -6.699
669.680 -6.716
669.741 -6.638
670.582 -6.693
670.991 -6.701
673.470 -6.689
676.082 -6.731
679.940 -6.658
681.010 -6.641
684.696 -6.660
688.890 -6.676
689.285 -6.660
689.571 -6.735
690.615 -6.672
691.767 -6.653
693.571 -6.625
693.950 -6.631
694.075 -6.664
694.281 -6.633
694.882 -6.641
694.968 -6.648
697.725 -6.701
699.606 -6.623
700.423 -6.656
703.117 -6.704
703.298 -6.641
704.541 -6.638
705.995 -6.629
706.414 -6.644
706.763 -6.627
706.776 -6.649
714.549 -6.630
715.403 -6.649
717.022 -6.628
717.787 -6.710
718.693 -6.715
729.885 -6.614
731.765 -6.656
732.195 -6.648
735.456 -6.658
735.585 -6.582
736.304 -6.624
736.804 -6.625
744.757 -6.619
748.003 -6.612
751.182 -6.630
752.688 -6.591
752.755 -6.560
754.946 -6.558
757.863 -6.587
764.866 -6.600
765.898 -6.547
767.944 -6.542
769.378 -6.650
771.101 -6.595
772.598 -6.569
778.190 -6.617
780.878 -6.553
781.248 -6.571
784.865 -6.610
786.090 -6.536
787.420 -6.578
789.819 -6.580
795.592 -6.616
798.552 -6.589
799.723 -6.610
806.019 -6.535
807.331 -6.562
812.748 -6.575
819.676 -6.596
822.222 -6.514
826.078 -6.600
829.691 -6.564
837.452 -6.601
838.246 -6.506
838.679 -6.559
838.735 -6.520
844.473 -6.546
848.683 -6.506
850.268 -6.520
856.723 -6.516
860.439 -6.508
864.938 -6.533
867.229 -6.482
872.577 -6.540
875.459 -6.513
878.334 -6.481
878.789 -6.491
879.518 -6.472
879.571 -6.497
881.403 -6.501
882.885 -6.460
895.337 -6.491
899.598 -6.479
903.764 -6.482
903.981 -6.524
904.147 -6.489
905.971 -6.484
914.288 -6.443
915.387 -6.496
920.554 -6.484
921.546 -6.474
934.042 -6.493
937.331 -6.422
947.140 -6.464
948.412 -6.438
968.342 -6.367
970.667 -6.459
972.427 -6.395
972.953 -6.454
973.911 -6.376
980.755 -6.385
986.824 -6.437
987.855 -6.429
991.750 -6.421
992.753 -6.386
992.828 -6.412
994.523 -6.407
1000.221 -6.440
1014.277 -6.404
1014.880 -6.373
1017.835 -6.356
1032.895 -6.381
1037.696 -6.383
1039.592 -6.386
1043.890 -6.348
1052.035 -6.349
1054.741 -6.355
1074.037 -6.357
1083.624 -6.332
1090.045 -6.351
1094.748 -6.343
1099.895 -6.279
1112.670 -6.344
1131.396 -6.304
1137.001 -6.332
1138.617 -6.328
1140.994 -6.279
1142.303 -6.311
1153.475 -6.289
1154.881 -6.296
1156.640 -6.294
1171.738 -6.271
1186.721 -6.257
1203.511 -6.242
1209.374 -6.258
1256.706 -6.260
1281.165 -6.202
1281.237 -6.235
1308.199 -6.141
1311.140 -6.175
1391.134 -6.151
1418.496 -6.183
1466.918 -6.124
1483.967 -6.052
1493.197 -6.070
1497.599 -6.100
1503.167 -6.084
1529.082 -6.079
1537.656 -6.079
1628.281 -6.026
1629.492 -6.064
1640.663 -6.039
1656.208 -6.005
1714.729 -6.001
1719.484 -6.007
1948.224 -5.874
2079.845 -5.837
2210.790 -5.782
3111.691 -5.580
3377.824 -5.551
