# Ep lEiso
1.034 120.962
1.076 120.883
1.304 121.093
1.441 121.057
1.514 120.965
1.725 120.860
1.884 121.080
2.024 120.935
2.239 120.830
2.248 120.833
2.400 120.916
2.786 120.873
2.928 120.867
3.222 120.946
3.539 120.760
3.704 120.768
4.418 120.843
4.532 120.803
4.847 120.674
4.944 120.755
5.206 120.821
5.250 120.787
5.419 120.701
5.697 120.806
5.931 120.799
6.320 120.710
6.339 120.731
6.625 120.761
6.865 120.779
7.046 120.724
8.950 120.542
9.049 120.524
9.214 120.594
9.900 120.616
10.820 120.589
10.917 120.453
12.124 120.799
12.802 120.795
12.879 120.487
13.980 120.651
14.508 120.575
14.931 120.612
15.706 120.436
15.856 120.416
16.078 120.580
16.641 120.496
17.963 120.379
19.927 120.643
20.064 120.665
20.166 120.421
20.317 120.645
20.604 120.247
21.314 120.483
21.552 120.451
22.164 120.578
22.248 120.313
22.516 120.235
23.872 120.490
24.105 120.390
24.863 119.975
24.865 119.989
25.157 120.061
25.358 120.084
25.694 120.193
25.714 119.942
25.963 120.004
26.113 120.379
26.583 120.722
26.614 120.470
26.725 120.354
26.890 120.060
26.891 120.056
26.931 120.348
27.004 120.156
27.131 119.960
27.215 120.216
27.266 120.193
27.485 120.181
27.645 120.249
27.652 120.275
27.755 120.094
27.789 120.189
27.834 120.115
27.935 120.240
28.049 120.207
28.086 120.182
28.119 120.134
28.299 120.299
28.321 120.150
28.353 120.157
28.386 120.190
28.465 120.407
28.471 119.970
28.481 120.472
28.603 120.466
28.634 120.256
28.720 119.892
28.909 120.472
28.974 120.144
28.976 120.233
29.040 120.058
29.046 120.011
29.053 119.915
29.063 120.168
29.087 120.100
29.122 120.414
29.131 120.187
29.212 120.102
29.297 120.265
29.324 119.938
29.368 120.039
29.373 119.936
29.416 120.201
29.461 120.125
29.466 120.220
29.496 120.254
29.530 120.428
29.834 119.998
29.838 120.462
29.878 120.224
29.927 119.996
29.940 120.182
29.951 120.159
29.998 119.764
30.023 120.244
30.038 120.266
30.169 119.769
30.183 119.964
30.219 120.245
30.275 119.997
30.302 119.992
30.371 119.863
30.400 120.016
30.453 119.621
30.461 120.178
30.573 120.150
30.587 120.331
30.685 119.987
30.690 119.849
30.740 120.264
30.775 120.132
30.784 120.262
30.792 120.086
30.873 120.077
30.883 120.138
30.895 119.869
30.991 120.058
31.002 119.978
31.141 119.931
31.147 120.223
31.148 120.358
31.282 119.996
31.309 120.163
31.354 119.837
31.404 120.128
31.482 119.938
31.508 119.944
31.514 120.215
31.599 119.911
31.624 120.174
31.640 119.951
31.680 119.967
31.683 120.223
31.716 119.993
31.733 119.996
31.804 119.942
31.850 120.018
31.983 120.018
31.996 120.075
32.022 120.063
32.039 119.988
32.073 119.911
32.075 119.850
32.153 119.749
32.174 120.316
32.184 119.877
32.211 120.156
32.214 120.387
32.239 120.076
32.252 120.220
32.280 119.998
32.334 120.266
32.344 120.103
32.360 119.887
32.363 120.046
32.446 119.901
32.507 120.072
32.532 120.012
32.540 120.263
32.586 119.878
32.605 120.023
32.624 120.116
32.625 119.948
32.649 119.976
32.723 120.085
32.765 120.355
32.806 120.104
32.825 119.861
32.838 120.043
32.847 119.832
32.855 120.096
32.867 120.174
32.934 120.033
32.953 120.147
32.992 120.278
33.001 119.983
33.005 120.087
33.026 119.973
33.049 119.881
33.065 120.087
33.092 120.196
33.101 120.432
33.117 120.052
33.190 119.940
33.238 119.720
33.249 119.869
33.251 120.050
33.264 120.351
33.288 120.311
33.298 120.073
33.355 120.123
33.538 119.817
33.543 120.091
33.553 119.842
33.555 119.991
33.610 120.038
33.634 120.372
33.649 119.945
33.650 119.844
33.664 120.062
33.747 119.971
33.751 119.790
33.764 120.104
33.862 120.176
33.907 119.927
33.939 120.110
34.027 120.021
34.087 120.182
34.094 120.010
34.148 119.962
34.156 119.918
34.198 119.951
34.203 120.134
34.227 119.880
34.235 119.768
34.236 120.115
34.280 119.995
34.312 120.188
34.403 119.775
34.405 119.774
34.445 120.146
34.476 119.894
34.478 119.707
34.552 120.235
34.552 119.992
34.553 120.062
34.567 119.800
34.573 120.116
34.599 119.895
34.620 120.007
34.628 119.947
34.629 119.880
34.647 119.962
34.732 119.815
34.846 120.171
34.847 120.069
34.866 119.845
34.932 119.897
34.945 120.180
34.953 120.218
34.961 119.944
34.989 119.810
35.017 119.899
35.020 119.856
35.024 120.158
35.032 120.262
35.079 120.037
35.102 120.147
35.132 120.142
35.139 119.839
35.141 120.190
35.148 119.837
35.161 120.058
35.183 119.920
35.209 119.912
35.222 120.120
35.246 120.079
35.254 120.020
35.320 119.794
35.322 119.934
35.350 119.859
35.351 119.733
35.416 120.082
35.493 120.045
35.515 120.288
35.554 119.666
35.616 119.861
35.637 120.251
35.736 119.798
35.777 119.881
35.786 119.900
35.789 120.073
35.816 119.998
35.843 120.226
35.850 119.718
35.878 120.128
35.888 119.817
35.937 119.739
35.939 119.851
35.941 119.712
35.975 119.891
35.993 120.238
36.002 120.180
36.018 119.897
36.039 119.832
36.062 119.865
36.079 119.712
36.110 120.059
36.111 120.168
36.115 120.013
36.230 119.967
36.254 120.012
36.342 120.298
36.345 119.773
36.380 119.729
36.397 119.932
36.453 119.963
36.468 120.093
36.484 119.927
36.491 119.696
36.493 120.061
36.494 119.894
36.507 120.049
36.517 119.952
36.523 119.763
36.543 120.184
36.608 120.121
36.669 120.028
36.685 119.865
36.724 119.965
36.753 119.937
36.798 120.024
36.799 120.060
36.827 120.110
36.846 119.847
36.874 119.927
36.901 119.767
36.902 119.950
36.913 119.812
36.942 120.008
36.952 119.830
36.955 120.046
36.964 119.837
36.996 119.766
37.016 119.785
37.033 120.088
37.095 119.912
37.108 120.110
37.180 119.801
37.184 120.134
37.231 120.000
37.236 119.829
37.247 120.068
37.248 120.307
37.252 119.810
37.268 120.041
37.301 119.806
37.436 119.823
37.444 119.723
37.445 120.011
37.507 119.845
37.581 119.762
37.595 120.171
37.617 120.314
37.622 120.248
37.640 119.846
37.649 120.218
37.655 119.779
37.656 119.936
37.725 119.879
37.810 120.173
37.834 120.016
37.861 119.678
37.901 120.039
37.921 119.887
37.925 120.236
37.991 120.188
38.038 119.992
38.070 119.964
38.102 119.920
38.124 119.706
38.128 120.139
38.133 119.691
38.156 119.888
38.182 120.122
38.209 119.913
38.227 119.897
38.237 119.998
38.248 119.969
38.254 119.861
38.254 120.258
38.293 119.905
38.299 119.886
38.307 120.170
38.318 119.970
38.362 119.976
38.370 119.822
38.374 119.634
38.407 119.866
38.421 120.056
38.437 119.903
38.472 120.232
38.486 120.042
38.510 120.271
38.634 120.050
38.646 120.112
38.669 119.944
38.682 119.917
38.687 120.096
38.692 119.922
38.702 120.116
38.730 119.933
38.788 119.808
38.807 119.756
38.811 120.038
38.812 120.190
38.817 119.725
38.824 119.832
38.839 120.039
38.842 119.923
38.843 120.083
38.843 119.805
38.863 119.951
38.873 119.760
38.926 120.070
38.950 120.188
38.954 119.945
38.962 119.934
38.968 119.708
38.993 119.805
38.998 120.032
39.014 120.195
39.016 120.199
39.019 119.746
39.084 119.722
39.088 119.844
39.147 119.975
39.149 119.810
39.152 120.275
39.176 119.934
39.177 119.711
39.212 120.089
39.225 120.196
39.227 119.702
39.232 119.839
39.260 119.972
39.286 120.114
39.294 120.006
39.303 119.852
39.320 120.181
39.353 119.951
39.391 119.891
39.399 120.133
39.407 120.007
39.425 119.975
39.443 120.076
39.468 120.083
39.516 119.806
39.545 119.803
39.555 119.854
39.573 120.194
39.575 120.028
39.615 119.868
39.619 120.164
39.652 120.027
39.669 120.044
39.702 119.759
39.750 119.928
39.779 120.076
39.799 119.895
39.832 119.966
39.832 119.875
39.835 119.992
39.841 119.847
39.882 119.805
39.886 119.899
40.013 119.764
40.014 120.240
40.023 120.040
40.068 120.187
40.116 120.181
40.120 119.849
40.128 120.578
40.136 120.309
40.139 120.147
40.169 119.859
40.186 120.142
40.208 119.726
40.214 119.882
40.222 119.970
40.228 119.726
40.231 120.100
40.233 120.175
40.236 119.958
40.245 119.950
40.256 120.171
40.327 120.035
40.345 120.163
40.348 119.946
40.411 120.110
40.416 120.183
40.432 119.934
40.452 119.900
40.461 119.822
40.568 119.983
40.572 119.877
40.579 120.043
40.620 120.022
40.634 120.382
40.679 119.795
40.726 120.265
40.728 119.933
40.748 120.450
40.788 119.791
40.817 119.863
40.827 119.843
40.854 120.115
40.875 119.944
40.885 119.639
40.889 119.912
40.901 120.133
40.949 119.966
40.956 119.982
40.969 119.985
40.984 120.418
40.989 120.193
40.999 120.118
41.015 120.129
41.049 119.983
41.055 120.061
41.058 119.824
41.059 120.045
41.059 120.009
41.066 120.436
41.068 119.680
41.097 119.808
41.115 119.958
41.120 120.152
41.153 120.303
41.202 120.119
41.207 119.878
41.217 119.875
41.233 120.182
41.248 120.014
41.250 119.901
41.308 120.237
41.324 119.964
41.357 120.000
41.360 119.909
41.364 120.252
41.366 119.982
41.368 119.891
41.372 120.258
41.385 119.895
41.417 120.206
41.420 119.714
41.423 119.895
41.429 119.799
41.460 119.928
41.470 119.856
41.536 119.959
41.554 120.007
41.576 119.937
41.586 119.904
41.600 119.945
41.630 120.075
41.642 119.992
41.655 120.091
41.716 119.871
41.771 120.029
41.791 119.956
41.887 119.916
41.906 119.931
41.917 120.072
41.936 119.898
41.946 119.981
41.960 119.893
41.982 119.857
42.005 119.863
42.013 119.877
42.040 120.023
42.056 120.121
42.067 120.306
42.071 120.212
42.075 120.115
42.092 119.926
42.116 120.102
42.116 119.866
42.130 119.787
42.132 119.851
42.151 120.424
42.171 119.841
42.200 120.202
42.298 119.894
42.309 119.838
42.356 120.375
42.361 120.014
42.370 119.925
42.382 120.003
42.452 119.815
42.456 119.866
42.469 119.833
42.482 120.116
42.483 120.140
42.561 119.920
42.562 119.770
42.572 120.358
42.613 120.047
42.613 120.314
42.636 119.826
42.669 120.224
42.687 120.024
42.713 119.895
42.740 120.020
42.762 119.726
42.774 119.912
42.836 120.080
42.842 119.849
42.865 119.963
42.874 119.951
42.875 120.302
42.907 120.061
42.940 119.857
42.947 119.873
42.988 119.908
42.990 120.144
43.030 119.860
43.055 119.889
43.069 119.890
43.082 119.940
43.142 120.048
43.151 120.063
43.154 120.044
43.196 119.784
43.213 120.048
43.230 119.884
43.252 120.160
43.261 119.829
43.287 119.831
43.290 119.974
43.339 119.787
43.341 120.169
43.348 119.933
43.365 120.090
43.382 119.998
43.403 119.872
43.410 120.182
43.413 119.908
43.422 119.947
43.440 120.097
43.442 120.045
43.541 120.404
43.541 120.272
43.543 119.973
43.544 119.751
43.550 119.947
43.558 120.117
43.572 119.878
43.581 120.063
43.581 120.242
43.583 119.981
43.587 119.946
43.612 120.233
43.673 120.212
43.703 119.984
43.726 119.816
43.727 119.997
43.745 120.234
43.816 119.928
43.824 119.714
43.826 120.010
43.828 119.765
43.858 119.907
43.860 120.094
43.888 119.920
43.933 120.071
43.935 119.973
43.938 119.866
43.947 119.972
43.980 120.057
44.026 120.081
44.027 119.868
44.044 119.853
44.104 119.967
44.106 119.791
44.112 120.095
44.115 119.847
44.128 120.016
44.129 120.134
44.129 120.084
44.172 119.828
44.182 119.982
44.214 119.959
44.215 120.157
44.223 119.980
44.231 119.931
44.253 119.779
44.265 120.121
44.294 119.874
44.318 120.061
44.351 119.953
44.429 120.134
44.481 120.089
44.483 119.914
44.490 119.947
44.491 119.969
44.509 119.800
44.517 119.749
44.521 119.785
44.526 120.484
44.560 120.114
44.576 120.037
44.584 120.312
44.604 119.939
44.634 120.032
44.674 120.016
44.687 120.283
44.707 119.995
44.757 119.941
44.774 120.354
44.779 120.150
44.787 120.031
44.837 120.024
44.839 119.836
44.885 119.996
44.922 119.832
44.980 120.335
44.985 119.905
45.063 120.078
45.129 119.897
45.134 120.320
45.147 119.964
45.164 119.845
45.171 119.784
45.176 120.118
45.328 119.970
45.356 119.885
45.357 120.186
45.370 120.303
45.373 120.162
45.410 119.997
45.480 119.933
45.496 120.048
45.531 120.340
45.533 120.066
45.573 119.812
45.574 119.943
45.589 119.948
45.595 120.408
45.632 119.854
45.648 119.958
45.665 120.034
45.665 119.934
45.699 119.927
45.715 119.985
45.730 119.815
45.740 120.107
45.756 120.231
45.779 119.967
45.800 120.025
45.849 119.856
45.861 120.494
45.864 120.257
45.875 119.816
45.933 119.926
45.952 119.813
46.005 120.009
46.033 120.216
46.040 120.080
46.044 120.131
46.106 120.132
46.122 119.864
46.133 120.085
46.133 120.244
46.169 120.055
46.230 120.209
46.291 119.722
46.303 119.885
46.305 119.821
46.350 119.807
46.350 119.781
46.403 119.925
46.448 120.078
46.451 119.946
46.453 120.245
46.456 120.162
46.486 119.983
46.490 119.732
46.538 120.064
46.540 119.831
46.562 120.040
46.626 120.072
46.649 120.065
46.694 119.925
46.740 119.969
46.747 119.880
46.750 119.932
46.780 119.739
46.782 119.895
46.783 120.293
46.791 120.249
46.820 120.190
46.838 120.170
46.920 120.064
46.930 120.281
46.957 120.014
47.073 120.121
47.083 120.104
47.103 120.029
47.117 119.884
47.176 120.230
47.245 120.041
47.257 119.948
47.263 119.962
47.275 119.946
47.307 119.921
47.362 120.054
47.379 120.042
47.399 120.049
47.435 119.957
47.442 120.200
47.444 120.301
47.467 119.982
47.478 119.936
47.544 119.988
47.614 120.018
47.714 120.125
47.736 120.215
47.821 120.082
47.925 119.969
47.934 120.054
47.941 120.002
47.967 119.982
47.995 120.080
48.040 120.224
48.049 120.187
48.052 120.003
48.057 120.177
48.072 120.232
48.074 120.089
48.142 119.772
48.188 120.196
48.208 120.011
48.275 119.992
48.279 120.077
48.310 120.084
48.345 120.128
48.356 120.042
48.364 120.133
48.365 120.010
48.556 120.068
48.577 119.958
48.617 120.066
48.636 120.212
48.658 119.879
48.933 120.067
48.988 119.820
49.001 119.862
49.097 119.787
49.101 120.214
49.122 119.976
49.137 119.966
49.318 119.957
49.391 119.981
49.462 119.870
49.496 120.073
49.497 120.246
49.546 120.243
49.612 120.069
49.768 119.968
49.791 120.251
49.837 120.267
49.869 119.940
49.908 119.965
49.941 120.098
50.067 120.148
50.127 120.142
50.135 120.044
50.216 120.209
50.243 120.208
50.273 119.983
50.333 119.960
50.496 119.877
50.579 119.874
50.612 119.960
50.789 120.122
50.826 119.978
50.953 119.883
51.092 119.999
51.144 120.151
51.221 120.091
51.294 119.852
51.449 119.924
51.465 120.112
51.474 119.831
51.475 120.036
51.591 119.871
51.675 120.059
51.707 119.976
51.837 119.965
51.912 119.990
52.032 119.932
52.092 120.103
52.235 120.029
52.311 119.892
52.388 120.059
52.400 120.004
52.419 120.105
52.421 119.962
52.470 119.935
52.509 120.157
52.840 119.924
52.954 119.975
53.042 120.275
53.045 120.027
53.048 119.898
53.081 119.919
53.229 120.128
53.248 120.181
53.340 119.855
53.357 119.911
53.579 120.193
53.638 120.161
53.812 119.859
53.844 120.017
54.342 120.358
54.400 119.787
54.444 120.171
54.457 119.806
54.481 120.279
54.652 120.196
54.803 120.149
54.829 119.890
54.926 120.256
54.951 120.134
54.953 119.975
54.996 120.262
55.138 120.162
55.489 119.930
55.504 120.116
55.578 120.206
55.816 119.987
55.890 119.952
55.919 119.927
55.985 120.139
56.128 120.100
56.190 120.051
56.635 119.963
56.856 120.079
57.004 119.930
57.113 119.964
57.231 120.356
57.526 119.949
57.958 120.074
58.087 119.860
58.124 119.884
58.179 120.200
58.209 119.981
58.467 120.315
58.499 120.026
58.540 120.033
58.953 120.129
59.262 120.163
59.608 120.199
59.729 120.069
60.706 120.137
61.210 120.166
61.212 119.953
61.768 120.460
61.828 120.236
64.231 120.176
64.708 120.075
65.553 120.093
65.850 120.648
66.040 120.452
66.180 120.169
66.358 120.288
67.184 120.437
67.458 120.513
70.348 120.240
70.387 120.460
70.743 120.085
71.467 120.303
72.971 120.152
73.093 120.300
81.136 120.526
88.491 120.520
93.066 120.724
217.956 120.780
329.964 120.747
