# Ep lEiso
70.916 119.822
73.348 119.922
83.833 120.163
86.271 120.133
87.566 119.975
90.515 120.074
92.350 120.297
93.969 120.407
95.653 119.964
95.704 119.892
96.629 120.078
98.234 120.006
98.827 120.266
100.049 120.154
101.238 120.048
101.729 120.050
103.860 120.142
104.198 120.080
105.014 120.342
105.230 120.029
105.813 120.186
105.911 120.120
106.288 120.471
106.909 120.194
107.277 120.196
107.827 120.044
107.849 120.085
108.197 120.154
108.489 120.198
108.708 120.098
110.747 120.170
110.843 120.301
111.005 120.078
111.626 120.550
112.373 120.305
112.451 120.152
113.362 120.553
113.833 120.403
113.886 120.139
114.615 120.496
114.939 120.102
115.200 120.167
115.668 120.365
115.753 120.323
115.879 120.144
116.198 120.037
116.950 120.183
118.123 120.469
118.217 120.306
118.286 120.083
118.390 120.286
118.587 120.405
119.035 120.131
119.202 120.123
119.703 120.384
119.771 120.098
119.991 120.146
121.392 120.515
121.692 120.118
122.664 120.205
122.666 120.230
123.194 120.120
123.603 120.124
124.287 120.152
124.329 120.383
124.837 120.081
125.142 120.365
126.132 120.743
126.229 120.196
126.577 120.342
127.092 120.183
127.097 120.151
127.221 120.341
127.448 120.176
127.845 120.388
128.110 120.207
128.269 120.185
128.954 120.179
129.457 120.255
129.479 120.282
129.800 120.170
129.907 120.198
130.049 120.156
130.358 120.254
130.705 120.223
130.858 120.199
130.997 120.150
131.754 120.323
131.847 120.171
131.984 120.178
132.123 120.213
132.456 120.280
132.481 120.276
132.522 120.501
133.035 120.497
133.166 120.285
133.527 120.453
134.324 120.218
134.597 120.178
134.608 120.268
134.874 120.269
134.902 120.333
134.932 120.225
134.973 120.205
135.074 120.406
135.222 120.451
135.260 120.225
135.602 120.339
135.959 120.306
136.073 120.204
136.258 120.216
136.278 120.293
136.481 120.246
136.742 120.180
136.770 120.275
136.941 120.314
137.138 120.494
138.884 120.349
138.909 120.585
139.135 120.356
139.421 120.429
139.495 120.326
139.557 120.305
139.826 120.291
139.970 120.269
140.055 120.428
140.811 120.297
140.891 120.333
141.100 120.440
141.415 120.260
141.567 120.288
141.953 120.296
142.114 120.246
142.412 120.285
142.453 120.300
143.079 120.218
143.160 120.595
143.762 120.265
143.798 120.128
144.158 120.547
144.409 120.418
144.473 120.295
144.532 120.373
145.116 120.371
145.190 120.433
145.276 120.208
145.961 120.253
146.043 120.282
147.039 120.246
147.086 120.365
147.090 120.673
148.053 120.322
148.246 120.304
148.569 120.169
148.931 120.271
149.488 120.280
149.677 120.288
149.720 120.265
150.331 120.262
150.507 120.313
150.621 120.305
150.908 120.324
150.930 120.580
151.166 120.353
151.292 120.357
151.831 120.308
152.218 120.386
153.349 120.392
153.461 120.338
153.685 120.346
153.823 120.364
154.112 120.290
154.131 120.229
154.798 120.356
154.976 120.697
155.059 120.378
155.286 120.540
155.313 120.770
155.529 120.366
155.634 120.605
155.871 120.385
156.334 120.655
156.422 120.492
156.555 120.278
156.576 120.437
157.283 120.296
157.803 120.469
158.015 120.410
158.081 120.660
158.477 120.279
158.635 120.424
158.801 120.373
158.806 120.351
159.009 120.379
159.642 120.491
159.998 120.762
160.343 120.513
160.532 120.273
160.660 120.455
160.751 120.327
160.828 120.383
160.951 120.587
161.629 120.415
161.827 120.353
162.230 120.692
162.328 120.398
162.367 120.370
162.581 120.387
162.824 120.295
162.988 120.501
163.264 120.415
163.359 120.846
163.520 120.466
164.276 120.354
164.774 120.269
164.890 120.283
164.911 120.401
165.044 120.765
165.297 120.726
165.401 120.488
165.986 120.537
167.875 120.302
167.935 120.506
168.036 120.461
168.054 120.406
168.628 120.452
168.870 120.787
169.028 120.359
169.032 120.409
169.186 120.476
170.067 120.386
170.111 120.427
170.261 120.468
171.433 120.600
171.963 120.728
172.345 120.540
173.398 120.456
174.106 120.624
174.184 120.450
174.830 120.406
174.921 120.361
175.427 120.837
175.489 120.585
175.772 120.328
175.870 120.369
175.878 120.417
176.396 120.449
176.775 120.454
177.868 120.463
177.884 120.442
178.366 120.615
178.736 120.415
178.768 120.421
179.662 120.712
179.667 120.462
179.674 120.535
179.859 120.459
179.940 120.591
180.285 120.365
180.565 120.483
180.670 120.422
180.692 120.352
180.930 120.439
182.058 120.445
183.571 120.423
183.586 120.479
183.840 120.332
184.710 120.439
184.889 120.699
184.996 120.481
185.098 120.445
185.469 120.491
185.844 120.400
185.882 120.469
185.947 120.684
186.045 120.800
186.698 120.448
187.008 120.686
187.421 120.686
187.520 120.635
187.544 120.741
187.642 120.396
187.819 120.597
188.119 120.446
188.472 120.440
188.653 120.677
188.978 120.500
189.084 120.463
190.020 120.472
190.041 120.480
190.457 120.399
190.466 120.396
191.421 120.552
192.537 120.471
192.867 120.902
193.451 120.458
194.380 120.416
194.700 120.859
196.172 120.561
196.787 120.439
196.917 120.461
196.965 120.503
197.368 120.572
197.783 120.832
197.878 120.478
198.297 120.720
198.450 120.538
199.197 120.650
199.232 120.407
199.263 120.528
199.789 120.455
200.088 120.852
200.222 120.494
200.477 120.465
200.818 120.392
201.190 120.432
201.460 120.492
201.957 120.435
201.980 120.781
202.036 120.604
203.894 120.560
204.280 120.613
205.734 120.941
205.777 120.753
206.363 120.582
206.640 120.522
207.568 120.558
207.808 120.706
208.070 120.516
208.197 120.665
208.218 120.587
208.234 120.478
208.449 120.656
208.625 120.544
208.723 120.820
209.043 120.546
210.178 120.743
211.239 120.643
211.512 120.458
212.199 120.576
212.695 120.546
213.494 120.651
213.506 120.692
214.000 120.751
214.341 120.450
214.836 120.541
215.300 120.429
215.319 120.568
215.518 120.531
216.032 120.591
216.219 120.429
216.273 120.678
216.426 120.438
216.990 120.594
217.351 120.451
217.649 120.727
218.779 120.524
219.020 120.751
220.356 120.512
220.425 120.779
221.290 120.625
221.388 120.429
221.600 120.706
221.620 120.981
221.693 120.550
221.988 120.679
222.612 120.632
225.150 120.537
225.309 120.738
225.322 120.606
226.495 120.638
227.943 120.564
228.208 120.847
228.635 121.012
228.728 120.936
229.083 120.618
229.268 120.645
229.388 120.605
229.409 120.576
230.773 120.524
232.448 120.875
232.938 120.694
233.467 120.516
234.274 120.716
234.670 120.538
234.764 120.940
236.116 120.658
237.071 120.679
237.739 120.647
238.395 120.595
238.853 120.637
238.932 120.849
239.042 120.729
239.511 120.559
240.064 120.829
240.629 120.587
240.994 120.569
241.216 120.686
241.449 120.652
241.572 120.527
241.576 120.986
242.390 120.578
242.522 120.556
242.694 120.887
242.934 120.660
243.860 120.661
244.033 120.663
244.127 120.773
244.827 120.533
245.134 120.660
245.473 120.596
246.196 120.982
246.466 120.761
246.913 120.744
249.283 120.771
249.518 120.589
249.956 120.648
250.220 120.617
250.315 120.824
250.413 120.623
250.610 120.848
251.150 120.636
252.276 120.490
252.644 120.681
252.723 120.622
252.744 120.581
252.837 120.607
252.981 120.518
253.279 120.632
253.339 120.624
253.350 120.809
253.356 120.670
253.736 120.656
253.933 120.554
254.993 120.603
255.457 120.656
255.545 120.650
255.696 120.639
255.818 120.665
256.329 120.698
256.429 120.765
256.743 120.805
256.783 120.735
256.849 120.789
258.154 120.704
258.222 120.613
259.416 120.666
259.459 120.517
259.513 120.630
260.016 120.662
260.037 120.622
260.743 120.660
260.994 120.804
261.036 120.600
261.155 120.594
261.714 120.706
262.244 120.599
262.419 120.746
262.611 120.658
262.940 120.950
263.631 120.682
264.409 120.619
264.587 120.901
264.755 120.757
265.114 120.722
265.490 120.843
266.021 120.688
267.024 120.641
267.634 120.724
267.840 120.594
268.215 120.985
268.270 120.794
269.108 120.612
269.193 120.666
269.878 120.790
270.247 120.809
270.963 120.610
271.974 120.680
272.609 120.816
273.028 120.651
273.725 120.712
273.725 120.637
273.801 120.733
273.925 120.617
274.817 120.592
274.909 120.665
277.670 120.656
277.698 120.945
277.882 120.791
278.867 120.672
279.940 120.901
280.027 120.644
280.203 120.831
280.380 121.000
280.449 120.661
281.117 120.652
281.500 120.871
281.975 120.549
282.111 120.670
282.278 120.738
282.428 120.711
282.483 120.839
282.520 120.897
282.584 120.729
282.799 120.722
283.038 120.894
284.631 120.744
285.033 120.887
285.115 120.719
286.525 120.846
286.655 120.750
287.019 120.710
287.457 120.683
287.674 120.623
290.087 120.752
290.191 120.671
290.350 120.801
291.294 120.792
291.617 120.612
292.741 120.733
293.972 120.998
294.035 120.742
294.555 120.703
295.615 120.643
296.357 120.704
296.631 120.690
297.379 120.900
297.934 120.767
298.198 120.870
298.319 120.743
298.632 120.811
299.940 120.784
300.124 120.797
300.482 120.799
300.879 120.787
301.016 120.960
301.292 120.902
301.729 120.911
302.659 120.798
302.805 120.858
302.891 120.674
302.925 120.846
302.929 120.818
303.102 120.678
303.166 120.723
303.932 120.662
304.417 120.779
304.567 120.929
305.482 120.881
306.836 120.903
306.972 120.716
307.254 120.714
307.710 120.952
308.113 120.822
308.190 120.735
309.790 120.995
310.232 120.783
311.156 120.811
311.232 120.740
311.345 121.006
311.386 120.797
311.454 120.726
311.564 121.011
311.913 120.730
312.802 120.971
312.900 120.835
312.973 120.730
313.131 120.817
313.995 120.755
314.268 120.700
316.174 120.782
316.694 120.821
317.319 120.768
317.615 120.743
318.013 120.776
318.866 120.878
319.223 120.815
319.593 120.893
321.333 120.726
322.920 120.852
323.480 120.796
326.208 120.771
326.765 120.784
327.088 120.893
327.679 120.759
327.981 120.824
328.378 120.757
329.046 120.730
329.742 120.736
329.970 120.747
330.770 120.862
331.244 120.939
331.564 121.083
331.679 120.900
331.797 120.935
332.318 120.790
333.023 120.927
333.026 120.745
333.450 120.684
333.512 120.734
334.074 121.179
334.654 120.940
335.528 121.009
338.390 120.776
338.709 120.733
340.075 120.829
340.249 120.872
340.534 120.804
340.901 120.865
343.085 120.723
343.204 120.762
343.629 120.737
344.023 120.957
344.065 120.975
346.446 120.808
346.499 120.692
346.800 120.736
348.058 120.909
348.064 120.990
348.753 120.739
349.769 121.050
350.333 120.895
351.124 120.796
351.965 120.894
352.626 120.906
352.989 120.813
354.887 120.945
355.068 120.767
355.760 120.856
356.025 120.848
356.039 121.119
357.058 120.934
358.125 120.777
358.359 120.790
359.685 120.819
359.738 121.001
361.046 120.783
361.859 120.806
362.336 120.808
362.742 120.848
364.686 120.933
365.003 120.946
365.089 120.931
366.405 120.731
366.968 120.937
367.507 120.810
368.188 121.025
368.466 120.768
369.303 120.772
369.386 120.882
370.932 120.739
371.017 120.917
371.237 120.852
371.777 120.975
372.298 120.904
372.982 120.808
373.191 121.048
373.279 120.836
373.589 120.866
374.132 120.983
374.217 120.943
377.432 121.225
377.440 121.021
377.483 120.894
377.525 120.724
377.726 120.874
378.004 121.006
378.497 120.826
378.784 120.967
378.799 121.103
378.856 120.905
378.983 120.879
379.829 121.098
381.904 121.082
382.917 120.923
383.673 120.805
383.722 120.936
384.325 121.106
386.729 120.898
386.995 120.751
387.053 120.956
387.138 120.787
388.124 120.890
388.187 121.018
389.139 120.903
390.671 121.009
390.718 120.808
390.844 120.874
391.129 120.945
392.253 121.005
393.793 121.025
393.838 120.889
394.391 120.882
396.303 120.962
396.366 120.853
396.579 121.042
396.669 120.889
397.097 120.995
397.117 120.819
397.121 121.037
398.502 120.886
398.813 120.924
399.865 120.970
399.905 120.764
400.131 121.028
400.419 120.899
401.179 120.868
401.611 121.067
402.668 120.923
403.538 121.030
404.748 120.966
407.577 121.064
409.470 121.036
409.535 120.940
409.801 120.958
409.820 120.970
410.490 120.877
410.761 120.849
410.903 120.869
411.102 120.867
412.329 121.045
412.875 121.003
413.157 120.909
413.849 120.950
414.881 120.998
416.248 120.988
416.693 120.820
417.395 120.976
419.099 120.812
419.670 121.156
419.842 121.052
420.129 120.991
421.858 120.855
421.929 120.892
423.508 121.052
424.768 120.712
426.766 121.129
426.915 120.922
429.598 120.821
432.156 120.919
432.335 121.116
432.859 120.951
433.532 120.897
433.813 120.868
434.009 121.025
439.677 120.963
440.712 120.925
440.754 121.066
441.244 120.846
441.325 120.807
442.700 120.817
445.286 120.910
445.895 121.008
447.189 121.146
447.260 121.019
448.743 120.903
448.760 120.964
449.321 120.967
449.532 121.181
450.907 120.925
451.515 120.974
452.114 121.010
452.117 120.964
453.389 120.962
453.969 120.990
454.518 120.912
454.899 121.048
455.510 121.106
456.352 120.985
457.110 121.013
458.926 120.937
459.387 121.233
459.473 121.124
459.894 120.920
462.003 120.973
462.674 120.921
464.434 121.014
465.380 121.114
465.624 121.049
465.766 121.074
468.103 121.124
468.741 120.946
469.166 121.055
469.181 121.133
470.618 121.041
473.099 121.122
475.557 120.873
476.022 120.957
476.092 120.924
477.917 120.916
477.936 120.902
480.080 120.853
481.883 121.063
482.006 120.991
482.089 121.155
482.190 120.905
483.426 121.012
483.575 120.873
485.524 121.059
485.579 120.830
486.456 121.045
489.044 121.066
489.992 121.063
491.799 120.980
493.646 121.007
493.941 120.952
494.077 120.984
495.269 120.865
495.331 120.961
495.360 121.208
495.676 121.181
496.690 121.146
497.346 121.134
500.298 121.071
500.666 121.208
501.635 121.042
505.791 121.114
506.134 121.104
506.843 121.057
507.368 120.966
509.496 121.187
511.952 121.071
512.460 121.011
512.716 121.021
513.260 121.011
514.711 120.996
517.140 121.084
517.908 121.077
518.807 121.082
520.442 121.024
520.754 121.182
520.828 121.247
521.837 121.042
522.329 121.013
525.304 121.049
528.439 121.071
532.900 121.146
533.918 121.206
537.424 121.122
541.413 121.051
541.789 121.107
542.061 121.073
543.054 121.060
544.150 121.127
545.866 121.224
546.225 121.200
546.344 121.077
546.540 121.194
547.113 121.231
547.195 121.135
549.816 120.927
551.605 121.211
552.383 121.088
554.945 121.077
555.117 121.134
556.300 121.140
557.683 121.171
558.081 121.113
558.413 121.175
558.425 121.092
565.818 121.138
566.631 121.064
568.170 121.139
568.898 121.238
569.806 121.014
583.793 121.152
586.142 120.983
586.679 121.013
590.754 120.963
590.915 121.259
591.813 121.094
592.439 121.088
600.096 121.087
603.165 121.106
606.171 121.030
607.595 121.174
607.658 121.296
609.730 121.295
612.488 121.175
619.108 121.107
620.084 121.311
622.019 121.324
623.374 121.090
625.003 121.109
626.419 121.206
631.706 121.246
634.247 121.244
634.597 121.173
638.016 121.014
639.174 121.296
640.432 121.132
642.700 121.117
650.101 121.064
654.025 121.066
655.577 121.176
663.922 121.258
665.660 121.155
671.672 121.092
678.233 121.183
680.643 121.228
684.295 121.258
687.716 121.086
695.065 121.146
695.816 121.285
696.226 121.080
696.279 121.230
701.713 121.114
705.699 121.256
707.199 121.197
713.312 121.195
716.830 121.217
721.090 121.104
723.260 121.301
728.323 121.111
731.052 121.153
733.774 121.274
734.205 121.234
734.895 121.307
734.946 121.205
736.681 121.187
738.083 121.123
755.346 121.187
761.491 121.226
766.268 121.200
766.477 121.267
766.636 121.172
768.393 121.188
776.401 121.347
777.459 121.387
782.435 121.145
783.390 121.187
795.422 121.061
798.589 121.384
808.034 121.155
809.259 121.185
828.449 121.568
830.689 121.107
832.383 121.422
832.889 121.123
833.812 121.511
840.402 121.450
846.246 121.165
847.239 121.199
850.989 121.228
851.955 121.409
852.027 121.274
853.660 121.295
859.146 121.101
876.576 121.247
877.557 121.412
882.372 121.494
897.920 121.302
902.725 121.272
904.623 121.249
908.924 121.445
917.076 121.411
919.785 121.365
939.098 121.282
948.694 121.389
955.121 121.249
959.828 121.448
964.980 121.646
977.766 121.203
996.509 121.378
1002.119 121.177
1003.736 121.200
1006.115 121.495
1007.425 121.290
1018.608 121.383
1020.015 121.331
1021.775 121.337
1036.854 121.427
1049.771 121.466
1067.843 121.511
1074.154 121.386
1125.096 121.478
1151.422 121.521
1151.500 121.297
1180.519 121.854
1183.685 121.613
1260.978 121.512
1275.441 121.411
1326.713 121.428
1347.441 121.556
1358.664 121.748
1364.017 121.499
1370.787 121.607
1402.296 121.546
1412.721 121.516
1522.911 121.620
1524.384 121.279
1537.967 121.453
1553.350 121.693
1583.278 121.518
1585.710 121.684
1846.172 121.953
1997.122 121.882
2063.857 121.421
2871.811 121.684
3450.029 121.493
