# Ep lEiso
77.010 122.082
79.158 122.037
85.714 122.271
88.146 122.259
88.839 122.195
90.418 122.135
91.400 122.362
92.266 122.423
93.345 122.173
93.378 122.176
93.963 122.263
94.978 122.225
95.353 122.340
96.126 122.285
96.878 122.334
97.189 122.362
98.251 122.275
98.407 122.336
98.784 122.361
98.884 122.231
99.153 122.297
99.199 122.270
99.373 122.417
99.659 122.330
99.900 122.305
100.261 122.242
100.275 122.260
100.504 122.290
100.696 122.309
100.840 122.268
102.078 122.162
102.130 122.357
102.216 122.262
102.547 122.460
102.946 122.234
102.987 122.143
103.474 122.458
103.725 122.394
103.753 122.197
104.143 122.431
104.316 122.269
104.455 122.296
104.704 122.198
104.750 122.187
104.817 122.286
104.987 122.242
105.389 122.246
105.932 122.414
105.975 122.349
106.007 122.230
106.055 122.341
106.145 122.388
106.369 122.279
106.460 122.276
106.731 122.379
106.769 122.266
106.888 122.250
107.648 122.430
107.810 122.275
108.338 122.309
108.339 122.318
108.625 122.226
108.846 122.238
109.181 122.290
109.201 122.379
109.449 122.264
109.599 122.374
110.082 122.524
110.130 122.417
110.300 122.369
110.551 122.248
110.554 122.246
110.615 122.370
110.725 122.291
110.920 122.212
111.049 122.320
111.127 122.447
111.462 122.380
111.707 122.342
111.718 122.353
111.875 122.281
111.927 122.320
111.992 122.416
112.138 122.344
112.312 122.333
112.388 122.323
112.458 122.304
112.837 122.375
112.884 122.315
112.953 122.318
113.022 122.332
113.189 122.422
113.202 122.397
113.222 122.448
113.480 122.448
113.545 122.364
113.726 122.432
114.126 122.457
114.262 122.325
114.268 122.361
114.401 122.291
114.415 122.273
114.430 122.234
114.451 122.337
114.502 122.418
114.576 122.437
114.595 122.345
114.762 122.392
114.933 122.378
114.988 122.246
115.076 122.287
115.085 122.246
115.183 122.353
115.307 122.326
115.321 122.364
115.403 122.379
115.497 122.450
116.332 122.300
116.345 122.480
116.452 122.390
116.589 122.306
116.625 122.378
116.654 122.370
116.783 122.222
116.852 122.406
116.892 122.416
117.251 122.236
117.288 122.311
117.385 122.421
117.534 122.332
117.606 122.333
117.791 122.289
117.868 122.351
118.010 122.203
118.030 122.419
118.329 122.343
118.368 122.491
118.656 122.364
118.673 122.310
118.845 122.476
118.965 122.427
118.996 122.478
119.024 122.409
119.303 122.411
119.338 122.436
119.379 122.329
119.700 122.280
119.738 122.374
120.205 122.358
120.227 122.404
120.229 122.525
120.680 122.386
120.771 122.378
120.922 122.326
121.091 122.296
121.352 122.368
121.439 122.372
121.459 122.475
121.742 122.365
121.823 122.428
121.876 122.383
122.009 122.391
122.019 122.461
122.128 122.256
122.186 122.406
122.439 122.390
122.623 122.423
123.161 122.429
123.214 122.452
123.320 122.447
123.385 122.416
123.521 122.386
123.530 122.362
123.845 122.322
123.929 122.546
123.968 122.373
124.076 122.482
124.089 122.573
124.191 122.451
124.240 122.507
124.352 122.420
124.571 122.524
124.612 122.460
124.675 122.377
124.685 122.439
125.017 122.383
125.261 122.448
125.361 122.425
125.392 122.520
125.578 122.374
125.652 122.429
125.730 122.464
125.732 122.401
125.828 122.411
126.125 122.346
126.293 122.558
126.455 122.465
126.544 122.374
126.603 122.444
126.647 122.364
126.683 122.465
126.740 122.495
127.050 122.445
127.139 122.489
127.320 122.539
127.364 122.427
127.381 122.466
127.477 122.423
127.586 122.388
127.660 122.466
127.783 122.507
127.826 122.596
127.898 122.452
128.237 122.411
128.460 122.330
128.512 122.387
128.522 122.456
128.581 122.571
128.695 122.558
128.741 122.468
129.004 122.491
129.851 122.376
129.878 122.480
129.923 122.385
129.931 122.442
130.190 122.460
130.298 122.585
130.369 122.424
130.371 122.387
130.440 122.468
130.838 122.434
130.858 122.367
130.924 122.484
131.443 122.514
131.677 122.426
131.845 122.500
132.309 122.466
132.622 122.527
132.657 122.462
132.942 122.444
132.982 122.427
133.206 122.439
133.233 122.508
133.359 122.413
133.402 122.371
133.406 122.501
133.635 122.456
133.803 122.459
134.289 122.383
134.296 122.314
134.511 122.528
134.671 122.430
134.685 122.357
135.062 122.565
135.064 122.468
135.067 122.496
135.137 122.393
135.167 122.516
135.299 122.431
135.406 122.474
135.446 122.451
135.454 122.425
135.545 122.457
135.975 122.402
136.554 122.542
136.560 122.503
136.658 122.419
136.992 122.447
137.060 122.563
137.102 122.579
137.141 122.467
137.283 122.412
137.428 122.449
137.443 122.432
137.467 122.555
137.504 122.599
137.749 122.446
137.866 122.552
138.021 122.395
138.058 122.426
138.067 122.571
138.104 122.426
138.170 122.371
138.283 122.460
138.416 122.457
138.485 122.543
138.607 122.526
138.647 122.502
139.001 122.413
139.009 122.472
139.166 122.443
139.169 122.390
139.531 122.544
139.955 122.527
140.078 122.631
140.294 122.367
140.642 122.449
140.762 122.613
141.313 122.424
141.545 122.458
141.594 122.466
141.611 122.537
141.763 122.506
141.919 122.599
141.955 122.392
142.113 122.559
142.170 122.432
142.451 122.533
142.464 122.447
142.476 122.390
142.671 122.463
142.782 122.602
142.832 122.579
142.927 122.465
143.053 122.439
143.192 122.520
143.292 122.392
143.478 122.531
143.486 122.575
143.508 122.513
144.205 122.501
144.349 122.521
144.884 122.640
144.900 122.427
145.117 122.410
145.220 122.492
145.565 122.504
145.654 122.556
145.751 122.490
145.798 122.397
145.806 122.543
145.812 122.476
145.892 122.538
145.957 122.499
145.994 122.424
146.112 122.592
146.531 122.570
146.924 122.539
147.025 122.474
147.279 122.518
147.463 122.509
147.759 122.550
147.763 122.565
147.945 122.589
148.068 122.480
148.251 122.514
148.423 122.413
148.430 122.524
148.504 122.466
148.695 122.549
148.764 122.474
148.784 122.564
148.841 122.477
149.051 122.447
149.184 122.455
149.295 122.582
149.708 122.508
149.796 122.590
150.284 122.463
150.310 122.599
150.634 122.548
150.670 122.478
150.748 122.578
150.756 122.676
150.783 122.472
150.892 122.568
151.123 122.473
152.058 122.488
152.116 122.445
152.121 122.490
152.548 122.502
153.083 122.468
153.181 122.645
153.340 122.707
153.375 122.678
153.507 122.505
153.575 122.665
153.620 122.476
153.628 122.543
154.131 122.519
154.744 122.643
154.923 122.577
155.116 122.436
155.408 122.586
155.551 122.523
155.585 122.667
156.088 122.651
156.444 122.573
156.692 122.563
156.934 122.546
157.103 122.458
157.132 122.640
157.173 122.452
157.345 122.536
157.548 122.637
157.755 122.549
157.889 122.544
157.970 122.587
158.055 122.576
158.100 122.529
158.101 122.700
158.397 122.551
158.445 122.543
158.507 122.666
158.594 122.580
158.929 122.585
158.991 122.519
159.025 122.437
159.289 122.538
159.405 122.620
159.532 122.554
159.816 122.695
159.931 122.614
160.122 122.474
161.127 122.616
161.226 122.642
161.411 122.572
161.522 122.560
161.562 122.634
161.603 122.563
161.685 122.642
161.911 122.567
162.381 122.516
162.535 122.495
162.568 122.609
162.576 122.479
162.615 122.483
162.674 122.526
162.798 122.610
162.823 122.563
162.827 122.627
162.830 122.516
162.989 122.574
163.076 122.498
163.539 122.625
163.741 122.674
163.779 122.576
163.845 122.572
163.897 122.482
164.118 122.522
164.162 122.614
164.298 122.627
164.315 122.682
164.344 122.499
164.904 122.492
164.934 122.542
165.445 122.582
165.463 122.531
165.486 122.720
165.700 122.583
165.709 122.492
166.009 122.647
166.116 122.634
166.134 122.490
166.184 122.546
166.420 122.509
166.644 122.521
166.718 122.618
166.799 122.555
166.937 122.691
167.229 122.598
167.553 122.575
167.630 122.674
167.705 122.623
167.865 122.611
168.033 122.653
168.270 122.657
168.714 122.545
168.982 122.545
169.073 122.476
169.238 122.706
169.262 122.639
169.631 122.575
169.668 122.695
169.969 122.641
170.129 122.648
170.439 122.537
170.877 122.605
171.152 122.655
171.333 122.597
171.634 122.620
171.634 122.593
171.666 122.628
171.719 122.586
172.099 122.499
172.137 122.565
173.335 122.569
173.348 122.703
173.433 122.647
173.880 122.735
174.365 122.531
174.404 122.594
174.484 122.794
174.564 122.720
174.595 122.675
174.897 122.596
175.070 122.532
175.284 122.560
175.346 122.603
175.422 122.554
175.489 122.561
175.514 122.662
175.531 122.682
175.560 122.623
175.657 122.621
175.765 122.681
176.471 122.554
176.648 122.677
176.685 122.620
177.307 122.663
177.364 122.682
177.524 122.637
177.718 122.608
177.813 122.588
178.870 122.629
178.915 122.602
178.983 122.645
179.388 122.639
179.529 122.730
180.061 122.583
180.643 122.704
180.673 122.575
180.919 122.751
181.420 122.708
181.771 122.606
181.899 122.602
182.241 122.671
182.496 122.629
182.616 122.553
182.672 122.622
182.815 122.677
183.414 122.637
183.499 122.642
183.663 122.643
183.844 122.752
183.907 122.560
184.033 122.678
184.234 122.681
184.659 122.646
184.726 122.666
184.766 122.606
184.781 122.662
184.783 122.653
184.862 122.760
184.892 122.571
185.242 122.604
185.464 122.642
185.533 122.691
185.941 122.730
186.538 122.686
186.598 122.626
186.722 122.626
186.923 122.744
187.101 122.661
187.135 122.633
187.918 122.722
188.136 122.654
188.593 122.666
188.631 122.677
188.687 122.730
188.707 122.662
188.740 122.639
188.795 122.732
188.967 122.642
189.407 122.723
189.455 122.598
189.491 122.644
189.569 122.621
189.996 122.603
190.131 122.638
191.039 122.669
191.284 122.748
191.579 122.582
191.719 122.659
191.906 122.670
192.309 122.706
192.477 122.598
192.651 122.713
193.473 122.660
194.221 122.714
194.485 122.687
195.771 122.631
196.022 122.689
196.166 122.728
196.432 122.682
196.586 122.705
196.789 122.682
197.129 122.673
197.483 122.675
197.600 122.679
198.007 122.719
198.249 122.746
198.412 122.796
198.471 122.771
198.531 122.601
198.796 122.620
199.156 122.743
199.157 122.802
199.373 122.659
199.405 122.677
199.691 122.830
199.986 122.675
200.432 122.772
201.890 122.694
202.053 122.808
202.749 122.823
202.833 122.660
202.969 122.704
203.144 122.725
204.184 122.678
204.241 122.692
204.443 122.684
204.631 122.615
204.651 122.667
205.785 122.709
205.810 122.670
205.954 122.824
206.553 122.744
206.556 122.813
206.884 122.687
207.368 122.792
207.657 122.740
208.096 122.708
208.562 122.742
208.929 122.667
209.130 122.716
210.183 122.762
210.283 122.703
210.667 122.733
210.814 122.731
210.822 122.821
211.369 122.760
211.915 122.709
212.035 122.714
212.713 122.668
212.740 122.786
213.409 122.714
213.824 122.723
214.068 122.724
214.276 122.738
215.270 122.768
215.432 122.773
215.476 122.768
216.149 122.702
216.437 122.771
216.712 122.730
217.061 122.802
217.203 122.699
217.631 122.719
217.673 122.756
218.464 122.710
218.507 122.716
218.620 122.748
218.896 122.681
219.162 122.711
219.512 122.734
219.619 122.815
219.664 122.744
219.823 122.754
220.100 122.794
220.144 122.664
221.892 122.877
221.896 122.843
221.920 122.766
221.943 122.709
222.054 122.653
222.207 122.698
222.479 122.742
222.637 122.790
222.646 122.836
222.677 122.769
222.747 122.760
223.214 122.834
224.359 122.830
224.917 122.801
225.334 122.731
225.361 122.777
225.694 122.625
227.020 122.762
227.166 122.708
227.199 122.783
227.245 122.721
227.789 122.706
227.824 122.627
228.349 122.762
229.195 122.801
229.220 122.725
229.290 122.750
229.447 122.777
230.067 122.799
230.917 122.806
230.941 122.753
231.246 122.750
232.301 122.780
232.336 122.736
232.453 122.812
232.503 122.750
232.739 122.793
232.750 122.822
232.752 122.809
233.514 122.747
233.686 122.785
234.266 122.798
234.288 122.695
234.413 122.804
234.571 122.774
234.960 122.737
235.172 122.822
235.689 122.762
236.114 122.808
236.706 122.783
238.223 122.830
239.349 122.823
239.388 122.780
239.546 122.789
239.558 122.794
239.957 122.754
240.117 122.742
240.202 122.751
240.321 122.923
241.050 122.835
241.375 122.817
241.543 122.885
241.954 122.871
242.569 122.820
243.382 122.818
243.646 122.885
244.064 122.815
245.078 122.739
245.418 122.909
245.520 122.858
245.691 122.829
246.719 122.765
246.762 122.784
247.700 122.869
248.450 122.697
249.639 122.919
249.728 122.810
251.324 122.761
252.687 122.817
252.779 122.925
253.048 122.835
253.394 122.806
253.538 122.790
253.639 122.726
256.550 122.847
257.081 122.827
257.103 122.905
257.355 122.783
257.397 122.761
258.162 122.768
259.813 122.817
260.202 122.871
261.027 122.946
261.073 122.876
262.020 122.811
262.030 122.844
262.389 122.845
262.523 122.963
263.401 122.821
263.789 122.848
264.171 122.867
264.174 122.842
264.985 122.840
265.356 122.855
265.706 122.812
265.949 122.885
266.339 122.917
266.877 122.850
267.361 122.865
268.520 122.822
268.815 122.982
268.869 122.923
269.138 122.812
270.484 122.840
270.912 122.811
272.036 122.860
272.640 122.913
272.796 122.877
272.886 122.891
274.225 122.916
274.565 122.820
274.792 122.878
274.800 122.920
275.566 122.870
276.889 122.911
278.199 122.778
278.447 122.908
278.485 122.805
279.457 122.862
279.468 122.908
280.611 122.831
281.572 122.916
281.638 122.884
281.682 122.922
281.736 122.898
282.395 122.847
282.474 122.868
283.561 122.871
283.598 122.751
284.193 122.865
285.947 122.880
286.590 122.880
287.815 122.840
289.067 122.857
289.267 122.828
289.359 122.845
290.168 122.783
290.209 122.835
290.229 122.966
290.444 122.953
291.131 122.936
291.576 122.931
293.577 122.902
293.826 122.976
294.483 122.888
297.301 122.934
297.534 122.929
298.014 122.944
298.370 122.899
299.813 122.980
301.478 122.920
301.778 122.888
301.917 122.894
302.212 122.889
303.001 122.882
304.321 122.933
304.738 122.930
305.227 122.935
306.115 122.904
306.285 122.992
306.325 123.029
306.874 122.915
307.141 122.900
308.757 122.923
310.461 122.940
312.886 122.987
313.439 123.023
315.344 122.979
318.131 122.942
318.402 122.975
318.597 122.955
319.312 122.949
320.101 122.988
321.336 123.046
321.595 123.032
321.681 122.961
321.822 123.029
322.234 123.009
322.293 122.996
324.180 122.876
325.468 123.044
326.028 122.973
327.873 122.969
327.997 123.003
328.848 123.007
329.844 123.026
330.130 122.993
330.369 123.029
330.378 122.981
335.700 123.014
336.286 122.970
337.394 123.017
337.918 122.954
338.538 122.942
346.202 123.034
347.489 122.932
347.784 122.950
350.016 122.922
350.105 123.103
350.597 123.003
350.940 123.000
355.136 123.003
356.817 123.016
359.018 122.971
360.104 123.060
360.153 122.978
361.735 123.135
363.841 123.063
368.896 123.025
369.641 123.149
371.119 123.157
372.154 123.017
373.398 123.029
374.478 123.088
378.515 122.969
380.456 123.114
380.723 123.072
383.334 122.979
384.219 123.148
385.179 123.051
386.910 123.043
391.078 123.011
393.216 123.012
394.061 123.051
398.606 123.127
399.553 123.065
402.828 123.027
406.401 123.081
407.714 123.150
409.703 123.126
411.736 123.022
417.684 123.060
418.292 123.144
418.625 123.019
418.667 123.110
423.066 123.041
426.292 123.127
427.507 123.092
432.455 123.091
435.303 123.105
438.751 123.036
440.507 123.158
444.606 123.041
446.815 123.067
449.018 123.142
449.367 123.117
449.925 123.162
449.967 123.099
451.371 123.088
452.506 123.186
462.050 123.088
465.316 123.112
467.855 123.097
467.966 123.136
468.051 123.080
468.985 123.090
473.241 123.181
473.803 123.204
476.448 123.066
476.955 123.090
483.357 123.213
486.070 123.201
494.161 123.079
495.210 123.147
511.650 123.310
513.568 123.064
515.020 123.233
515.453 123.073
516.244 123.281
521.889 123.250
526.895 123.102
527.746 123.120
530.959 123.137
531.786 123.232
531.848 123.161
533.246 123.173
537.946 123.251
549.540 123.156
550.037 123.241
552.475 123.285
560.349 123.191
562.782 123.177
563.744 123.166
565.922 123.266
570.050 123.251
571.422 123.229
581.203 123.192
589.670 123.251
595.507 123.184
599.782 123.202
604.461 123.392
616.074 123.172
633.097 123.273
638.191 123.169
639.660 123.182
641.821 123.340
643.011 123.232
653.167 123.287
654.445 123.259
656.044 123.264
669.739 123.321
677.307 123.239
685.789 123.371
688.751 123.302
712.661 123.209
731.872 123.383
731.947 123.257
760.015 123.571
763.076 123.350
837.834 123.381
851.823 123.325
876.579 123.331
885.295 123.400
890.014 123.506
892.264 123.368
895.111 123.427
908.360 123.391
912.743 123.374
1023.738 123.455
1025.274 123.265
1039.445 123.366
1055.493 123.503
1086.717 123.411
1089.254 123.366
1219.144 123.662
1393.143 123.606
1470.068 123.695
2170.598 123.554
2358.219 123.439
