# Ep lEiso
95.404 -10.635
98.270 -10.677
109.161 -10.399
112.104 -10.411
113.667 -10.483
117.226 -10.435
119.137 -10.334
120.136 -10.280
121.669 -10.470
121.730 -10.501
122.811 -10.411
124.688 -10.432
125.381 -10.308
126.811 -10.350
128.200 -10.391
128.775 -10.245
130.956 -10.334
131.223 -10.265
131.870 -10.239
132.040 -10.385
132.502 -10.311
132.580 -10.342
132.878 -10.178
133.369 -10.276
133.782 -10.305
134.401 -10.375
134.426 -10.355
134.818 -10.323
135.147 -10.302
135.394 -10.347
137.692 -10.461
137.800 -10.250
137.982 -10.352
138.682 -10.135
139.523 -10.245
139.611 -10.478
140.637 -10.131
141.169 -10.198
141.228 -10.415
141.888 -10.155
142.180 -10.333
142.414 -10.303
142.835 -10.411
142.912 -10.423
143.025 -10.312
143.312 -10.360
143.989 -10.354
145.044 -10.161
145.128 -10.235
145.191 -10.369
145.285 -10.244
145.462 -10.190
145.899 -10.313
146.077 -10.315
146.609 -10.196
146.682 -10.325
146.915 -10.343
148.403 -10.132
148.721 -10.310
149.753 -10.268
149.755 -10.257
150.316 -10.363
150.749 -10.348
151.476 -10.287
151.520 -10.183
152.001 -10.380
152.286 -10.189
153.210 -10.015
153.300 -10.139
153.626 -10.194
154.107 -10.334
154.111 -10.336
154.228 -10.193
154.439 -10.284
154.810 -10.376
155.058 -10.250
155.206 -10.104
155.846 -10.182
156.315 -10.225
156.336 -10.213
156.636 -10.295
156.736 -10.250
156.868 -10.139
157.162 -10.223
157.512 -10.236
157.667 -10.246
157.807 -10.268
158.573 -10.187
158.667 -10.256
158.806 -10.252
158.946 -10.236
159.283 -10.134
159.309 -10.162
159.349 -10.104
159.868 -10.104
160.001 -10.200
160.366 -10.122
161.172 -10.096
161.431 -10.245
161.442 -10.204
161.693 -10.283
161.719 -10.304
161.747 -10.348
161.786 -10.232
161.881 -10.141
162.021 -10.121
162.056 -10.223
162.379 -10.171
162.716 -10.186
162.823 -10.333
162.998 -10.287
163.016 -10.333
163.208 -10.213
163.454 -10.243
163.480 -10.199
163.642 -10.182
163.827 -10.101
165.474 -10.267
165.498 -10.059
165.710 -10.162
165.981 -10.259
166.050 -10.175
166.108 -10.184
166.362 -10.357
166.498 -10.140
166.578 -10.129
167.291 -10.339
167.367 -10.171
167.563 -10.123
167.865 -10.229
168.012 -10.191
168.387 -10.280
168.543 -10.209
168.832 -10.380
168.873 -10.132
169.479 -10.135
169.558 -10.053
170.142 -10.200
170.176 -10.261
170.513 -10.073
170.749 -10.129
170.808 -10.071
170.864 -10.149
171.411 -10.148
171.481 -10.120
171.561 -10.240
172.203 -10.149
172.281 -10.184
173.215 -10.197
173.258 -10.143
173.262 -10.004
174.166 -10.159
174.347 -10.166
174.649 -10.227
174.988 -10.091
175.511 -10.173
175.688 -10.169
175.729 -10.045
176.301 -10.179
176.467 -10.104
176.573 -10.158
176.842 -10.148
176.863 -10.066
177.084 -10.306
177.202 -10.132
177.715 -10.152
178.089 -10.115
179.169 -10.108
179.277 -10.081
179.490 -10.084
179.622 -10.119
179.897 -10.152
179.915 -10.181
180.551 -10.224
180.720 -9.957
180.799 -10.162
181.016 -10.030
181.042 -9.921
181.248 -10.066
181.347 -9.997
181.573 -10.100
182.014 -9.970
182.098 -10.047
182.225 -10.149
182.245 -10.073
182.918 -10.138
183.414 -10.052
183.616 -10.080
183.679 -9.959
184.056 -10.141
184.207 -10.070
184.365 -10.024
184.370 -10.105
184.563 -10.091
185.167 -10.174
185.506 -9.900
185.835 -10.020
186.015 -10.138
186.136 -10.135
186.224 -10.151
186.297 -10.022
186.414 -9.983
187.043 -10.050
187.223 -9.993
187.591 -9.928
187.680 -10.072
187.716 -10.167
187.911 -10.076
188.133 -10.120
188.283 -10.019
188.534 -9.964
188.621 -9.848
188.768 -10.034
189.458 -10.087
189.912 -10.193
190.018 -10.119
190.037 -10.187
190.158 -9.882
190.389 -9.901
190.484 -10.017
191.017 -9.991
192.741 -10.135
192.796 -10.000
192.889 -10.122
192.905 -10.049
193.435 -10.024
193.656 -9.858
193.803 -10.068
193.806 -10.117
193.948 -10.010
194.758 -10.051
194.799 -10.140
194.934 -9.984
195.989 -10.128
196.465 -10.066
196.809 -9.973
197.756 -10.014
198.394 -9.930
198.464 -10.016
199.047 -10.038
199.130 -10.060
199.590 -10.041
199.646 -9.948
199.903 -10.076
199.992 -10.132
199.999 -10.031
200.470 -10.014
200.814 -10.012
201.807 -10.121
201.821 -10.212
202.259 -9.928
202.587 -10.057
202.615 -10.153
203.407 -9.876
203.412 -10.003
203.418 -9.966
203.582 -10.101
203.653 -9.937
203.960 -10.050
204.208 -9.990
204.301 -10.020
204.321 -10.056
204.534 -10.012
205.548 -10.088
206.910 -9.898
206.923 -9.952
207.151 -10.070
207.934 -10.041
208.094 -9.892
208.191 -9.871
208.283 -10.016
208.616 -10.086
208.953 -10.039
208.987 -10.062
209.043 -9.902
209.129 -9.846
209.705 -9.964
209.979 -9.905
210.345 -10.110
210.433 -10.069
210.454 -9.881
210.541 -10.070
210.698 -9.951
210.964 -10.025
211.276 -10.029
211.437 -9.916
211.725 -9.938
211.818 -9.970
212.648 -10.091
212.666 -10.015
213.035 -10.056
213.042 -10.124
213.890 -9.934
214.889 -9.940
215.180 -9.799
215.690 -10.143
216.502 -10.023
216.781 -9.793
218.072 -10.044
218.618 -10.053
218.734 -10.048
218.776 -9.873
219.134 -9.916
219.502 -9.773
219.586 -10.084
219.958 -10.014
220.094 -10.021
220.749 -10.066
220.779 -9.995
220.806 -10.082
221.262 -9.967
221.524 -9.749
221.643 -9.785
221.866 -9.963
222.165 -10.004
222.492 -9.983
222.729 -10.077
223.165 -9.982
223.185 -9.796
223.235 -9.891
224.871 -9.920
225.214 -9.893
226.473 -9.724
226.511 -10.036
227.018 -10.061
227.258 -9.941
228.070 -9.923
228.281 -9.847
228.509 -9.944
228.621 -10.079
228.639 -9.866
228.653 -9.964
228.841 -9.873
228.995 -9.930
229.081 -10.040
229.361 -9.794
230.347 -9.821
231.267 -9.864
231.504 -9.960
232.102 -9.896
232.535 -9.913
233.233 -9.860
233.243 -9.839
233.672 -9.809
233.966 -9.968
234.395 -9.919
234.797 -10.063
234.812 -9.905
234.985 -9.988
235.430 -9.871
235.594 -9.977
235.642 -9.848
235.775 -9.973
236.269 -10.015
236.585 -10.004
236.846 -9.824
237.821 -9.928
238.028 -9.811
239.185 -9.976
239.244 -9.766
239.995 -9.849
240.079 -9.956
240.261 -9.806
240.278 -9.658
240.341 -9.967
240.595 -9.823
241.134 -9.969
243.329 -9.957
243.467 -10.019
243.477 -9.843
244.490 -9.856
245.738 -9.993
245.964 -9.737
246.287 -9.662
246.357 -9.701
246.625 -9.925
246.765 -9.683
246.856 -9.964
246.871 -9.864
247.896 -9.900
249.153 -9.714
249.520 -9.813
249.917 -10.026
250.520 -9.799
250.815 -9.894
250.885 -9.676
251.895 -9.708
252.609 -9.829
253.107 -9.846
253.596 -9.874
253.937 -10.005
253.996 -9.739
254.077 -10.014
254.429 -9.887
254.843 -9.733
255.264 -9.858
255.536 -9.864
255.702 -9.798
255.876 -9.817
255.967 -9.887
255.970 -9.630
256.573 -9.858
256.672 -9.871
256.799 -9.687
256.976 -9.816
257.664 -9.813
257.793 -9.911
257.862 -10.032
258.381 -9.883
258.609 -9.762
258.859 -9.860
259.420 -9.650
259.647 -9.771
260.023 -9.736
262.023 -9.756
262.222 -9.714
262.592 -9.819
262.816 -9.834
262.895 -9.716
262.978 -9.829
263.144 -9.700
263.599 -9.816
264.556 -9.898
264.868 -9.933
264.935 -9.746
264.952 -9.959
265.031 -9.952
265.153 -9.882
265.405 -9.746
265.455 -9.822
265.464 -9.717
265.469 -9.899
265.790 -9.804
265.956 -9.929
266.851 -9.726
267.244 -9.649
267.319 -9.808
267.446 -9.815
267.548 -9.962
267.979 -9.899
268.063 -9.751
268.327 -9.731
268.361 -9.642
268.417 -9.937
269.508 -9.952
269.565 -9.873
270.576 -9.788
270.613 -9.895
270.659 -9.595
271.084 -9.815
271.102 -9.958
271.700 -9.715
271.913 -9.737
271.949 -9.964
272.049 -9.876
272.519 -9.791
272.964 -9.700
273.111 -9.769
273.272 -9.719
273.549 -9.657
274.139 -9.801
274.797 -9.836
274.948 -9.680
275.090 -9.759
275.394 -9.779
275.713 -9.711
276.162 -9.704
277.005 -9.879
277.515 -9.879
277.687 -9.844
278.000 -9.621
278.046 -9.729
278.761 -9.832
278.834 -9.643
279.419 -9.731
279.729 -9.721
280.332 -9.898
281.183 -9.794
281.718 -9.717
282.070 -9.701
282.656 -9.776
282.656 -9.818
282.719 -9.764
282.821 -9.830
283.566 -9.845
283.643 -9.862
285.994 -9.845
286.018 -9.630
286.175 -9.719
287.000 -9.566
287.895 -9.898
287.967 -9.792
288.114 -9.452
288.262 -9.575
288.319 -9.650
288.876 -9.780
289.195 -9.890
289.597 -9.839
289.715 -9.765
289.859 -9.850
289.988 -9.839
290.036 -9.662
290.067 -9.627
290.123 -9.729
290.308 -9.733
290.515 -9.629
291.861 -9.851
292.199 -9.633
292.268 -9.735
293.455 -9.659
293.564 -9.625
293.870 -9.705
294.239 -9.757
294.422 -9.793
296.437 -9.718
296.523 -9.767
296.659 -9.690
297.463 -9.697
297.738 -9.529
298.695 -9.799
299.742 -9.577
299.797 -9.815
300.239 -9.489
301.142 -9.794
301.773 -9.758
302.003 -9.767
302.619 -9.637
303.078 -9.716
303.295 -9.859
303.395 -9.730
303.653 -9.625
304.731 -9.701
304.885 -9.693
305.195 -9.691
305.538 -9.484
305.656 -9.848
305.894 -9.626
306.273 -9.619
307.076 -9.686
307.202 -9.649
307.277 -9.762
307.306 -9.656
307.310 -9.674
307.459 -9.470
307.514 -9.830
308.176 -9.767
308.596 -9.694
308.725 -9.601
309.495 -9.527
310.622 -9.612
310.735 -9.728
310.970 -9.728
311.349 -9.499
311.685 -9.660
311.749 -9.714
313.080 -9.548
313.448 -9.679
314.217 -9.660
314.281 -9.639
314.375 -9.537
314.409 -9.668
314.465 -9.712
314.557 -9.533
314.858 -9.709
315.642 -9.553
315.728 -9.794
315.792 -9.705
315.931 -9.751
316.692 -9.786
316.933 -9.719
318.550 -9.661
318.988 -9.635
319.513 -9.831
319.762 -9.684
320.097 -9.661
320.813 -9.593
321.114 -9.803
321.424 -9.581
322.888 -9.687
324.221 -9.582
324.692 -9.636
327.034 -9.751
327.512 -9.637
327.788 -9.562
328.290 -9.652
328.548 -9.607
328.886 -9.653
329.454 -9.670
330.047 -9.664
330.241 -9.656
330.922 -9.576
331.325 -9.521
331.598 -9.421
331.696 -9.547
331.796 -9.814
332.240 -9.775
332.840 -9.525
332.842 -9.405
333.204 -9.695
333.256 -9.660
333.735 -9.346
334.228 -9.662
334.973 -9.462
337.409 -9.622
337.680 -9.382
338.844 -9.348
338.984 -9.693
339.211 -9.598
339.503 -9.554
341.338 -9.655
341.441 -9.626
341.808 -9.644
342.149 -9.792
342.185 -9.680
344.243 -9.592
344.289 -9.676
344.550 -9.344
345.636 -9.518
345.642 -9.367
346.237 -9.642
347.115 -9.653
347.603 -9.528
348.287 -9.600
349.013 -9.528
349.584 -9.693
349.898 -9.588
351.539 -9.490
351.695 -9.620
352.294 -9.555
352.523 -9.561
352.535 -9.363
353.388 -9.498
354.238 -9.612
354.425 -9.603
355.482 -9.706
355.524 -9.448
356.566 -9.607
357.273 -9.590
357.692 -9.589
358.050 -9.560
359.761 -9.497
360.040 -9.487
360.116 -9.498
361.275 -9.644
361.770 -9.494
362.244 -9.586
362.844 -9.429
363.089 -9.656
363.826 -9.614
363.898 -9.533
365.259 -9.638
365.334 -9.507
365.528 -9.555
366.003 -9.703
366.462 -9.638
367.064 -9.587
367.248 -9.410
367.326 -9.566
367.598 -9.544
368.077 -9.457
368.151 -9.746
370.909 -9.278
370.915 -9.354
370.950 -9.525
370.983 -9.652
371.144 -9.540
371.365 -9.675
371.758 -9.578
371.987 -9.472
371.999 -9.369
372.044 -9.519
372.145 -9.538
372.820 -9.373
374.475 -9.386
375.283 -9.449
375.886 -9.609
375.925 -9.504
376.406 -9.368
378.548 -9.539
378.787 -9.663
378.839 -9.491
378.915 -9.633
379.802 -9.668
379.859 -9.851
380.715 -9.539
382.092 -9.448
382.134 -9.626
382.248 -9.568
382.504 -9.505
383.515 -9.453
384.899 -9.436
384.939 -9.561
385.436 -9.569
387.156 -9.498
387.212 -9.602
387.404 -9.422
387.484 -9.569
387.870 -9.467
387.887 -9.397
387.891 -9.427
389.133 -9.577
389.412 -9.484
390.358 -9.454
390.394 -9.705
390.597 -9.439
390.856 -9.512
391.490 -9.601
391.835 -9.396
392.677 -9.542
393.371 -9.428
394.335 -9.491
396.590 -9.377
398.099 -9.401
398.151 -9.507
398.363 -9.487
398.378 -9.473
398.913 -9.575
399.128 -9.606
399.241 -9.584
399.401 -9.157
400.378 -9.381
400.832 -9.427
401.092 -9.257
401.729 -9.483
402.680 -9.422
403.940 -9.428
404.349 -9.627
404.996 -9.437
406.566 -9.630
407.092 -9.203
407.250 -9.331
407.514 -9.405
409.107 -9.569
409.173 -9.522
410.627 -9.416
411.788 -9.749
413.628 -9.186
413.766 -9.463
416.237 -9.594
418.348 -9.453
418.491 -9.174
418.907 -9.408
419.443 -9.484
419.666 -9.524
419.822 -9.302
424.330 -9.385
425.153 -9.439
425.186 -9.236
425.576 -9.554
425.641 -9.612
426.734 -9.596
428.791 -9.459
429.275 -9.315
430.322 -9.110
430.390 -9.298
431.794 -9.473
431.809 -9.383
432.341 -9.380
432.541 -9.064
433.843 -9.444
434.418 -9.373
434.985 -9.321
434.989 -9.389
436.193 -9.394
436.742 -9.355
437.261 -9.471
437.622 -9.271
438.201 -9.187
438.999 -9.367
439.716 -9.327
441.435 -9.443
441.872 -9.008
441.953 -9.170
442.351 -9.470
444.348 -9.396
444.984 -9.473
446.651 -9.341
447.546 -9.196
447.777 -9.292
447.911 -9.256
449.897 -9.255
450.402 -9.448
450.737 -9.290
450.750 -9.175
451.886 -9.312
453.848 -9.199
455.792 -9.566
456.160 -9.443
456.215 -9.492
457.658 -9.506
457.674 -9.527
459.369 -9.418
460.795 -9.299
460.892 -9.404
460.958 -9.166
461.038 -9.232
462.015 -9.376
462.133 -9.578
463.674 -9.312
463.718 -9.643
464.411 -9.333
466.458 -9.307
467.340 -9.311
469.105 -9.430
470.909 -9.390
471.197 -9.471
471.330 -9.424
472.495 -9.601
472.555 -9.457
472.584 -9.089
472.893 -9.128
473.883 -9.180
474.524 -9.196
477.407 -9.287
477.767 -9.078
478.713 -9.332
482.773 -9.215
483.108 -9.231
483.800 -9.191
484.314 -9.449
486.393 -9.094
488.792 -9.279
489.223 -9.375
489.424 -9.359
489.849 -9.375
490.986 -9.399
492.888 -9.255
493.489 -9.266
494.193 -9.256
495.473 -9.353
495.718 -9.226
495.776 -8.980
496.566 -9.323
496.951 -9.372
499.280 -9.311
501.735 -9.271
505.228 -9.140
506.025 -9.034
508.770 -9.179
511.894 -9.305
512.207 -9.203
512.481 -9.264
513.485 -9.285
514.592 -9.164
516.325 -8.987
516.689 -9.030
516.809 -9.248
517.007 -9.039
517.585 -9.100
517.668 -9.143
520.316 -9.508
522.124 -8.999
522.909 -9.216
525.497 -9.229
525.671 -9.128
526.866 -9.116
528.263 -9.058
528.666 -9.159
529.001 -9.297
529.013 -9.195
536.482 -9.101
537.303 -9.228
538.859 -9.094
539.594 -9.310
540.464 -9.310
551.219 -9.305
553.025 -9.337
553.439 -9.286
556.572 -9.364
556.696 -8.858
557.387 -9.138
557.867 -9.147
563.756 -9.139
566.115 -9.102
568.427 -9.226
569.521 -9.058
569.570 -9.206
571.727 -8.779
574.619 -8.979
581.560 -9.087
582.583 -8.753
584.611 -8.732
586.032 -9.423
587.740 -9.081
589.224 -8.923
594.767 -9.247
597.432 -8.859
597.798 -8.973
601.383 -9.223
602.598 -9.227
603.916 -9.035
606.294 -9.057
612.016 -9.301
614.951 -9.237
616.111 -9.277
622.352 -9.308
623.652 -9.010
628.148 -9.112
633.054 -9.270
634.857 -8.904
637.587 -9.329
640.146 -9.130
646.699 -9.389
647.517 -9.090
647.965 -9.140
648.021 -8.908
653.939 -9.084
658.280 -8.867
659.914 -9.097
666.571 -9.076
670.402 -8.924
675.041 -9.093
677.405 -8.796
682.919 -9.162
685.891 -9.111
688.855 -8.916
689.325 -9.157
690.076 -8.786
690.132 -8.937
692.021 -8.964
693.548 -9.057
706.389 -8.960
710.782 -8.905
714.198 -8.940
714.348 -9.185
714.462 -8.978
715.718 -8.956
721.444 -8.746
722.201 -9.061
725.759 -9.007
726.441 -8.952
735.045 -9.104
737.309 -8.973
746.776 -8.981
748.163 -8.945
769.888 -8.492
772.423 -9.022
774.341 -8.661
774.915 -9.002
775.959 -8.559
783.419 -8.629
790.035 -8.946
791.159 -8.908
795.405 -8.874
796.499 -8.931
796.580 -8.823
798.428 -8.963
804.639 -9.008
819.961 -8.842
820.618 -8.667
823.840 -8.895
834.245 -8.847
837.461 -8.949
838.731 -8.828
841.610 -8.970
847.066 -8.900
848.878 -8.704
861.804 -8.781
869.119 -8.674
876.683 -8.816
882.223 -8.622
888.286 -8.429
903.335 -8.877
925.393 -8.715
931.995 -8.918
933.898 -8.897
936.698 -8.604
938.240 -8.809
951.401 -8.505
953.056 -8.929
955.129 -8.617
972.875 -8.690
982.683 -8.619
993.674 -8.627
997.512 -8.754
1028.495 -8.956
1048.764 -8.661
1048.859 -8.880
1084.321 -8.337
1088.190 -8.566
1182.643 -8.644
1200.317 -8.730
1231.595 -8.713
1242.607 -8.290
1248.569 -8.440
1251.413 -8.452
1255.010 -8.560
1271.749 -8.612
1277.287 -8.370
1411.259 -8.496
1413.124 -8.769
1430.320 -8.622
1449.796 -8.422
1487.688 -8.546
1490.767 -8.413
1663.874 -8.167
1861.146 -8.162
1948.360 -8.011
2756.263 -7.982
3079.968 -8.169
