# Ep lEiso
1.027 -13.482
1.060 -13.298
1.241 -13.310
1.349 -13.519
1.406 -13.356
1.536 -13.335
1.618 -13.632
1.720 -13.520
1.894 -13.524
1.901 -13.672
2.024 -13.311
2.237 -13.490
2.316 -13.517
2.478 -13.539
2.695 -13.465
2.793 -13.473
3.216 -13.330
3.283 -13.463
3.445 -13.212
3.487 -13.587
3.603 -13.278
3.623 -13.415
3.710 -13.557
3.885 -13.668
4.032 -13.425
4.253 -13.620
4.262 -13.536
4.401 -13.431
4.518 -13.322
4.606 -13.532
5.543 -13.434
5.595 -13.294
5.683 -13.629
6.023 -13.782
6.430 -13.425
6.473 -13.507
7.023 -13.493
7.357 -13.753
7.395 -13.995
7.912 -13.434
8.142 -13.646
8.326 -13.517
8.659 -14.015
8.719 -14.069
8.827 -13.574
9.110 -13.804
9.776 -13.530
10.815 -13.640
10.902 -13.320
10.976 -13.931
11.085 -13.367
11.292 -13.442
11.803 -13.709
12.011 -13.730
12.632 -13.372
12.718 -13.803
12.990 -13.893
14.855 -13.676
15.257 -13.788
16.506 -14.287
16.510 -14.253
17.178 -14.078
17.695 -14.026
18.470 -13.856
18.513 -14.455
19.040 -14.412
19.357 -13.611
20.383 -14.285
20.484 -13.632
20.765 -13.897
21.168 -14.547
21.172 -13.862
21.269 -13.903
21.447 -14.328
21.758 -13.809
21.965 -14.187
22.090 -13.663
22.626 -13.886
23.001 -14.100
23.014 -14.044
23.197 -14.449
23.258 -14.238
23.339 -13.720
23.518 -14.132
23.732 -14.211
23.826 -14.270
23.912 -14.384
24.379 -14.024
24.437 -14.371
24.522 -14.360
24.607 -14.287
24.813 -13.787
24.829 -13.932
24.853 -13.636
25.170 -13.656
25.251 -14.157
25.432 -13.765
25.794 -13.648
25.918 -14.425
25.923 -14.215
26.044 -14.476
26.056 -14.737
26.070 -14.318
26.089 -14.367
26.134 -13.894
26.202 -13.789
26.219 -14.322
26.374 -14.058
26.536 -14.139
26.588 -14.380
26.672 -14.355
26.681 -14.172
26.774 -14.286
26.892 -14.445
26.905 -14.220
26.983 -14.131
27.072 -13.710
27.797 -14.613
27.806 -13.523
27.884 -14.070
27.983 -14.589
28.009 -14.149
28.030 -14.201
28.124 -14.242
28.174 -14.298
28.203 -13.925
28.466 -14.253
28.494 -14.171
28.566 -13.924
28.677 -14.491
28.731 -14.494
28.869 -14.777
28.927 -14.410
29.033 -14.327
29.048 -14.485
29.271 -14.503
29.300 -13.617
29.515 -14.411
29.528 -14.736
29.657 -13.758
29.741 -14.067
29.759 -14.145
29.776 -14.174
29.943 -14.186
29.964 -14.042
29.988 -14.675
30.184 -14.221
30.208 -14.407
30.492 -14.503
30.505 -14.223
30.507 -13.497
30.782 -14.336
30.837 -14.380
30.929 -14.703
31.032 -14.465
31.192 -14.450
31.246 -14.434
31.258 -14.489
31.433 -14.503
31.483 -14.384
31.515 -14.405
31.597 -14.364
31.604 -13.760
31.671 -14.298
31.707 -14.290
31.841 -14.412
31.937 -14.231
32.216 -14.233
32.243 -14.100
32.299 -14.127
32.333 -14.304
32.404 -14.483
32.409 -14.626
32.573 -14.335
32.617 -13.533
32.637 -14.287
32.694 -13.908
32.700 -14.476
32.754 -14.097
32.779 -13.757
32.838 -14.279
32.952 -13.650
32.974 -14.034
33.007 -14.541
33.012 -14.166
33.186 -14.507
33.315 -14.106
33.367 -14.246
33.383 -13.658
33.481 -14.561
33.520 -14.221
33.561 -14.344
33.562 -14.396
33.610 -14.332
33.746 -14.076
33.823 -14.278
33.897 -14.032
33.938 -14.601
33.965 -14.174
33.985 -14.233
34.002 -14.343
34.028 -13.866
34.170 -14.273
34.211 -14.420
34.294 -13.622
34.314 -14.315
34.322 -14.380
34.366 -14.339
34.416 -14.555
34.450 -14.104
34.507 -14.274
34.527 -14.059
34.560 -14.154
34.716 -14.417
34.819 -14.617
34.843 -14.584
34.847 -14.307
34.874 -13.449
34.927 -14.471
34.948 -14.103
35.069 -14.533
35.444 -14.705
35.455 -14.060
35.474 -14.165
35.477 -14.295
35.584 -14.186
35.629 -14.229
35.659 -14.405
35.659 -14.642
35.688 -14.129
35.852 -14.342
35.860 -14.771
35.887 -14.151
36.100 -13.856
36.197 -14.446
36.266 -14.012
36.458 -14.224
36.587 -13.839
36.601 -14.250
36.718 -14.363
36.735 -14.470
36.827 -14.391
36.838 -13.951
36.890 -14.561
36.906 -14.828
36.908 -14.353
36.995 -14.284
37.059 -14.278
37.243 -14.271
37.246 -14.322
37.327 -14.476
37.388 -14.527
37.393 -14.979
37.541 -14.529
37.542 -14.291
37.543 -14.120
37.573 -14.301
37.586 -13.989
37.643 -14.524
37.689 -14.249
37.707 -14.393
37.710 -14.559
37.749 -14.356
37.935 -14.350
38.184 -14.415
38.187 -14.068
38.229 -14.631
38.370 -14.496
38.397 -13.774
38.414 -14.288
38.430 -14.374
38.488 -14.267
38.547 -14.485
38.552 -14.323
38.562 -13.818
38.577 -13.546
38.676 -14.388
38.723 -14.389
38.786 -13.840
38.801 -14.253
38.805 -13.713
38.820 -14.636
38.846 -14.056
38.892 -14.417
38.946 -14.436
38.973 -13.883
39.022 -14.304
39.038 -14.395
39.181 -14.389
39.184 -14.369
39.247 -14.569
39.248 -14.575
39.393 -14.226
39.563 -14.073
39.612 -13.421
39.696 -14.468
39.828 -14.565
39.874 -14.560
40.084 -14.223
40.171 -14.511
40.190 -14.461
40.197 -14.361
40.254 -14.198
40.313 -14.398
40.327 -14.419
40.386 -13.849
40.408 -14.279
40.513 -14.018
40.518 -14.592
40.523 -14.306
40.596 -14.484
40.638 -14.065
40.656 -14.397
40.692 -14.468
40.739 -14.645
40.791 -14.554
40.828 -14.415
40.895 -14.555
40.898 -13.739
40.906 -14.157
41.158 -14.280
41.211 -14.159
41.403 -14.286
41.409 -14.378
41.486 -14.234
41.523 -14.376
41.646 -14.291
41.678 -13.941
41.712 -14.388
41.729 -14.039
41.732 -14.222
41.734 -14.478
41.762 -14.059
41.786 -14.322
41.799 -14.304
41.841 -14.318
41.987 -13.865
42.122 -14.116
42.157 -14.555
42.245 -14.285
42.308 -14.362
42.410 -14.126
42.412 -14.030
42.474 -13.894
42.517 -14.605
42.579 -14.390
42.637 -14.652
42.640 -14.326
42.665 -14.699
42.729 -14.272
42.753 -14.652
42.760 -14.066
42.779 -14.632
42.849 -14.264
42.894 -14.602
42.931 -13.951
43.069 -14.430
43.098 -13.893
43.262 -14.457
43.270 -14.376
43.376 -14.191
43.387 -14.655
43.413 -14.006
43.415 -14.227
43.424 -14.704
43.460 -14.079
43.535 -14.201
43.839 -14.458
43.858 -13.983
43.859 -14.296
43.998 -14.218
44.168 -14.596
44.199 -14.355
44.249 -14.657
44.259 -13.516
44.301 -14.267
44.323 -14.202
44.337 -14.297
44.339 -14.365
44.497 -14.515
44.690 -13.707
44.746 -14.133
44.806 -14.551
44.898 -14.064
44.943 -14.475
44.953 -14.296
45.106 -14.206
45.213 -14.186
45.288 -14.262
45.361 -14.383
45.412 -14.284
45.421 -14.254
45.433 -14.067
45.486 -14.468
45.547 -13.832
45.609 -14.402
45.650 -14.444
45.674 -14.170
45.700 -14.249
45.713 -14.544
45.714 -14.611
45.803 -14.423
45.818 -14.475
45.837 -14.306
45.863 -14.246
45.964 -14.229
45.983 -14.225
45.993 -14.452
46.070 -14.530
46.103 -14.232
46.140 -14.430
46.222 -14.633
46.255 -14.051
46.310 -14.069
46.602 -14.027
46.630 -14.457
46.684 -14.317
46.716 -14.392
46.728 -13.903
46.740 -14.377
46.764 -13.848
46.829 -14.347
46.966 -14.689
47.010 -14.239
47.020 -14.380
47.022 -14.476
47.034 -14.415
47.051 -14.624
47.087 -14.356
47.094 -14.374
47.096 -13.938
47.096 -14.266
47.142 -14.299
47.166 -14.538
47.294 -14.425
47.349 -14.300
47.360 -14.315
47.378 -14.345
47.392 -14.290
47.454 -14.230
47.466 -14.076
47.503 -13.992
47.508 -14.159
47.516 -14.034
47.671 -14.245
47.679 -14.461
47.821 -14.335
47.826 -14.684
47.832 -14.419
47.892 -14.344
47.894 -14.437
47.978 -14.349
48.007 -14.011
48.012 -14.490
48.026 -14.504
48.092 -14.241
48.154 -14.492
48.175 -14.146
48.198 -14.352
48.236 -13.666
48.318 -14.298
48.408 -14.461
48.429 -13.800
48.449 -14.144
48.490 -14.232
48.534 -13.956
48.596 -14.332
48.713 -14.451
48.783 -14.258
48.807 -14.562
48.851 -13.643
48.857 -14.092
48.954 -14.521
48.964 -14.393
49.043 -14.331
49.086 -14.057
49.168 -14.526
49.284 -14.361
49.357 -14.040
49.405 -14.429
49.485 -14.286
49.485 -14.463
49.493 -14.238
49.507 -14.512
49.609 -14.584
49.619 -14.413
49.898 -14.469
49.900 -13.790
49.919 -14.155
50.016 -14.439
50.121 -14.328
50.129 -14.503
50.147 -14.423
50.164 -13.665
50.171 -14.464
50.237 -14.474
50.274 -13.949
50.321 -14.703
50.335 -14.419
50.351 -14.257
50.366 -14.321
50.371 -14.020
50.375 -13.883
50.381 -14.280
50.402 -14.295
50.426 -13.890
50.581 -14.244
50.620 -14.023
50.628 -14.302
50.765 -14.002
50.777 -14.228
50.813 -14.324
50.855 -14.387
50.877 -14.528
51.111 -14.235
51.121 -14.428
51.136 -14.124
51.226 -14.163
51.257 -14.592
51.365 -14.325
51.484 -13.720
51.490 -14.326
51.540 -14.427
51.643 -14.586
51.715 -14.453
51.741 -14.489
51.811 -13.994
51.864 -14.306
51.889 -14.065
51.900 -14.363
51.930 -14.202
52.054 -14.266
52.071 -14.235
52.105 -14.231
52.142 -14.260
52.156 -13.851
52.182 -13.988
52.224 -13.969
52.313 -14.234
52.327 -14.092
52.335 -14.525
52.338 -14.121
52.339 -14.187
52.355 -14.516
52.361 -14.411
52.435 -14.554
52.481 -14.279
52.496 -13.926
52.581 -14.038
52.708 -13.986
52.721 -14.427
52.747 -14.431
52.790 -13.872
52.827 -14.178
52.834 -14.383
52.984 -13.770
53.025 -14.270
53.113 -14.204
53.120 -14.370
53.131 -13.743
53.135 -14.236
53.141 -14.403
53.152 -13.732
53.185 -14.395
53.270 -14.420
53.279 -14.146
53.286 -14.395
53.301 -14.570
53.383 -14.336
53.409 -14.466
53.584 -14.279
53.632 -14.191
53.690 -14.318
53.717 -14.379
53.754 -14.304
53.833 -14.067
53.866 -14.217
53.901 -14.037
54.062 -14.438
54.209 -14.324
54.262 -14.283
54.521 -14.346
54.572 -14.316
54.601 -14.060
54.654 -14.375
54.681 -14.223
54.717 -14.382
54.777 -14.445
54.839 -14.432
54.860 -14.406
54.932 -14.137
54.975 -13.958
55.005 -13.620
55.015 -14.050
55.026 -13.968
55.075 -14.313
55.140 -13.992
55.140 -14.423
55.180 -14.567
55.185 -14.450
55.237 -14.271
55.291 -14.413
55.372 -13.810
55.638 -14.372
55.667 -14.474
55.794 -14.253
55.809 -14.153
55.835 -14.314
55.868 -14.172
56.065 -14.515
56.075 -14.423
56.114 -14.482
56.149 -13.967
56.153 -14.312
56.367 -14.325
56.372 -14.599
56.399 -14.498
56.512 -14.093
56.513 -14.494
56.575 -14.496
56.666 -14.289
56.717 -14.135
56.788 -14.370
56.867 -14.142
56.930 -14.117
56.964 -14.339
57.143 -14.033
57.160 -14.453
57.225 -14.246
57.250 -14.267
57.252 -13.628
57.345 -14.068
57.438 -14.440
57.458 -14.410
57.573 -14.346
57.578 -13.916
57.692 -14.434
57.763 -14.382
57.804 -14.380
57.839 -14.287
58.011 -14.091
58.041 -14.061
58.049 -14.097
58.170 -14.568
58.222 -14.185
58.272 -14.384
58.334 -13.880
58.360 -14.483
58.437 -14.477
58.445 -14.216
58.587 -14.555
58.595 -14.382
58.615 -14.289
58.665 -14.244
58.713 -14.168
58.776 -14.396
58.796 -13.830
58.804 -14.331
58.832 -14.260
58.882 -13.984
58.890 -14.080
59.179 -13.418
59.180 -13.659
59.183 -14.205
59.187 -14.610
59.204 -14.253
59.227 -13.941
59.268 -14.377
59.292 -14.039
59.293 -14.490
59.298 -14.188
59.308 -14.251
59.384 -14.340
59.570 -14.376
59.661 -14.183
59.729 -14.489
59.733 -14.158
59.787 -13.726
60.003 -14.284
60.026 -14.380
60.032 -14.135
60.039 -14.582
60.128 -14.323
60.133 -13.981
60.219 -14.299
60.356 -14.024
60.360 -14.203
60.372 -14.398
60.397 -14.205
60.498 -14.050
60.636 -14.005
60.640 -14.395
60.690 -14.423
60.861 -14.214
60.867 -14.535
60.886 -13.980
60.894 -14.433
60.935 -14.123
60.937 -13.908
60.937 -14.000
61.073 -14.346
61.103 -14.186
61.206 -14.229
61.210 -13.867
61.232 -14.190
61.260 -14.279
61.329 -14.557
61.367 -13.933
61.459 -14.383
61.534 -14.041
61.639 -14.239
61.885 -14.287
62.049 -13.991
62.055 -14.310
62.078 -14.250
62.079 -14.210
62.138 -14.519
62.161 -14.352
62.173 -14.545
62.191 -14.553
62.297 -13.946
62.345 -14.086
62.369 -14.407
62.429 -14.264
62.519 -14.094
62.637 -14.125
62.676 -13.636
62.737 -14.163
62.897 -14.261
62.953 -14.374
62.969 -13.880
62.997 -14.098
63.164 -14.109
63.171 -14.452
63.324 -14.161
63.445 -14.460
63.638 -13.542
63.653 -14.327
63.912 -14.011
64.134 -14.341
64.149 -14.289
64.192 -14.220
64.249 -14.436
64.272 -14.548
64.288 -13.938
64.761 -14.208
64.848 -14.363
64.851 -13.814
64.892 -14.278
64.899 -14.042
65.018 -14.159
65.264 -14.271
65.322 -14.060
65.445 -14.377
65.452 -14.023
65.593 -14.485
65.594 -14.246
65.648 -14.235
65.668 -14.322
65.799 -14.245
65.857 -14.213
65.914 -14.074
65.914 -14.256
66.035 -14.267
66.090 -14.254
66.143 -14.322
66.179 -13.935
66.237 -14.344
66.317 -14.188
66.389 -14.081
66.562 -14.199
66.606 -14.199
66.614 -14.200
66.654 -14.457
66.855 -14.254
66.919 -14.461
67.086 -14.103
67.176 -13.711
67.200 -13.969
67.213 -13.871
67.413 -14.116
67.463 -14.385
67.497 -13.956
67.498 -13.646
67.613 -14.014
67.844 -13.707
68.074 -14.448
68.117 -14.369
68.124 -14.501
68.294 -14.069
68.296 -14.596
68.495 -14.302
68.664 -14.301
68.675 -14.262
68.683 -13.614
68.692 -13.795
68.808 -14.186
68.821 -14.023
69.003 -14.011
69.008 -14.532
69.090 -14.068
69.331 -13.999
69.420 -14.197
69.588 -14.349
69.760 -14.251
69.788 -14.469
69.801 -14.344
69.912 -14.467
69.918 -14.438
69.920 -13.462
69.950 -14.039
70.044 -13.714
70.106 -13.762
70.381 -14.023
70.415 -14.102
70.506 -14.145
70.925 -13.874
70.964 -14.254
71.044 -14.103
71.103 -14.151
71.343 -14.233
71.621 -14.063
71.671 -14.300
71.694 -14.262
71.743 -14.302
71.875 -14.364
72.095 -14.024
72.164 -14.053
72.246 -14.033
72.394 -14.268
72.422 -13.969
72.429 -13.383
72.520 -14.203
72.565 -14.319
72.834 -14.182
73.118 -14.099
73.522 -13.812
73.614 -13.575
73.932 -14.293
74.293 -14.212
74.327 -13.987
74.352 -14.124
74.442 -14.176
74.550 -14.027
74.745 -14.315
74.786 -13.632
74.800 -14.120
74.822 -13.931
74.887 -13.797
74.897 -13.892
75.195 -14.300
75.399 -14.212
75.487 -14.098
75.779 -14.148
75.799 -13.922
75.933 -13.904
76.091 -13.787
76.136 -14.016
76.174 -14.329
76.175 -14.101
77.017 -13.946
77.109 -14.241
77.285 -14.162
77.368 -14.210
77.466 -14.451
78.678 -14.244
78.881 -13.685
78.928 -14.441
79.349 -14.149
79.368 -13.543
79.469 -14.188
79.540 -14.213
80.408 -14.231
80.756 -14.162
81.097 -14.462
81.258 -14.082
81.265 -14.422
81.500 -13.442
81.813 -13.911
82.563 -14.182
82.674 -13.405
82.893 -13.359
83.047 -14.253
83.231 -14.185
83.392 -14.085
83.991 -13.674
84.279 -13.688
84.319 -13.957
84.742 -13.930
84.921 -14.195
85.115 -14.119
85.466 -14.178
86.310 -14.401
86.742 -14.406
86.913 -14.168
87.834 -13.713
88.025 -14.109
88.688 -14.369
89.412 -14.043
89.677 -13.879
90.080 -14.190
90.457 -14.444
91.268 -14.238
91.350 -13.711
91.396 -14.119
91.401 -13.923
92.238 -14.260
92.862 -13.859
93.097 -14.091
94.055 -14.121
94.606 -14.053
95.274 -14.224
95.614 -13.751
96.407 -13.968
96.835 -14.352
97.261 -14.106
97.329 -14.051
97.437 -13.773
97.445 -14.167
97.717 -14.010
97.936 -13.638
99.784 -13.781
100.647 -14.165
101.372 -14.271
101.404 -14.028
101.428 -14.129
101.695 -14.318
102.910 -13.765
103.071 -14.073
103.826 -13.959
103.971 -13.973
105.797 -13.608
106.278 -13.696
107.711 -14.128
107.897 -14.075
110.911 -13.885
111.429 -13.946
111.822 -13.650
111.939 -14.191
112.152 -14.070
113.677 -13.571
115.029 -13.864
115.259 -13.911
116.126 -13.998
116.350 -13.713
116.367 -14.133
116.744 -14.069
118.014 -13.625
121.145 -13.604
121.279 -13.721
121.938 -13.476
124.065 -14.048
124.986 -14.139
125.392 -14.207
126.311 -13.638
128.053 -13.746
128.632 -13.880
132.759 -14.136
134.809 -13.840
136.183 -13.751
137.188 -13.683
138.289 -13.387
141.022 -14.012
146.850 -13.886
148.753 -13.746
149.302 -14.085
150.109 -13.563
150.554 -14.115
154.348 -13.857
154.825 -13.996
155.422 -13.979
160.539 -13.727
163.366 -13.756
167.309 -13.522
169.082 -13.846
183.392 -13.624
190.787 -13.523
190.809 -13.774
200.350 -13.657
201.778 -13.678
236.655 -13.550
245.098 -13.782
263.632 -13.651
270.158 -13.460
273.691 -13.608
275.376 -13.592
277.507 -13.539
287.426 -13.493
290.708 -13.562
341.995 -13.343
342.780 -13.785
350.017 -13.697
358.214 -13.189
374.162 -13.558
375.458 -13.210
481.766 -13.562
548.571 -12.881
605.804 -13.330
1030.089 -13.094
1264.200 -13.034
