# Ep lEiso
1.167 -11.099
1.369 -11.007
3.178 -11.012
5.233 -11.163
6.888 -11.106
12.754 -11.082
18.348 -11.344
23.105 -11.215
27.340 -11.394
27.469 -11.387
29.377 -11.350
31.714 -11.583
32.306 -11.609
33.527 -11.781
34.404 -11.663
34.714 -11.585
36.059 -11.823
36.264 -11.655
36.602 -11.587
36.691 -11.959
36.932 -11.773
36.972 -11.852
37.128 -11.430
37.384 -11.683
37.599 -11.761
37.923 -11.950
37.936 -11.563
38.140 -11.813
38.312 -11.758
38.440 -11.884
39.260 -11.550
39.299 -11.654
39.363 -12.090
39.610 -11.366
39.908 -11.667
39.939 -12.268
40.302 -11.391
40.489 -11.571
40.510 -12.119
40.717 -11.497
40.809 -11.951
40.883 -11.888
41.016 -12.167
41.040 -12.197
41.076 -11.935
41.166 -12.061
41.380 -12.072
41.713 -11.674
41.739 -11.846
41.759 -12.152
41.789 -11.872
41.844 -11.758
41.982 -12.051
42.038 -12.064
42.206 -11.826
42.229 -12.109
42.303 -12.155
42.677 -11.731
42.753 -11.854
42.998 -11.874
42.999 -12.008
43.132 -12.233
43.235 -12.206
43.408 -12.087
43.419 -11.875
43.547 -12.154
43.624 -11.897
43.874 -11.562
43.898 -11.811
43.986 -11.925
44.113 -12.206
44.114 -12.211
44.139 -11.929
44.184 -12.111
44.265 -11.890
44.318 -12.051
44.350 -11.766
44.488 -11.926
44.589 -12.014
44.594 -11.991
44.659 -12.154
44.680 -11.761
44.709 -11.855
44.772 -12.019
44.848 -12.047
44.881 -12.069
44.912 -11.838
45.077 -11.966
45.097 -12.097
45.127 -12.091
45.157 -12.062
45.230 -11.873
45.236 -11.926
45.244 -11.816
45.356 -11.823
45.385 -12.005
45.464 -11.863
45.638 -11.822
45.690 -11.836
45.692 -12.025
45.741 -12.173
45.746 -12.212
45.751 -12.294
45.759 -12.080
45.777 -11.910
45.804 -11.873
45.811 -12.064
45.874 -11.969
45.939 -11.998
45.960 -12.272
45.994 -12.187
45.998 -12.273
46.035 -12.050
46.082 -12.107
46.088 -12.027
46.119 -11.995
46.155 -11.845
46.474 -12.163
46.479 -11.776
46.520 -11.969
46.573 -12.151
46.586 -11.995
46.597 -12.013
46.647 -12.335
46.673 -11.933
46.689 -11.912
46.827 -12.307
46.842 -12.144
46.880 -11.906
46.938 -12.104
46.967 -12.104
47.040 -12.202
47.068 -12.071
47.117 -12.039
47.124 -11.928
47.226 -12.096
47.240 -11.779
47.339 -12.057
47.344 -12.174
47.404 -11.818
47.445 -11.927
47.455 -11.816
47.465 -11.966
47.561 -11.968
47.573 -11.914
47.587 -12.146
47.700 -11.977
47.713 -12.045
47.877 -12.078
47.885 -11.973
47.885 -11.702
48.044 -12.012
48.075 -11.862
48.128 -12.150
48.188 -11.885
48.279 -12.051
48.310 -12.044
48.317 -11.799
48.408 -12.071
48.434 -11.833
48.451 -12.033
48.493 -12.017
48.496 -11.856
48.531 -11.992
48.550 -11.989
48.631 -12.035
48.690 -11.967
48.863 -11.968
48.880 -11.918
48.914 -11.928
48.935 -11.995
48.979 -12.062
48.982 -12.116
49.084 -12.204
49.111 -11.708
49.124 -12.092
49.159 -11.848
49.163 -11.647
49.196 -11.918
49.212 -11.793
49.248 -11.986
49.318 -11.754
49.332 -11.896
49.352 -12.083
49.355 -11.944
49.462 -12.070
49.535 -11.923
49.565 -11.974
49.575 -11.759
49.630 -12.089
49.653 -11.965
49.676 -11.886
49.677 -12.029
49.706 -12.006
49.795 -12.159
49.845 -11.684
49.894 -11.898
49.921 -12.103
49.939 -11.949
49.952 -12.128
49.963 -11.904
49.980 -11.838
50.073 -11.958
50.100 -11.862
50.155 -11.752
50.168 -12.000
50.173 -11.913
50.202 -12.009
50.235 -12.086
50.257 -11.913
50.295 -11.822
50.307 -11.625
50.329 -11.943
50.431 -12.036
50.496 -12.219
50.511 -12.095
50.514 -11.945
50.531 -11.695
50.563 -11.728
50.576 -11.926
50.651 -11.885
50.892 -12.137
50.899 -11.912
50.912 -12.117
50.915 -11.994
50.988 -11.956
51.019 -11.682
51.039 -12.032
51.039 -12.114
51.059 -11.936
51.171 -12.010
51.177 -12.158
51.196 -11.902
51.342 -11.844
51.406 -12.046
51.451 -11.898
51.577 -11.970
51.662 -11.840
51.671 -11.979
51.748 -12.018
51.759 -12.054
51.820 -12.027
51.827 -11.878
51.861 -12.084
51.872 -12.175
51.873 -11.894
51.935 -11.991
51.981 -11.835
52.111 -12.169
52.113 -12.170
52.170 -11.869
52.212 -12.073
52.215 -12.224
52.316 -11.797
52.317 -11.994
52.318 -11.937
52.339 -12.149
52.348 -11.893
52.387 -12.071
52.418 -11.980
52.430 -12.028
52.433 -12.083
52.459 -12.016
52.587 -12.134
52.758 -11.836
52.760 -11.921
52.788 -12.106
52.886 -12.062
52.905 -11.824
52.917 -11.792
52.929 -12.022
52.969 -12.133
53.011 -12.058
53.015 -12.094
53.022 -11.839
53.032 -11.751
53.103 -11.939
53.136 -11.845
53.180 -11.847
53.191 -12.106
53.193 -11.806
53.204 -12.107
53.223 -11.918
53.255 -12.036
53.293 -12.042
53.312 -11.862
53.347 -11.896
53.359 -11.947
53.459 -12.142
53.461 -12.020
53.505 -12.085
53.506 -12.194
53.607 -11.892
53.725 -11.925
53.759 -11.715
53.819 -12.251
53.915 -12.083
53.948 -11.748
54.099 -12.137
54.161 -12.065
54.174 -12.049
54.179 -11.900
54.220 -11.965
54.262 -11.769
54.272 -12.206
54.315 -11.853
54.330 -12.121
54.405 -11.908
54.409 -12.091
54.412 -12.211
54.464 -12.057
54.494 -11.759
54.507 -11.808
54.532 -12.051
54.566 -12.107
54.602 -12.076
54.629 -12.209
54.678 -11.899
54.680 -11.802
54.686 -11.940
54.869 -11.969
54.907 -11.924
55.046 -11.646
55.050 -12.149
55.106 -12.192
55.132 -11.997
55.221 -11.966
55.244 -11.839
55.268 -12.001
55.281 -12.228
55.283 -11.870
55.284 -12.034
55.305 -12.089
55.321 -11.977
55.331 -12.164
55.361 -11.738
55.468 -11.778
55.566 -11.873
55.592 -12.083
55.656 -11.949
55.702 -11.989
55.776 -11.867
55.778 -11.817
55.823 -11.747
55.854 -12.114
55.900 -12.003
55.942 -12.138
55.944 -11.970
55.962 -12.163
56.009 -11.942
56.026 -12.138
56.031 -11.836
56.045 -12.128
56.096 -11.938
56.129 -12.201
56.156 -11.777
56.258 -12.024
56.279 -11.747
56.399 -12.038
56.405 -11.713
56.482 -11.900
56.491 -12.140
56.510 -11.805
56.512 -11.471
56.518 -12.165
56.544 -11.842
56.599 -12.172
56.823 -11.820
56.836 -11.793
56.838 -11.954
56.940 -11.914
57.065 -12.110
57.088 -11.661
57.125 -11.460
57.133 -11.552
57.163 -11.940
57.179 -11.594
57.190 -11.955
57.191 -11.990
57.308 -11.724
57.450 -11.657
57.492 -11.877
57.537 -12.094
57.604 -11.845
57.638 -12.058
57.645 -11.568
57.749 -11.921
57.819 -11.911
57.867 -11.950
57.915 -12.013
57.948 -11.961
57.953 -11.704
57.961 -11.849
57.995 -12.056
58.035 -11.728
58.075 -12.022
58.102 -12.044
58.118 -11.903
58.134 -11.943
58.143 -12.096
58.143 -11.537
58.201 -12.033
58.211 -12.060
58.223 -11.660
58.240 -11.942
58.306 -11.933
58.318 -11.931
58.325 -11.796
58.374 -12.088
58.396 -11.820
58.420 -12.037
58.473 -11.572
58.495 -11.841
58.530 -11.762
58.720 -11.829
58.738 -11.741
58.773 -11.979
58.794 -12.017
58.802 -11.764
58.809 -12.009
58.825 -11.736
58.868 -11.994
58.957 -12.171
58.986 -11.938
58.992 -11.846
58.993 -12.172
59.001 -11.922
59.012 -12.137
59.036 -11.844
59.040 -12.008
59.041 -11.783
59.042 -12.174
59.071 -11.969
59.087 -12.238
59.170 -11.800
59.206 -11.965
59.213 -11.972
59.225 -11.987
59.234 -11.957
59.274 -11.923
59.282 -11.842
59.306 -11.797
59.309 -11.603
59.315 -11.818
59.415 -11.917
59.421 -12.095
59.513 -11.963
59.516 -12.143
59.521 -11.485
59.559 -11.967
59.561 -12.049
59.615 -11.970
59.635 -11.795
59.638 -12.043
59.647 -12.050
59.690 -11.914
59.730 -12.043
59.744 -11.865
59.758 -12.083
59.784 -11.617
59.837 -11.943
59.896 -12.028
59.909 -11.686
59.922 -11.864
59.949 -11.910
59.978 -11.767
60.018 -11.757
60.094 -12.147
60.140 -11.923
60.156 -12.080
60.184 -11.605
60.188 -11.837
60.252 -12.059
60.258 -11.652
60.310 -11.841
60.337 -11.819
60.391 -12.061
60.466 -11.976
60.514 -11.810
60.545 -12.011
60.598 -11.937
60.598 -12.028
60.603 -11.912
60.613 -12.054
60.679 -12.091
60.685 -12.003
60.890 -12.130
60.892 -11.681
60.906 -11.870
60.978 -11.731
61.057 -11.737
61.063 -12.049
61.076 -11.363
61.090 -11.616
61.095 -11.769
61.144 -12.041
61.172 -11.773
61.207 -12.166
61.217 -12.019
61.229 -11.935
61.240 -11.968
61.245 -11.813
61.247 -11.742
61.252 -11.947
61.268 -11.955
61.285 -11.746
61.400 -11.875
61.429 -11.754
61.435 -11.959
61.538 -11.804
61.548 -11.735
61.574 -11.970
61.606 -12.002
61.622 -12.075
61.798 -11.924
61.806 -12.024
61.817 -11.867
61.885 -11.887
61.908 -11.547
61.988 -11.970
62.076 -11.658
62.080 -11.971
62.118 -11.483
62.196 -12.105
62.250 -12.037
62.270 -12.055
62.323 -11.799
62.363 -11.961
62.382 -11.836
62.390 -11.990
62.412 -11.783
62.505 -11.940
62.518 -11.924
62.544 -11.922
62.572 -11.513
62.582 -11.726
62.601 -11.797
62.632 -11.786
62.698 -11.924
62.709 -11.850
62.715 -12.074
62.717 -11.865
62.718 -11.899
62.730 -11.497
62.734 -12.015
62.789 -12.089
62.824 -11.946
62.835 -11.763
62.900 -11.619
62.996 -11.789
63.006 -12.017
63.026 -12.019
63.058 -11.729
63.086 -11.886
63.092 -11.992
63.205 -11.672
63.236 -11.929
63.302 -11.893
63.307 -11.979
63.315 -11.654
63.318 -11.909
63.323 -11.995
63.330 -11.648
63.355 -11.990
63.418 -11.694
63.425 -12.159
63.430 -11.988
63.441 -12.078
63.502 -11.955
63.522 -12.021
63.652 -11.922
63.689 -11.876
63.733 -11.942
63.754 -11.973
63.782 -11.935
63.842 -11.812
63.867 -11.890
63.893 -11.796
64.016 -12.004
64.128 -11.823
64.167 -11.924
64.359 -11.962
64.396 -11.947
64.418 -11.815
64.457 -11.979
64.477 -11.901
64.504 -11.984
64.548 -12.017
64.595 -12.012
64.611 -11.999
64.667 -11.861
64.700 -11.769
64.723 -11.594
64.731 -11.816
64.739 -11.774
64.776 -11.952
64.826 -11.786
64.826 -12.009
64.856 -12.083
64.860 -12.023
64.900 -11.482
64.940 -12.033
65.002 -11.692
65.203 -11.982
65.225 -12.035
65.321 -11.529
65.333 -11.869
65.352 -11.953
65.376 -11.879
65.520 -12.057
65.527 -12.009
65.555 -12.040
65.581 -11.774
65.584 -11.751
65.743 -11.958
65.746 -12.099
65.768 -11.544
65.856 -11.836
65.856 -11.583
65.905 -12.043
65.976 -11.666
66.016 -11.854
66.072 -11.975
66.131 -11.856
66.177 -11.842
66.203 -11.956
66.337 -11.795
66.349 -12.012
66.398 -11.904
66.417 -11.915
66.418 -11.584
66.487 -11.810
66.556 -12.001
66.571 -11.986
66.658 -11.951
66.661 -11.729
66.746 -11.994
66.799 -11.967
66.830 -11.965
66.856 -11.917
66.982 -11.813
67.003 -11.798
67.008 -11.816
67.101 -12.061
67.141 -11.812
67.179 -11.967
67.227 -11.707
67.247 -12.019
67.306 -12.016
67.312 -11.882
67.421 -12.058
67.427 -11.698
67.442 -11.921
67.481 -11.773
67.517 -11.859
67.566 -11.978
67.581 -11.686
67.587 -11.944
67.609 -11.908
67.647 -11.766
67.653 -11.815
67.874 -11.477
67.875 -11.601
67.878 -11.883
67.880 -12.092
67.893 -11.908
67.911 -11.747
67.943 -11.973
67.961 -11.798
67.962 -11.629
67.966 -11.875
67.974 -11.908
68.028 -11.638
68.161 -11.662
68.226 -11.873
68.274 -12.031
68.277 -11.860
68.316 -11.637
68.470 -11.925
68.487 -12.127
68.490 -11.848
68.496 -12.079
68.562 -11.945
68.567 -11.768
68.634 -11.931
68.744 -11.788
68.747 -11.880
68.756 -11.981
68.776 -11.881
68.856 -11.799
68.966 -11.775
68.969 -11.976
69.008 -11.990
69.145 -11.880
69.149 -12.046
69.164 -11.759
69.171 -11.993
69.201 -11.833
69.203 -11.721
69.203 -11.769
69.301 -12.009
69.323 -11.863
69.398 -11.884
69.401 -11.698
69.417 -11.864
69.438 -11.910
69.488 -12.052
69.515 -11.730
69.582 -11.961
69.637 -11.784
69.713 -11.885
69.892 -11.712
70.011 -11.753
70.015 -11.917
70.032 -11.886
70.033 -11.866
70.076 -12.025
70.093 -12.072
70.102 -12.038
70.114 -11.379
70.192 -11.727
70.226 -11.799
70.244 -11.540
70.288 -11.890
70.359 -11.802
70.457 -11.818
70.489 -11.565
70.540 -11.838
70.663 -12.054
70.704 -11.499
70.716 -11.691
70.737 -11.804
70.861 -11.810
70.866 -11.987
70.980 -11.836
71.071 -11.991
71.215 -11.517
71.225 -11.922
71.419 -11.759
71.584 -11.930
71.595 -11.531
71.627 -11.867
71.669 -11.978
71.687 -12.037
71.699 -11.721
72.051 -11.861
72.116 -11.941
72.118 -11.657
72.149 -11.547
72.154 -11.680
72.239 -11.836
72.400 -11.896
72.443 -11.787
72.538 -11.512
72.543 -11.770
72.651 -12.010
72.653 -11.886
72.694 -11.882
72.709 -11.448
72.809 -11.970
72.854 -11.872
72.897 -11.801
72.898 -11.895
72.991 -11.902
73.033 -11.847
73.073 -12.007
73.101 -11.732
73.145 -11.615
73.207 -11.864
73.262 -11.809
73.395 -11.968
73.428 -11.367
73.435 -11.873
73.465 -12.006
73.619 -11.903
73.668 -12.011
73.797 -11.827
73.866 -11.626
73.884 -11.759
73.894 -11.709
74.047 -11.707
74.086 -11.976
74.112 -11.755
74.113 -11.595
74.201 -11.786
74.352 -11.628
74.502 -12.010
74.530 -11.970
74.534 -12.038
74.646 -11.815
74.647 -11.639
74.778 -11.935
74.890 -11.767
74.899 -11.914
74.905 -11.579
74.912 -11.673
75.004 -11.873
75.015 -11.788
75.159 -11.780
75.163 -12.049
75.228 -11.808
75.420 -11.769
75.490 -11.776
75.624 -11.946
75.761 -11.893
75.783 -12.006
75.793 -11.941
75.881 -12.003
75.886 -11.988
75.888 -11.484
75.911 -11.782
75.986 -11.612
76.035 -11.636
76.254 -11.767
76.281 -11.808
76.353 -11.829
76.660 -11.685
76.686 -11.707
76.738 -11.802
76.777 -11.827
76.935 -11.869
77.117 -11.780
77.150 -11.902
77.165 -11.882
77.197 -11.903
77.283 -11.934
77.427 -11.758
77.473 -11.772
77.526 -11.761
77.623 -11.882
77.642 -11.727
77.646 -11.425
77.706 -11.848
77.735 -11.908
77.938 -11.838
78.173 -11.797
78.507 -11.651
78.583 -11.530
78.845 -11.709
79.144 -11.863
79.172 -11.747
79.193 -11.818
79.267 -11.846
79.349 -11.712
79.477 -11.514
79.504 -11.565
79.513 -11.817
79.528 -11.578
79.571 -11.650
79.577 -11.699
79.773 -11.674
79.907 -11.552
79.965 -11.806
80.157 -11.832
80.170 -11.715
80.258 -11.706
80.362 -11.645
80.392 -11.763
80.417 -11.637
80.418 -11.807
80.971 -11.727
81.032 -11.879
81.147 -11.729
81.202 -11.863
81.266 -11.690
82.298 -11.726
82.474 -11.592
82.514 -11.983
82.819 -11.834
82.831 -11.521
82.898 -11.854
82.945 -11.867
83.518 -11.881
83.747 -11.847
83.972 -12.003
84.078 -11.717
84.083 -11.474
84.238 -11.478
84.444 -11.722
84.940 -11.866
85.013 -11.465
85.157 -11.442
85.259 -11.905
85.380 -11.870
85.486 -11.681
86.020 -11.599
86.281 -11.602
86.316 -11.741
86.666 -11.722
86.785 -11.498
86.914 -11.816
87.146 -11.843
87.704 -11.950
87.991 -11.629
88.104 -11.824
88.713 -11.581
88.840 -11.784
89.279 -11.912
89.758 -11.737
89.934 -11.650
90.201 -11.595
90.451 -11.935
91.164 -11.827
91.242 -11.554
91.284 -11.765
91.290 -11.664
91.855 -11.836
92.270 -11.627
92.426 -11.746
93.062 -11.759
93.429 -11.722
93.872 -11.809
94.098 -11.564
94.625 -11.673
94.909 -11.871
95.192 -11.743
95.237 -11.714
95.308 -11.570
95.314 -11.774
95.494 -11.813
95.640 -11.499
96.929 -11.835
97.550 -11.766
98.033 -11.821
98.054 -11.695
98.070 -11.748
98.248 -11.845
99.057 -11.560
99.164 -11.487
99.667 -11.660
99.763 -11.668
100.980 -11.480
101.300 -11.525
102.254 -11.749
102.378 -11.721
104.321 -11.255
104.667 -11.656
104.929 -11.503
105.008 -11.782
105.150 -11.356
106.170 -11.463
107.074 -11.615
107.227 -11.639
107.807 -11.370
107.957 -11.537
107.968 -11.754
108.220 -11.721
109.069 -11.492
111.162 -11.481
111.252 -11.542
111.692 -11.415
113.114 -11.711
113.553 -11.756
113.739 -11.791
114.356 -11.494
115.527 -11.545
115.916 -11.613
118.689 -11.733
120.066 -11.574
120.989 -11.410
121.665 -11.486
122.404 -11.202
124.240 -11.645
127.789 -11.579
129.076 -11.506
129.447 -11.681
129.993 -11.412
130.293 -11.697
132.859 -11.563
133.182 -11.635
133.586 -11.626
137.046 -11.496
138.958 -11.446
141.470 -11.390
142.674 -11.557
152.396 -11.441
157.421 -11.388
157.435 -11.397
164.872 -10.963
165.846 -11.459
192.199 -11.356
199.327 -11.463
211.942 -11.376
216.383 -11.270
218.788 -11.343
220.200 -11.334
222.502 -11.305
233.217 -11.277
236.762 -11.312
278.844 -11.186
279.637 -10.922
286.953 -11.363
295.239 -11.096
311.360 -11.278
312.670 -11.097
406.362 -10.788
479.901 -10.836
521.590 -11.061
945.150 -10.877
1118.372 -10.835
