# Ep lEiso
93.226 -8.181
94.854 -8.193
99.554 -8.093
101.301 -8.084
101.920 -8.108
102.926 -8.135
103.552 -8.037
104.104 -8.009
104.952 -8.104
104.985 -8.121
105.518 -8.075
106.140 -8.093
106.369 -8.030
106.843 -8.057
107.303 -8.026
107.493 -8.009
108.319 -8.060
108.449 -8.025
108.766 -8.011
108.846 -8.088
109.006 -8.049
109.033 -8.065
109.136 -7.979
109.307 -8.030
109.450 -8.045
109.664 -8.081
109.673 -8.071
109.809 -8.054
109.923 -8.043
110.008 -8.067
110.805 -8.046
110.842 -8.014
110.905 -8.068
111.148 -7.952
111.440 -8.010
111.470 -8.048
111.826 -7.948
111.990 -7.985
112.006 -8.101
112.230 -7.962
112.330 -8.058
112.410 -8.042
112.554 -7.994
112.580 -8.004
112.619 -8.048
112.717 -8.074
112.948 -8.038
113.308 -7.969
113.337 -8.009
113.359 -8.063
113.391 -8.014
113.451 -7.985
113.601 -8.051
113.661 -8.053
113.843 -7.989
113.868 -8.059
113.947 -8.069
114.456 -7.956
114.564 -8.053
114.880 -8.031
114.881 -8.025
115.043 -8.082
115.168 -8.074
115.378 -8.042
115.391 -7.985
115.547 -8.058
115.640 -7.989
115.944 -7.895
115.974 -7.962
116.080 -7.992
116.238 -8.031
116.240 -8.038
116.278 -7.992
116.348 -8.032
116.470 -7.980
116.551 -8.023
116.600 -8.029
116.810 -8.029
116.964 -8.010
116.971 -8.003
117.069 -8.048
117.102 -8.023
117.146 -8.033
117.231 -8.010
117.334 -8.017
117.379 -8.023
117.420 -8.035
117.644 -7.993
117.672 -8.030
117.712 -8.028
117.753 -8.020
117.851 -7.966
117.859 -7.981
117.871 -7.950
118.023 -7.951
118.061 -8.003
118.168 -7.962
118.404 -7.949
118.484 -8.029
118.488 -8.007
118.566 -8.034
118.574 -8.061
118.583 -8.018
118.596 -8.023
118.625 -7.974
118.669 -7.963
118.680 -8.018
118.782 -7.990
118.887 -7.998
118.921 -8.023
118.976 -8.021
118.981 -8.002
119.041 -8.013
119.118 -8.029
119.127 -8.006
119.177 -7.997
119.236 -7.953
119.720 -8.041
119.727 -7.929
119.788 -7.984
119.866 -8.037
119.886 -7.991
119.903 -7.996
119.976 -7.999
120.016 -7.972
120.038 -7.965
120.244 -7.996
120.266 -7.987
120.323 -7.961
120.410 -8.018
120.453 -8.018
120.561 -8.045
120.606 -8.006
120.689 -7.997
120.701 -8.013
120.876 -8.012
120.899 -8.013
121.068 -7.999
121.078 -8.033
121.179 -7.930
121.249 -7.961
121.267 -7.991
121.283 -7.972
121.439 -7.973
121.458 -7.958
121.481 -8.024
121.662 -8.003
121.684 -7.996
121.947 -8.006
121.959 -7.977
121.961 -7.902
122.215 -7.988
122.266 -7.993
122.352 -8.026
122.447 -8.002
122.594 -8.000
122.644 -7.999
122.656 -7.933
122.817 -8.006
122.864 -7.993
122.894 -7.996
122.970 -7.991
122.976 -7.929
123.038 -7.985
123.070 -7.983
123.209 -7.995
123.310 -7.975
123.605 -7.973
123.635 -7.959
123.693 -7.961
123.729 -7.980
123.805 -7.997
123.809 -8.012
123.984 -8.025
124.030 -7.897
124.052 -7.975
124.111 -7.935
124.118 -7.879
124.175 -7.954
124.202 -7.919
124.264 -7.973
124.385 -7.907
124.408 -7.946
124.443 -7.998
124.448 -7.959
124.631 -7.993
124.763 -7.951
124.817 -7.966
124.834 -7.905
124.934 -7.998
124.975 -7.962
125.016 -7.975
125.018 -7.980
125.069 -7.973
125.230 -7.946
125.320 -7.880
125.408 -7.941
125.456 -7.999
125.488 -7.955
125.512 -7.961
125.531 -7.942
125.562 -7.923
125.730 -7.956
125.778 -7.928
125.876 -7.896
125.899 -7.968
125.909 -7.942
125.960 -7.970
126.018 -7.992
126.057 -7.942
126.123 -7.962
126.145 -7.857
126.184 -7.950
126.364 -7.976
126.482 -7.996
126.510 -7.992
126.515 -7.964
126.547 -7.875
126.607 -7.884
126.631 -7.942
126.771 -7.929
127.219 -8.002
127.233 -7.935
127.257 -7.996
127.261 -7.959
127.396 -7.948
127.452 -7.866
127.490 -7.971
127.491 -7.995
127.527 -7.942
127.733 -7.964
127.744 -8.008
127.778 -7.932
128.047 -7.914
128.168 -7.884
128.255 -7.930
128.494 -7.950
128.655 -7.909
128.673 -7.951
128.820 -7.962
128.840 -7.973
128.955 -7.857
128.969 -7.918
129.034 -7.981
129.056 -7.996
129.058 -7.959
129.175 -7.951
129.261 -7.950
129.507 -7.948
129.511 -7.884
129.620 -7.910
129.701 -7.973
129.708 -8.019
129.905 -7.886
129.906 -7.947
129.908 -7.929
129.948 -7.947
129.966 -7.915
130.042 -7.970
130.103 -7.942
130.126 -7.957
130.131 -7.974
130.183 -7.953
130.430 -7.952
130.762 -7.896
130.765 -7.922
130.821 -7.980
131.011 -7.964
131.050 -7.889
131.073 -7.879
131.096 -7.951
131.177 -7.939
131.259 -7.961
131.267 -7.944
131.280 -7.891
131.301 -7.863
131.440 -7.962
131.505 -7.893
131.593 -7.893
131.614 -7.975
131.619 -7.880
131.640 -7.976
131.677 -7.916
131.741 -7.953
131.816 -7.955
131.855 -7.898
131.923 -7.941
131.946 -7.950
132.144 -7.946
132.149 -7.944
132.237 -7.964
132.239 -7.964
132.441 -7.901
132.677 -7.911
132.746 -7.844
132.867 -7.876
133.058 -7.962
133.124 -7.854
133.429 -7.927
133.556 -7.955
133.582 -7.949
133.592 -7.901
133.676 -7.920
133.761 -7.855
133.781 -7.941
133.868 -7.882
133.899 -7.968
134.052 -7.900
134.059 -7.959
134.065 -7.930
134.171 -7.950
134.232 -7.854
134.259 -7.870
134.310 -7.947
134.379 -7.963
134.454 -7.952
134.509 -7.937
134.610 -7.952
134.614 -7.867
134.626 -7.911
134.999 -7.926
135.068 -7.909
135.319 -7.828
135.326 -7.874
135.427 -7.986
135.475 -7.930
135.636 -7.921
135.677 -7.885
135.722 -7.931
135.744 -7.895
135.748 -7.894
135.751 -7.941
135.788 -7.897
135.818 -7.924
135.835 -7.857
135.891 -7.924
136.085 -7.877
136.265 -7.902
136.312 -7.947
136.429 -7.916
136.513 -7.923
136.649 -7.899
136.651 -7.889
136.735 -7.876
136.792 -7.950
136.875 -7.928
136.953 -7.954
136.956 -7.920
136.990 -7.958
137.076 -7.913
137.107 -7.952
137.117 -7.891
137.142 -7.949
137.237 -7.909
137.298 -7.944
137.348 -7.877
137.535 -7.926
137.575 -7.871
137.797 -7.929
137.808 -7.864
137.952 -7.902
137.968 -7.950
138.003 -7.882
138.007 -7.816
138.019 -7.955
138.067 -7.890
138.169 -7.903
138.586 -7.925
138.612 -7.876
138.614 -7.908
138.805 -7.898
139.040 -7.937
139.083 -7.847
139.153 -7.807
139.167 -7.826
139.225 -7.903
139.255 -7.834
139.274 -7.906
139.278 -7.913
139.497 -7.929
139.766 -7.844
139.844 -7.888
139.928 -7.930
140.056 -7.879
140.119 -7.922
140.134 -7.823
140.348 -7.893
140.500 -7.891
140.605 -7.899
140.709 -7.912
140.781 -7.901
140.793 -7.850
140.810 -7.879
140.884 -7.920
140.970 -7.855
141.059 -7.914
141.115 -7.918
141.150 -7.889
141.187 -7.897
141.206 -7.928
141.207 -7.816
141.334 -7.914
141.355 -7.920
141.382 -7.839
141.419 -7.896
141.564 -7.893
141.591 -7.892
141.605 -7.865
141.714 -7.923
141.761 -7.869
141.814 -7.912
141.931 -7.819
141.978 -7.872
142.057 -7.874
142.475 -7.867
142.517 -7.849
142.594 -7.896
142.640 -7.904
142.657 -7.853
142.674 -7.902
142.709 -7.847
142.804 -7.898
143.000 -7.933
143.064 -7.886
143.078 -7.867
143.082 -7.910
143.098 -7.904
143.123 -7.925
143.175 -7.866
143.185 -7.899
143.187 -7.854
143.188 -7.932
143.254 -7.891
143.288 -7.915
143.473 -7.857
143.555 -7.890
143.571 -7.892
143.597 -7.895
143.618 -7.889
143.708 -7.883
143.725 -7.867
143.780 -7.859
143.787 -7.820
143.799 -7.863
144.025 -7.885
144.037 -7.907
144.243 -7.894
144.251 -7.930
144.260 -7.798
144.346 -7.895
144.350 -7.905
144.471 -7.895
144.515 -7.860
144.522 -7.910
144.542 -7.912
144.637 -7.884
144.728 -7.910
144.758 -7.874
144.792 -7.896
144.849 -7.824
144.970 -7.889
145.104 -7.906
145.135 -7.837
145.164 -7.873
145.226 -7.881
145.291 -7.853
145.382 -7.850
145.554 -7.903
145.658 -7.882
145.693 -7.914
145.757 -7.818
145.766 -7.865
145.909 -7.909
145.923 -7.827
146.040 -7.865
146.101 -7.860
146.221 -7.908
146.393 -7.890
146.503 -7.856
146.575 -7.896
146.696 -7.880
146.696 -7.898
146.709 -7.875
146.730 -7.903
146.882 -7.910
146.897 -7.892
147.367 -7.914
147.371 -7.824
147.403 -7.862
147.567 -7.833
147.746 -7.833
147.761 -7.895
147.790 -7.758
147.819 -7.808
147.831 -7.891
147.942 -7.892
148.006 -7.838
148.085 -7.916
148.108 -7.887
148.135 -7.895
148.160 -7.876
148.170 -7.845
148.176 -7.831
148.188 -7.872
148.225 -7.874
148.266 -7.832
148.537 -7.867
148.605 -7.832
148.619 -7.873
148.858 -7.841
148.880 -7.828
148.941 -7.874
149.016 -7.881
149.052 -7.895
149.458 -7.864
149.475 -7.884
149.501 -7.852
149.657 -7.856
149.710 -7.788
149.895 -7.872
150.098 -7.809
150.108 -7.871
150.194 -7.773
150.373 -7.806
150.502 -7.883
150.548 -7.887
150.674 -7.835
150.767 -7.867
150.811 -7.842
150.832 -7.872
150.884 -7.831
151.104 -7.861
151.135 -7.858
151.195 -7.857
151.262 -7.775
151.285 -7.818
151.331 -7.832
151.404 -7.830
151.560 -7.856
151.585 -7.842
151.599 -7.886
151.605 -7.845
151.606 -7.851
151.635 -7.771
151.646 -7.874
151.774 -7.889
151.856 -7.860
151.881 -7.823
152.030 -7.794
152.249 -7.828
152.271 -7.874
152.317 -7.874
152.390 -7.784
152.456 -7.847
152.468 -7.868
152.727 -7.804
152.800 -7.855
152.960 -7.848
152.973 -7.865
152.992 -7.801
152.999 -7.851
153.011 -7.869
153.030 -7.799
153.090 -7.868
153.243 -7.809
153.260 -7.842
153.273 -7.867
153.300 -7.885
153.449 -7.861
153.496 -7.874
153.813 -7.854
153.898 -7.845
154.001 -7.858
154.050 -7.864
154.115 -7.856
154.255 -7.831
154.314 -7.847
154.375 -7.828
154.661 -7.869
154.922 -7.838
155.014 -7.852
155.463 -7.859
155.550 -7.856
155.601 -7.829
155.696 -7.862
155.747 -7.846
155.814 -7.862
155.926 -7.868
156.043 -7.867
156.082 -7.864
156.216 -7.836
156.296 -7.817
156.350 -7.782
156.369 -7.826
156.389 -7.818
156.477 -7.853
156.595 -7.820
156.596 -7.778
156.667 -7.839
156.678 -7.867
156.772 -7.758
156.870 -7.816
157.017 -7.799
157.498 -7.855
157.552 -7.809
157.782 -7.764
157.809 -7.832
157.854 -7.848
157.912 -7.833
158.255 -7.868
158.274 -7.858
158.341 -7.864
158.403 -7.810
158.410 -7.806
158.784 -7.846
158.792 -7.874
158.840 -7.763
159.040 -7.821
159.041 -7.770
159.160 -7.862
159.336 -7.787
159.434 -7.824
159.571 -7.848
159.717 -7.824
159.831 -7.821
159.894 -7.844
160.222 -7.811
160.254 -7.833
160.374 -7.833
160.420 -7.835
160.422 -7.768
160.593 -7.813
160.763 -7.851
160.801 -7.848
161.012 -7.841
161.021 -7.796
161.230 -7.845
161.359 -7.843
161.436 -7.843
161.500 -7.833
161.811 -7.812
161.861 -7.809
161.875 -7.813
162.085 -7.861
162.175 -7.811
162.261 -7.841
162.370 -7.789
162.414 -7.851
162.548 -7.850
162.561 -7.823
162.808 -7.858
162.822 -7.815
162.857 -7.830
162.943 -7.800
163.035 -7.818
163.158 -7.841
163.196 -7.782
163.211 -7.834
163.267 -7.827
163.365 -7.798
163.380 -7.808
163.943 -7.738
163.944 -7.763
163.951 -7.820
163.958 -7.862
163.990 -7.825
164.036 -7.792
164.116 -7.837
164.163 -7.802
164.165 -7.768
164.174 -7.818
164.195 -7.824
164.333 -7.770
164.670 -7.773
164.835 -7.815
164.958 -7.847
164.966 -7.812
165.064 -7.768
165.455 -7.824
165.499 -7.810
165.508 -7.809
165.522 -7.855
165.682 -7.828
165.693 -7.792
165.847 -7.825
166.097 -7.795
166.104 -7.814
166.125 -7.834
166.171 -7.814
166.354 -7.797
166.605 -7.792
166.612 -7.832
166.702 -7.835
167.013 -7.813
167.023 -7.834
167.058 -7.788
167.073 -7.835
167.142 -7.803
167.145 -7.781
167.146 -7.790
167.371 -7.825
167.422 -7.809
167.594 -7.813
167.602 -7.775
167.644 -7.808
167.698 -7.817
167.831 -7.845
167.903 -7.781
168.079 -7.826
168.224 -7.790
168.425 -7.810
168.896 -7.774
169.211 -7.781
169.222 -7.813
169.267 -7.807
169.270 -7.803
169.381 -7.834
169.426 -7.817
169.450 -7.837
169.483 -7.705
169.688 -7.774
169.779 -7.788
169.826 -7.736
169.941 -7.805
170.113 -7.787
170.340 -7.789
170.414 -7.738
170.531 -7.792
170.815 -7.801
170.910 -7.723
170.939 -7.716
170.987 -7.783
171.275 -7.783
171.286 -7.819
171.549 -7.787
171.759 -7.817
172.092 -7.721
172.117 -7.802
172.563 -7.767
172.945 -7.800
172.971 -7.720
173.047 -7.787
173.162 -7.809
173.210 -7.820
173.243 -7.757
174.208 -7.787
174.384 -7.798
174.391 -7.741
174.475 -7.719
174.489 -7.746
174.723 -7.776
175.163 -7.787
175.267 -7.765
175.487 -7.798
175.499 -7.761
175.752 -7.809
175.755 -7.784
175.850 -7.783
175.886 -7.696
176.120 -7.800
176.224 -7.780
176.326 -7.765
176.326 -7.784
176.543 -7.785
176.642 -7.784
176.735 -7.791
176.800 -7.751
176.904 -7.793
177.048 -7.776
177.177 -7.765
177.486 -7.777
177.564 -7.676
177.579 -7.777
177.650 -7.803
178.010 -7.782
178.124 -7.803
178.424 -7.766
178.585 -7.725
178.626 -7.752
178.650 -7.742
179.007 -7.766
179.098 -7.794
179.159 -7.750
179.161 -7.718
179.365 -7.755
179.765 -7.723
180.193 -7.798
180.274 -7.789
180.286 -7.803
180.604 -7.758
180.607 -7.722
180.980 -7.781
181.294 -7.780
181.316 -7.775
181.330 -7.708
181.348 -7.727
181.563 -7.767
181.589 -7.750
181.928 -7.748
181.937 -7.802
182.090 -7.753
182.540 -7.745
182.706 -7.765
183.020 -7.780
183.341 -7.768
183.393 -7.791
183.416 -7.778
183.624 -7.790
183.635 -7.787
183.640 -7.686
183.695 -7.746
183.871 -7.711
183.985 -7.716
184.499 -7.742
184.563 -7.750
184.732 -7.754
185.455 -7.724
185.515 -7.728
185.638 -7.747
185.729 -7.752
186.100 -7.760
186.527 -7.741
186.604 -7.766
186.640 -7.762
186.716 -7.766
186.918 -7.772
187.272 -7.736
187.407 -7.739
187.566 -7.736
187.854 -7.760
187.910 -7.729
187.923 -7.668
188.101 -7.753
188.187 -7.764
188.712 -7.749
189.265 -7.740
190.053 -7.708
190.232 -7.683
190.851 -7.718
191.555 -7.747
191.621 -7.723
191.669 -7.737
191.844 -7.742
192.038 -7.726
192.340 -7.675
192.404 -7.685
192.425 -7.735
192.460 -7.687
192.561 -7.672
192.575 -7.711
193.038 -7.705
193.353 -7.679
193.490 -7.730
193.942 -7.734
193.973 -7.710
194.182 -7.708
194.426 -7.695
194.496 -7.719
194.554 -7.751
194.557 -7.727
195.861 -7.708
196.004 -7.738
196.276 -7.729
196.405 -7.734
196.602 -7.698
199.071 -7.729
199.486 -7.670
199.581 -7.748
200.300 -7.716
200.329 -7.654
200.488 -7.720
200.598 -7.722
201.950 -7.721
202.492 -7.713
203.023 -7.739
203.274 -7.703
203.285 -7.636
203.651 -7.636
204.138 -7.683
205.307 -7.709
205.479 -7.628
205.821 -7.623
206.060 -7.715
206.348 -7.707
206.598 -7.696
207.539 -7.651
208.153 -7.652
208.237 -7.679
209.064 -7.675
209.344 -7.630
209.647 -7.693
210.195 -7.698
211.514 -7.719
212.191 -7.711
212.458 -7.693
213.896 -7.644
214.196 -7.684
215.232 -7.709
216.363 -7.673
216.779 -7.628
217.408 -7.686
217.998 -7.712
219.264 -7.688
219.394 -7.633
219.464 -7.675
219.473 -7.655
220.410 -7.688
221.146 -7.645
221.514 -7.668
223.013 -7.668
223.876 -7.660
224.920 -7.675
225.452 -7.625
226.694 -7.645
227.363 -7.615
228.030 -7.657
228.136 -7.651
228.305 -7.622
228.318 -7.663
228.743 -7.646
229.087 -7.607
231.978 -7.616
232.967 -7.654
233.736 -7.570
233.770 -7.639
233.795 -7.649
234.078 -7.669
235.367 -7.609
235.538 -7.641
236.339 -7.628
236.492 -7.630
238.898 -7.588
239.657 -7.596
241.921 -7.637
242.214 -7.631
246.813 -7.530
247.350 -7.610
247.756 -7.579
247.878 -7.635
248.099 -7.549
249.678 -7.569
251.079 -7.598
251.317 -7.602
252.216 -7.547
252.447 -7.581
252.464 -7.624
252.856 -7.617
254.170 -7.570
257.414 -7.564
257.553 -7.576
258.439 -7.550
261.826 -7.589
262.872 -7.556
263.286 -7.618
264.223 -7.558
265.999 -7.566
266.589 -7.579
270.796 -7.569
272.886 -7.564
274.286 -7.552
275.311 -7.543
276.434 -7.485
279.219 -7.571
283.302 -7.553
285.235 -7.537
285.799 -7.529
286.629 -7.516
287.086 -7.573
290.986 -7.541
291.477 -7.555
292.091 -7.553
297.350 -7.521
300.257 -7.520
303.514 -7.493
304.651 -7.525
313.833 -7.493
320.598 -7.474
320.621 -7.500
329.406 -7.380
330.364 -7.478
353.763 -7.439
358.984 -7.457
372.769 -7.430
377.622 -7.320
380.250 -7.419
381.503 -7.416
383.088 -7.409
390.465 -7.397
392.906 -7.329
425.406 -7.352
426.060 -7.299
432.085 -7.383
438.910 -7.324
452.187 -7.352
453.266 -7.315
527.845 -7.204
575.348 -7.185
614.703 -7.126
945.101 -7.035
1139.146 -6.987
