# Ep lEiso
1.001 -6.660
1.003 -7.181
1.012 -5.636
1.018 -5.833
1.021 -6.478
1.027 -7.161
1.031 -5.422
1.035 -5.051
1.040 -6.809
1.041 -7.087
1.045 -6.404
1.051 -6.736
1.054 -5.745
1.059 -6.223
1.064 -6.926
1.066 -5.493
1.075 -6.394
1.077 -5.829
1.080 -5.630
1.081 -6.888
1.083 -6.280
1.084 -6.548
1.085 -5.152
1.088 -6.015
1.090 -6.289
1.094 -6.926
1.094 -6.759
1.096 -6.494
1.098 -6.327
1.099 -6.740
1.111 -7.879
1.112 -7.998
1.113 -6.918
1.117 -7.223
1.121 -7.242
1.122 -8.148
1.127 -5.034
1.130 -5.675
1.130 -7.671
1.135 -5.313
1.137 -6.975
1.138 -6.714
1.141 -7.743
1.141 -7.855
1.142 -6.836
1.144 -7.299
1.149 -7.284
1.156 -5.538
1.156 -6.238
1.157 -7.506
1.157 -6.329
1.159 -8.280
1.161 -7.016
1.163 -7.053
1.166 -5.951
1.167 -7.183
1.168 -7.365
1.178 -5.433
1.180 -7.164
1.187 -6.820
1.187 -7.231
1.191 -7.773
1.194 -7.659
1.199 -7.107
1.199 -6.092
1.203 -7.442
1.205 -6.198
1.212 -4.547
1.213 -5.776
1.215 -6.342
1.219 -7.755
1.219 -7.779
1.220 -6.365
1.221 -7.286
1.224 -8.223
1.227 -7.000
1.228 -7.111
1.234 -7.175
1.238 -6.856
1.238 -6.735
1.241 -7.594
1.242 -7.143
1.243 -7.497
1.246 -6.910
1.249 -7.071
1.251 -7.192
1.252 -7.425
1.259 -6.673
1.260 -7.380
1.261 -7.355
1.263 -7.203
1.266 -6.192
1.266 -6.484
1.266 -5.888
1.271 -5.934
1.272 -6.931
1.276 -6.161
1.283 -5.949
1.286 -7.515
1.286 -7.094
1.288 -7.627
1.289 -8.153
1.289 -8.612
1.289 -7.412
1.290 -6.465
1.292 -6.258
1.292 -7.333
1.295 -6.811
1.298 -6.988
1.299 -8.549
1.301 -7.437
1.301 -6.735
1.303 -7.304
1.306 -7.638
1.306 -7.180
1.308 -7.005
1.309 -6.151
1.326 -8.045
1.326 -5.791
1.328 -6.923
1.331 -7.999
1.331 -7.086
1.332 -7.194
1.335 -7.279
1.336 -6.738
1.337 -6.618
1.344 -7.491
1.344 -7.130
1.346 -6.612
1.349 -7.802
1.351 -7.809
1.355 -8.410
1.356 -7.634
1.359 -7.458
1.359 -6.793
1.365 -7.833
1.366 -5.947
1.372 -7.638
1.372 -8.334
1.376 -6.239
1.378 -6.905
1.379 -6.250
1.379 -7.138
1.385 -7.183
1.386 -6.873
1.387 -8.244
1.393 -7.285
1.394 -7.691
1.404 -7.937
1.404 -7.326
1.404 -5.740
1.413 -7.606
1.415 -6.741
1.418 -8.434
1.422 -6.917
1.427 -7.908
1.429 -7.879
1.429 -6.463
1.435 -7.869
1.437 -6.674
1.438 -7.847
1.441 -7.764
1.441 -6.412
1.443 -7.625
1.444 -7.611
1.450 -7.903
1.453 -7.510
1.465 -7.533
1.467 -7.227
1.469 -7.285
1.471 -7.686
1.474 -8.088
1.475 -7.074
1.482 -7.740
1.484 -5.919
1.485 -7.629
1.488 -6.766
1.488 -5.535
1.491 -7.191
1.492 -6.418
1.495 -7.599
1.500 -6.164
1.501 -7.033
1.503 -8.183
1.503 -7.331
1.511 -8.095
1.518 -7.176
1.520 -7.492
1.521 -6.155
1.525 -6.850
1.527 -7.424
1.529 -6.929
1.529 -7.820
1.532 -7.671
1.539 -7.081
1.543 -6.350
1.547 -6.970
1.549 -8.260
1.551 -7.288
1.552 -7.422
1.553 -7.001
1.554 -6.586
1.562 -7.330
1.564 -6.719
1.569 -6.013
1.570 -7.585
1.570 -7.029
1.573 -7.636
1.575 -8.124
1.577 -7.021
1.580 -6.435
1.581 -5.175
1.583 -7.203
1.592 -7.790
1.597 -8.957
1.599 -8.161
1.599 -7.193
1.600 -5.584
1.603 -5.790
1.604 -7.062
1.611 -6.789
1.632 -8.396
1.633 -6.932
1.634 -8.264
1.634 -7.464
1.641 -7.207
1.643 -5.413
1.645 -7.700
1.645 -8.238
1.647 -7.070
1.657 -7.544
1.657 -8.516
1.659 -6.828
1.672 -8.411
1.677 -7.755
1.682 -6.765
1.693 -7.234
1.701 -6.351
1.702 -7.282
1.709 -7.535
1.710 -7.776
1.717 -7.601
1.717 -6.608
1.721 -7.984
1.722 -8.585
1.722 -7.517
1.729 -7.365
1.734 -7.356
1.748 -8.549
1.748 -8.556
1.754 -6.576
1.758 -7.917
1.759 -8.909
1.770 -8.344
1.770 -7.405
1.770 -7.032
1.772 -8.420
1.773 -6.747
1.778 -7.914
1.781 -7.319
1.782 -7.632
1.783 -7.990
1.786 -7.553
1.800 -8.324
1.818 -6.417
1.818 -6.958
1.822 -8.150
1.832 -7.867
1.834 -6.354
1.836 -7.432
1.837 -7.614
1.842 -8.327
1.846 -8.339
1.847 -8.077
1.848 -6.460
1.849 -5.898
1.857 -7.893
1.860 -6.505
1.865 -8.569
1.866 -8.154
1.867 -8.175
1.868 -8.164
1.870 -6.974
1.874 -7.716
1.878 -8.520
1.880 -6.630
1.884 -6.849
1.885 -7.165
1.896 -8.557
1.897 -7.628
1.902 -8.031
1.902 -8.709
1.913 -6.844
1.927 -7.053
1.931 -5.770
1.937 -9.057
1.948 -8.030
1.952 -8.022
1.971 -8.374
1.979 -8.488
1.981 -8.451
1.981 -6.963
1.987 -7.360
1.992 -6.777
1.993 -8.808
1.999 -6.710
2.001 -9.154
2.011 -8.718
2.011 -8.143
2.012 -8.856
2.018 -7.946
2.022 -8.366
2.024 -7.788
2.027 -7.926
2.032 -8.265
2.036 -8.099
2.040 -8.878
2.046 -8.113
2.047 -6.581
2.047 -7.367
2.071 -7.627
2.076 -7.410
2.095 -7.669
2.095 -8.625
2.103 -8.846
2.106 -7.847
2.118 -7.706
2.121 -7.071
2.124 -7.892
2.126 -9.030
2.126 -7.234
2.126 -8.058
2.129 -7.298
2.131 -7.779
2.132 -8.708
2.136 -7.779
2.150 -6.976
2.163 -7.448
2.167 -8.241
2.175 -7.767
2.181 -7.911
2.191 -7.503
2.191 -7.332
2.197 -7.099
2.202 -8.365
2.208 -7.990
2.214 -8.756
2.214 -7.883
2.217 -8.544
2.224 -7.617
2.226 -8.467
2.227 -7.438
2.229 -8.434
2.236 -8.776
2.241 -8.690
2.245 -7.257
2.260 -8.103
2.263 -7.177
2.281 -8.638
2.282 -7.086
2.293 -7.721
2.294 -8.517
2.297 -7.408
2.297 -8.476
2.298 -8.604
2.302 -7.538
2.310 -8.632
2.343 -8.573
2.345 -9.033
2.345 -7.718
2.360 -8.486
2.378 -8.870
2.382 -7.035
2.387 -8.580
2.388 -6.695
2.393 -8.502
2.395 -8.645
2.396 -8.806
2.397 -8.104
2.414 -9.224
2.435 -8.552
2.441 -7.785
2.447 -9.360
2.457 -7.699
2.462 -8.369
2.464 -8.684
2.481 -7.960
2.494 -7.941
2.503 -8.069
2.511 -8.269
2.517 -9.187
2.518 -7.336
2.519 -9.251
2.525 -8.413
2.533 -7.425
2.540 -8.322
2.544 -8.391
2.547 -7.968
2.550 -8.092
2.552 -8.552
2.552 -8.656
2.562 -8.372
2.564 -8.455
2.566 -8.585
2.569 -8.105
2.581 -8.090
2.583 -8.734
2.584 -9.520
2.593 -8.560
2.597 -7.772
2.601 -8.413
2.611 -8.729
2.614 -7.851
2.621 -9.201
2.654 -7.856
2.658 -7.606
2.664 -8.296
2.667 -8.409
2.669 -7.686
2.670 -8.389
2.673 -7.609
2.680 -8.353
2.696 -8.867
2.702 -9.078
2.703 -7.955
2.703 -9.237
2.705 -9.200
2.707 -8.779
2.711 -7.960
2.712 -8.419
2.712 -7.787
2.712 -8.887
2.718 -8.316
2.721 -9.072
2.736 -7.867
2.743 -8.341
2.744 -8.364
2.746 -8.409
2.748 -9.289
2.755 -8.918
2.757 -8.037
2.761 -7.923
2.762 -8.867
2.763 -9.152
2.781 -9.251
2.782 -8.785
2.799 -8.442
2.800 -8.927
2.801 -8.560
2.808 -8.462
2.808 -9.306
2.818 -8.478
2.822 -8.018
2.822 -9.348
2.824 -8.834
2.832 -8.344
2.839 -8.690
2.842 -8.223
2.844 -8.799
2.849 -7.583
2.858 -8.444
2.869 -8.673
2.872 -7.793
2.874 -8.253
2.879 -8.376
2.884 -8.015
2.892 -7.997
2.905 -9.004
2.914 -9.023
2.916 -9.620
2.922 -7.651
2.922 -8.235
2.934 -8.801
2.936 -9.154
2.945 -8.273
2.950 -8.224
2.961 -9.170
2.975 -8.633
2.984 -8.244
2.990 -8.321
2.999 -8.565
2.999 -8.781
3.000 -8.506
3.002 -8.844
3.014 -9.550
3.016 -9.029
3.054 -9.056
3.054 -8.037
3.057 -8.468
3.070 -8.173
3.084 -9.374
3.086 -8.898
3.088 -7.384
3.090 -7.947
3.091 -8.284
3.100 -8.890
3.105 -9.381
3.112 -9.169
3.114 -8.853
3.116 -9.218
3.118 -9.173
3.119 -8.414
3.119 -8.263
3.120 -8.704
3.123 -8.724
3.126 -8.280
3.148 -9.242
3.153 -8.321
3.154 -8.753
3.174 -9.760
3.176 -8.295
3.181 -8.640
3.187 -8.861
3.190 -9.015
3.222 -8.716
3.224 -8.923
3.226 -8.600
3.239 -8.648
3.243 -9.106
3.258 -9.097
3.274 -8.201
3.275 -9.644
3.282 -9.204
3.296 -9.121
3.306 -8.987
3.310 -9.026
3.319 -8.516
3.327 -8.844
3.330 -9.421
3.332 -8.905
3.336 -8.491
3.353 -8.816
3.356 -8.786
3.360 -8.784
3.366 -9.354
3.368 -9.414
3.371 -9.656
3.377 -8.524
3.390 -8.803
3.392 -8.659
3.393 -9.103
3.393 -9.216
3.393 -8.757
3.396 -9.541
3.396 -9.372
3.407 -9.139
3.413 -8.862
3.415 -8.503
3.427 -8.625
3.445 -8.582
3.447 -9.030
3.450 -9.036
3.456 -8.473
3.461 -8.786
3.462 -8.994
3.483 -8.387
3.489 -8.893
3.501 -8.833
3.502 -8.758
3.503 -8.372
3.504 -9.162
3.505 -9.035
3.506 -9.533
3.511 -9.030
3.522 -8.468
3.523 -9.367
3.524 -9.709
3.526 -9.213
3.538 -9.360
3.541 -9.117
3.566 -8.945
3.573 -9.669
3.581 -9.583
3.585 -9.055
3.590 -8.984
3.601 -8.756
3.605 -9.513
3.610 -8.731
3.632 -9.140
3.653 -8.807
3.660 -9.005
3.695 -9.447
3.701 -9.071
3.705 -8.824
3.713 -9.138
3.717 -9.830
3.721 -9.153
3.730 -9.221
3.739 -9.216
3.741 -9.193
3.751 -8.940
3.757 -8.771
3.761 -8.445
3.763 -8.864
3.764 -9.741
3.771 -9.622
3.780 -8.818
3.780 -9.235
3.785 -9.379
3.786 -9.265
3.793 -8.257
3.800 -9.292
3.811 -8.663
3.847 -9.227
3.851 -9.327
3.868 -9.125
3.870 -9.480
3.873 -9.188
3.878 -9.055
3.904 -9.401
3.905 -9.314
3.910 -9.374
3.915 -9.838
3.916 -9.491
3.944 -9.247
3.945 -9.508
3.948 -9.699
3.963 -9.776
3.964 -9.420
3.972 -9.428
3.984 -9.474
3.991 -9.098
4.000 -9.327
4.010 -9.118
4.018 -9.630
4.023 -9.313
4.046 -9.042
4.048 -9.440
4.057 -9.252
4.060 -9.273
4.060 -8.673
4.072 -9.096
4.084 -9.454
4.087 -9.428
4.102 -9.755
4.103 -8.978
4.117 -9.472
4.127 -9.430
4.132 -9.432
4.137 -9.349
4.159 -9.185
4.162 -9.161
4.163 -9.196
4.179 -9.647
4.185 -9.206
4.191 -9.488
4.199 -9.030
4.202 -9.707
4.212 -9.594
4.213 -9.354
4.231 -9.683
4.232 -9.299
4.234 -9.442
4.240 -9.886
4.246 -9.701
4.254 -9.560
4.257 -9.041
4.258 -9.502
4.261 -9.441
4.268 -9.193
4.269 -10.043
4.305 -8.695
4.305 -9.132
4.306 -9.406
4.306 -9.771
4.308 -10.128
4.311 -9.839
4.316 -9.562
4.319 -9.259
4.320 -8.966
4.320 -9.392
4.322 -9.450
4.331 -8.983
4.353 -9.031
4.363 -9.212
4.371 -9.658
4.372 -9.369
4.378 -10.321
4.404 -9.491
4.407 -9.829
4.408 -9.364
4.408 -10.105
4.419 -9.854
4.420 -10.348
4.430 -9.517
4.446 -9.291
4.447 -9.764
4.448 -9.610
4.451 -9.448
4.463 -9.922
4.480 -9.294
4.480 -9.623
4.486 -9.649
4.507 -9.486
4.508 -9.755
4.510 -9.292
4.511 -9.672
4.516 -9.415
4.516 -9.855
4.516 -10.031
4.531 -9.711
4.535 -9.478
4.546 -9.413
4.546 -10.050
4.549 -9.378
4.552 -9.566
4.560 -9.799
4.564 -9.286
4.574 -9.661
4.583 -9.380
4.594 -9.543
4.622 -9.278
4.641 -9.345
4.641 -9.600
4.644 -9.552
4.644 -9.520
4.651 -9.769
4.653 -9.847
4.655 -9.796
4.657 -9.805
4.669 -9.338
4.674 -9.458
4.677 -10.080
4.684 -9.613
4.694 -9.492
4.707 -9.535
4.712 -10.014
4.719 -9.581
4.736 -10.059
4.741 -10.066
4.743 -9.374
4.746 -9.551
4.763 -9.955
4.764 -9.849
4.779 -9.628
4.792 -10.392
4.812 -9.451
4.814 -9.762
4.840 -10.058
4.864 -9.747
4.865 -9.706
4.870 -9.649
4.876 -9.805
4.878 -10.095
4.880 -10.228
4.930 -9.715
4.939 -9.839
4.939 -9.424
4.943 -10.074
4.944 -10.192
4.956 -10.164
4.979 -9.900
4.985 -9.618
4.996 -10.100
4.997 -9.594
5.010 -9.934
5.010 -9.760
5.015 -9.753
5.017 -9.816
5.029 -9.877
5.035 -9.740
5.040 -9.640
5.040 -9.771
5.051 -9.781
5.057 -10.038
5.062 -9.927
5.065 -9.547
5.071 -9.838
5.078 -9.729
5.085 -9.654
5.101 -9.904
5.106 -9.407
5.106 -9.888
5.110 -9.975
5.129 -9.833
5.135 -9.980
5.151 -9.730
5.160 -9.458
5.162 -9.639
5.164 -9.571
5.183 -9.571
5.188 -9.931
5.191 -9.636
5.191 -9.423
5.202 -9.678
5.221 -9.470
5.239 -10.199
5.243 -9.971
5.243 -10.062
5.256 -10.088
5.256 -10.126
5.270 -10.264
5.283 -9.706
5.283 -9.898
5.284 -9.461
5.285 -10.128
5.293 -9.846
5.294 -10.217
5.308 -9.730
5.308 -10.333
5.314 -9.768
5.332 -9.723
5.339 -9.734
5.351 -9.954
5.364 -9.909
5.366 -10.057
5.367 -9.977
5.375 -10.312
5.376 -10.060
5.376 -9.417
5.378 -9.800
5.385 -9.587
5.390 -9.619
5.411 -9.791
5.413 -9.843
5.420 -9.871
5.449 -9.700
5.452 -9.728
5.457 -9.847
5.461 -10.081
5.476 -9.933
5.493 -9.829
5.497 -9.978
5.498 -9.954
5.501 -9.984
5.510 -10.034
5.524 -9.839
5.528 -9.863
5.533 -9.857
5.543 -10.014
5.545 -10.171
5.545 -10.256
5.551 -9.974
5.554 -10.047
5.571 -9.964
5.590 -9.915
5.616 -9.744
5.622 -9.601
5.643 -9.814
5.667 -10.012
5.669 -9.879
5.671 -9.963
5.677 -10.000
5.684 -9.850
5.694 -9.629
5.696 -9.690
5.697 -9.982
5.698 -9.706
5.701 -9.793
5.702 -9.850
5.718 -10.354
5.729 -9.687
5.734 -9.978
5.750 -10.008
5.751 -9.875
5.758 -9.865
5.766 -9.797
5.769 -9.931
5.771 -10.113
5.771 -9.980
5.818 -9.913
5.823 -10.086
5.832 -9.924
5.837 -10.168
5.842 -10.218
5.911 -9.944
5.923 -10.319
5.925 -10.255
5.946 -10.367
5.946 -9.725
5.951 -10.083
5.954 -10.097
5.993 -10.124
6.009 -10.095
6.024 -10.267
6.032 -9.969
6.032 -10.249
6.043 -9.724
6.057 -9.986
6.092 -10.150
6.097 -9.737
6.108 -9.719
6.115 -10.199
6.124 -10.167
6.131 -9.976
6.160 -10.400
6.174 -9.930
6.176 -10.072
6.194 -10.396
6.200 -9.846
6.207 -10.172
6.220 -10.208
6.252 -10.337
6.268 -10.346
6.274 -10.139
6.309 -10.010
6.316 -10.214
6.340 -10.355
6.368 -10.201
6.379 -10.120
6.395 -10.072
6.410 -10.403
6.443 -10.304
6.446 -10.046
6.448 -10.430
6.448 -10.150
6.472 -10.375
6.490 -10.120
6.497 -10.232
6.524 -10.390
6.540 -10.214
6.560 -10.432
6.571 -10.078
6.596 -10.439
6.610 -10.370
6.623 -10.160
6.625 -10.233
6.629 -10.104
6.629 -10.288
6.637 -10.326
6.644 -10.445
6.703 -10.365
6.722 -10.310
6.738 -10.363
6.739 -10.253
6.739 -10.410
6.745 -10.387
6.773 -10.150
6.777 -10.088
6.796 -10.488
6.799 -10.424
6.844 -10.116
6.856 -10.161
6.891 -10.530
6.895 -10.349
6.966 -10.301
6.974 -10.646
6.981 -10.207
6.983 -10.627
6.986 -10.086
7.012 -10.191
7.038 -10.253
7.043 -10.552
7.059 -10.521
7.063 -10.280
7.064 -10.462
7.071 -10.438
7.095 -10.259
7.155 -10.281
7.157 -10.333
7.170 -10.234
7.211 -10.373
7.223 -10.542
7.228 -10.572
7.239 -10.335
7.261 -10.388
7.268 -10.447
7.325 -10.568
7.356 -10.449
7.377 -10.324
7.393 -10.390
7.410 -10.169
7.452 -10.614
7.514 -10.500
7.532 -10.450
7.538 -10.699
7.545 -10.381
7.550 -10.603
7.587 -10.512
7.591 -10.569
7.597 -10.563
7.648 -10.480
7.686 -10.451
7.727 -10.422
7.742 -10.550
7.860 -10.750
7.921 -10.478
7.922 -10.684
7.989 -10.546
7.996 -10.555
8.235 -10.582
8.286 -10.680
8.376 -10.696
8.407 -10.606
8.424 -10.634
8.432 -10.660
8.443 -10.579
8.491 -10.643
8.507 -10.733
8.758 -10.663
8.762 -10.908
8.798 -10.791
8.839 -10.632
8.919 -10.773
8.925 -10.829
9.306 -10.592
9.600 -10.701
9.730 -10.998
10.797 -11.066
11.391 -11.242
