# Ep lEiso
1.540 -13.951
2.322 -14.096
23.629 -13.868
35.496 -14.154
39.208 -14.736
45.030 -14.675
47.353 -14.370
49.403 -14.246
52.550 -14.897
52.674 -14.994
54.886 -14.755
56.952 -14.842
57.715 -14.510
59.289 -14.651
60.819 -14.489
61.451 -14.400
64.194 -14.661
64.629 -14.482
65.681 -14.413
65.958 -14.796
66.709 -14.603
66.835 -14.684
67.321 -14.256
68.077 -14.512
68.522 -14.591
69.191 -14.776
69.218 -14.726
69.641 -14.643
69.996 -14.591
70.262 -14.711
72.742 -15.017
72.859 -15.050
73.056 -14.737
73.811 -14.817
74.719 -14.814
74.814 -15.069
75.922 -14.185
76.495 -14.361
76.560 -14.915
77.446 -14.256
77.841 -14.711
78.157 -14.637
78.727 -14.913
78.830 -14.942
78.983 -14.663
79.371 -14.786
80.286 -14.773
81.712 -14.297
81.826 -14.482
81.911 -14.818
82.031 -14.505
82.222 -15.019
82.693 -14.682
82.884 -14.690
83.456 -14.398
83.535 -14.719
83.786 -14.764
85.387 -14.256
85.730 -14.697
86.841 -14.602
86.844 -14.575
87.447 -14.838
87.914 -14.805
88.696 -14.661
88.744 -14.409
89.325 -14.892
89.673 -14.430
90.804 -14.023
90.915 -14.322
91.313 -14.458
91.902 -14.796
91.907 -14.801
92.050 -14.459
92.308 -14.680
92.763 -14.900
93.065 -14.604
93.247 -14.629
94.031 -14.448
94.605 -14.554
94.630 -14.525
94.997 -14.723
95.119 -14.616
95.281 -14.358
95.640 -14.556
96.069 -14.589
96.258 -14.615
96.430 -14.667
97.291 -14.483
97.395 -14.643
97.547 -14.634
97.702 -14.598
98.072 -14.363
98.101 -14.429
98.146 -14.293
98.717 -14.296
98.863 -14.519
99.265 -14.341
100.152 -14.282
100.456 -14.627
100.468 -14.533
100.765 -14.715
100.795 -14.763
100.829 -14.864
100.875 -14.598
100.987 -14.387
101.152 -14.339
101.194 -14.576
101.575 -14.455
101.972 -14.489
102.099 -14.830
102.305 -14.722
102.327 -14.829
102.554 -14.550
102.843 -14.619
102.875 -14.519
103.066 -14.478
103.284 -14.289
105.228 -14.672
105.257 -14.190
105.508 -14.428
105.827 -14.654
105.909 -14.458
105.978 -14.480
106.277 -14.880
106.438 -14.378
106.532 -14.351
107.374 -14.839
107.463 -14.634
107.695 -14.336
108.051 -14.581
108.225 -14.580
108.667 -14.699
108.852 -14.535
109.193 -14.932
109.241 -14.563
109.957 -14.562
110.050 -14.172
110.740 -14.511
110.781 -14.654
111.193 -14.220
111.481 -14.352
111.552 -14.386
111.618 -14.399
112.265 -14.402
112.347 -14.338
112.443 -14.615
113.202 -14.741
113.293 -14.494
114.397 -14.533
114.449 -14.410
114.454 -14.094
115.522 -14.456
115.736 -14.852
116.094 -14.613
116.495 -14.692
117.113 -14.500
117.322 -14.628
117.371 -14.216
118.048 -14.520
118.243 -15.008
118.369 -14.476
118.688 -14.457
118.712 -14.275
118.974 -14.811
119.114 -14.424
119.720 -14.474
120.162 -14.395
121.453 -14.392
121.582 -14.334
121.837 -14.345
121.995 -14.421
122.325 -14.496
122.346 -14.558
123.108 -14.657
123.311 -14.086
123.406 -14.527
123.665 -14.246
123.696 -14.014
123.943 -14.326
124.062 -14.180
124.333 -14.403
124.861 -14.132
124.963 -14.296
125.114 -14.512
125.138 -14.352
125.945 -14.495
126.541 -14.321
126.785 -14.379
126.861 -14.128
127.318 -14.510
127.501 -14.363
127.692 -14.269
127.697 -14.437
127.932 -14.408
128.662 -14.818
129.073 -14.021
129.471 -14.269
129.689 -14.510
129.836 -14.327
129.942 -14.537
130.031 -14.272
130.172 -14.193
130.934 -14.330
131.152 -14.214
131.596 -14.079
131.705 -14.374
131.748 -14.269
131.985 -14.382
132.252 -14.472
132.434 -14.265
132.738 -14.153
132.843 -13.916
133.021 -14.296
133.856 -14.402
134.406 -14.619
134.534 -14.469
134.557 -14.287
134.704 -13.985
134.984 -14.022
135.098 -14.260
135.744 -14.206
137.829 -14.498
137.896 -14.224
138.007 -14.473
138.027 -14.323
138.661 -14.272
138.928 -13.934
139.103 -14.362
139.107 -14.463
139.277 -14.244
140.249 -14.328
140.298 -14.510
140.461 -14.193
141.750 -14.489
142.341 -14.367
142.767 -14.183
143.941 -14.273
144.731 -14.110
144.819 -14.284
145.538 -14.332
145.640 -14.377
146.205 -14.344
146.273 -14.158
146.590 -14.416
146.698 -14.529
146.707 -14.177
147.285 -14.299
147.708 -14.296
148.927 -14.522
148.945 -14.702
149.482 -14.145
149.885 -14.401
149.919 -14.592
150.892 -14.054
150.898 -14.302
150.906 -14.230
151.107 -14.498
151.194 -14.175
151.571 -14.400
151.875 -14.284
151.989 -14.345
152.014 -14.414
152.272 -14.329
153.500 -14.479
155.148 -14.101
155.164 -14.209
155.452 -14.442
156.441 -14.378
156.644 -14.074
156.766 -14.031
156.883 -14.324
157.304 -14.276
157.730 -14.364
157.772 -14.296
157.844 -14.083
157.952 -13.969
158.674 -14.204
159.016 -14.081
159.473 -14.496
159.582 -14.411
159.609 -14.026
159.717 -14.412
159.912 -14.557
160.244 -14.316
160.634 -14.322
160.835 -14.088
161.194 -14.130
161.310 -14.194
162.345 -14.438
162.368 -14.281
162.828 -14.361
162.837 -14.502
163.894 -14.104
165.127 -14.137
165.485 -13.861
166.114 -14.554
167.116 -14.328
167.460 -13.889
169.063 -14.388
169.758 -14.410
169.905 -14.402
169.958 -14.079
170.414 -14.163
170.884 -13.907
170.991 -14.477
171.464 -14.017
171.637 -14.366
172.470 -14.455
172.510 -14.328
172.544 -14.485
173.124 -14.283
173.454 -13.893
173.603 -13.958
173.884 -14.276
174.260 -14.350
174.671 -14.312
174.969 -14.485
175.517 -14.094
175.542 -13.971
175.605 -14.146
177.655 -14.197
178.082 -14.147
179.646 -13.824
179.694 -14.417
180.324 -14.466
180.621 -14.176
181.624 -14.201
181.895 -14.052
182.189 -14.237
182.333 -14.497
182.356 -14.084
182.374 -14.273
182.617 -14.095
182.815 -14.204
182.927 -14.417
183.287 -13.936
184.549 -13.997
185.723 -14.093
186.026 -14.275
186.786 -14.155
187.335 -14.183
188.220 -14.076
188.232 -14.035
188.775 -13.973
189.145 -14.270
189.684 -14.175
190.188 -14.445
190.208 -14.143
190.425 -14.300
190.984 -14.071
191.187 -14.274
191.246 -14.025
191.412 -14.263
192.025 -14.340
192.417 -14.315
192.742 -13.964
193.970 -14.158
194.239 -13.929
195.733 -14.279
195.810 -13.894
196.777 -14.044
196.885 -14.241
197.119 -13.963
197.141 -13.687
197.222 -14.261
197.547 -13.992
198.236 -14.262
201.026 -14.230
201.200 -14.346
201.213 -14.224
202.489 -14.198
204.054 -14.288
204.339 -13.809
204.804 -13.639
204.908 -13.716
205.306 -14.188
205.513 -13.752
205.649 -14.267
205.672 -14.304
207.188 -14.149
209.040 -13.806
209.578 -13.989
210.160 -14.383
211.041 -13.962
211.472 -14.139
211.574 -13.733
213.041 -13.790
214.073 -14.017
214.792 -14.050
215.518 -14.100
216.028 -14.346
216.115 -13.844
216.237 -14.363
216.758 -14.133
217.371 -13.860
217.994 -14.101
218.397 -14.118
218.642 -14.000
218.898 -14.033
219.033 -14.159
219.037 -13.697
219.929 -14.105
220.074 -14.127
220.262 -13.795
220.524 -14.028
221.533 -14.018
221.721 -14.197
221.823 -14.416
222.582 -14.144
222.915 -13.921
223.282 -14.099
224.099 -13.712
224.433 -13.934
225.002 -14.314
228.001 -13.913
228.296 -13.838
228.847 -14.035
229.178 -14.066
229.297 -13.855
229.420 -14.059
229.666 -13.830
230.340 -14.043
231.743 -14.187
232.200 -14.247
232.298 -13.914
232.324 -14.294
232.439 -14.282
232.617 -14.156
232.989 -13.910
233.065 -14.047
233.078 -13.858
233.086 -14.186
233.571 -14.013
233.821 -14.238
235.165 -13.866
235.753 -13.723
235.864 -14.012
236.054 -14.025
236.207 -14.292
236.849 -14.176
236.976 -13.905
237.370 -13.867
237.420 -13.704
237.504 -14.244
239.132 -14.268
239.217 -14.122
240.703 -13.960
240.758 -14.157
240.826 -13.600
241.465 -14.003
241.492 -14.272
242.389 -13.810
242.708 -13.847
242.762 -14.275
242.913 -14.108
243.617 -14.219
244.285 -14.182
244.506 -13.893
244.747 -14.080
245.162 -13.675
246.032 -13.950
246.999 -14.016
247.220 -13.718
247.430 -13.870
247.883 -13.909
248.362 -13.785
249.038 -13.776
250.307 -14.116
251.074 -14.120
251.334 -14.325
251.805 -13.645
251.874 -13.846
252.928 -14.038
253.035 -13.686
253.895 -13.850
254.362 -13.831
255.269 -14.162
256.550 -13.967
257.355 -13.824
257.885 -13.849
258.766 -13.933
258.766 -14.012
258.861 -13.912
259.015 -14.035
260.137 -14.289
260.253 -14.096
263.754 -14.080
263.789 -13.688
264.023 -13.851
265.265 -13.585
266.620 -14.195
266.730 -14.006
266.952 -13.405
267.176 -13.627
267.263 -13.760
268.107 -13.999
268.591 -14.194
269.193 -14.107
269.368 -13.977
269.582 -14.123
269.774 -14.103
269.845 -13.793
269.892 -13.731
269.975 -13.910
270.251 -13.915
270.557 -13.729
272.559 -14.110
273.064 -13.720
273.169 -13.901
274.958 -13.764
275.123 -14.104
275.584 -13.848
276.140 -13.940
276.416 -14.005
279.490 -13.871
279.619 -13.959
279.820 -13.817
281.010 -13.824
281.417 -13.516
282.839 -14.004
284.405 -13.606
284.486 -14.040
285.151 -13.449
286.510 -14.008
287.466 -13.946
287.815 -13.963
288.750 -13.733
289.450 -13.878
289.782 -14.136
289.935 -13.905
290.328 -13.718
291.986 -13.834
292.221 -13.820
292.677 -13.818
293.182 -13.444
293.357 -14.105
293.709 -14.215
294.267 -13.694
295.458 -13.819
295.646 -13.752
295.757 -13.956
295.801 -14.008
295.807 -13.797
296.029 -13.430
296.111 -14.080
297.098 -13.970
297.726 -13.840
297.920 -13.674
299.076 -13.544
300.725 -13.701
300.874 -13.910
301.185 -13.912
301.688 -13.638
302.133 -13.766
302.219 -13.865
303.994 -13.571
304.487 -13.810
305.518 -13.779
305.604 -13.742
305.731 -13.558
305.776 -13.935
305.852 -13.874
305.975 -14.112
306.368 -13.870
307.368 -13.598
307.479 -14.029
307.561 -13.870
307.739 -13.954
308.715 -14.022
309.025 -13.904
311.112 -13.815
311.679 -13.769
312.362 -14.108
312.685 -13.846
313.121 -13.804
314.058 -13.686
314.451 -14.058
314.858 -13.671
316.787 -13.867
318.554 -13.696
319.180 -13.717
322.252 -13.993
322.854 -13.798
323.200 -13.670
323.833 -13.821
324.158 -13.744
324.589 -13.823
325.314 -13.855
326.070 -13.850
326.317 -13.838
327.186 -13.706
327.701 -13.618
328.049 -13.451
328.176 -13.663
328.306 -14.110
328.881 -14.047
329.659 -13.634
329.662 -13.434
330.130 -13.919
330.198 -13.861
330.819 -13.343
331.458 -13.870
332.422 -13.544
335.633 -13.807
335.991 -13.856
337.524 -13.356
337.712 -13.923
338.017 -13.769
338.411 -13.697
340.749 -13.870
340.877 -13.823
341.331 -13.853
341.754 -14.096
341.798 -13.913
344.367 -13.774
344.427 -13.912
344.757 -13.371
346.137 -13.657
346.144 -13.411
346.901 -13.861
348.015 -13.493
348.635 -13.678
349.503 -13.797
350.426 -13.682
351.169 -13.951
351.579 -13.778
353.721 -13.616
353.926 -13.829
354.707 -13.721
355.006 -13.731
355.022 -13.405
356.136 -13.626
357.247 -13.813
357.490 -13.797
358.877 -13.966
358.934 -13.538
360.341 -13.797
361.216 -13.765
361.729 -13.762
362.166 -13.711
364.258 -13.598
364.599 -13.581
364.691 -13.600
366.108 -13.840
366.714 -13.584
367.293 -13.739
368.026 -13.470
368.329 -13.853
369.267 -13.785
369.360 -13.647
371.092 -13.827
371.188 -13.804
371.435 -13.687
372.040 -13.939
372.624 -13.830
373.390 -13.745
373.625 -13.446
373.724 -13.711
374.071 -13.674
374.680 -13.528
374.775 -14.017
378.287 -13.231
378.295 -13.359
378.339 -13.648
378.381 -13.863
378.586 -14.073
378.867 -13.903
379.368 -13.740
379.668 -13.560
379.684 -13.387
379.745 -13.639
379.880 -13.672
380.783 -13.390
382.997 -13.406
384.077 -13.510
384.884 -13.781
384.936 -13.603
385.581 -14.189
388.145 -13.659
388.428 -13.869
388.491 -13.577
388.581 -14.042
389.633 -13.877
389.701 -14.190
390.716 -13.657
392.351 -13.501
392.401 -13.804
392.536 -13.704
392.843 -13.598
394.111 -13.513
395.849 -13.489
395.899 -13.702
396.523 -13.717
398.681 -13.603
398.751 -13.779
398.992 -13.475
399.093 -13.723
399.577 -13.553
399.598 -13.435
399.603 -13.957
401.161 -13.742
401.512 -13.587
402.699 -13.540
402.744 -13.961
402.999 -13.515
403.324 -13.638
404.119 -13.791
404.552 -13.448
405.609 -13.696
406.480 -13.508
407.690 -13.616
410.659 -13.428
412.687 -13.468
412.757 -13.644
413.042 -13.610
413.062 -13.588
413.781 -13.757
414.070 -13.808
414.223 -13.771
414.436 -13.062
415.750 -13.433
416.335 -13.510
416.638 -13.688
417.379 -13.606
418.485 -13.508
419.950 -13.521
420.426 -13.850
421.178 -13.540
423.004 -13.860
423.616 -13.163
423.800 -13.373
424.107 -13.495
425.960 -13.765
426.036 -13.690
427.758 -13.520
429.226 -14.062
431.550 -13.380
431.724 -13.606
434.846 -13.821
437.513 -13.601
437.692 -13.158
438.219 -13.530
438.895 -13.652
439.178 -13.877
439.374 -13.982
445.069 -13.508
446.108 -13.596
446.150 -13.276
446.643 -13.776
446.725 -13.867
448.105 -13.844
450.784 -13.635
451.460 -13.411
452.896 -13.791
452.976 -13.388
454.622 -13.657
454.640 -13.517
455.263 -13.510
455.497 -13.017
457.023 -13.608
457.698 -13.495
458.363 -13.412
458.367 -13.519
459.778 -13.525
460.422 -13.735
461.032 -13.643
461.455 -13.327
462.133 -13.568
463.068 -13.475
463.909 -13.411
465.925 -13.590
466.437 -12.898
466.532 -13.566
466.999 -13.631
469.340 -13.509
470.085 -13.632
472.039 -13.416
473.089 -13.181
473.359 -13.335
473.517 -13.277
475.845 -13.270
476.437 -13.581
476.830 -13.324
476.845 -13.138
478.299 -13.357
480.895 -13.168
483.467 -13.763
483.953 -13.562
484.026 -13.642
485.935 -13.663
485.956 -13.697
488.198 -13.818
490.085 -13.672
490.213 -13.488
490.301 -13.094
490.406 -13.696
491.700 -13.440
491.855 -13.775
493.894 -13.329
493.952 -13.881
494.869 -13.363
497.577 -13.316
498.569 -13.324
500.459 -13.526
502.391 -13.463
502.700 -13.597
502.843 -13.520
504.090 -13.812
504.154 -13.576
504.185 -12.975
504.516 -13.330
505.576 -13.128
506.263 -13.156
509.350 -13.312
509.736 -13.361
510.795 -13.386
515.833 -13.212
516.249 -13.238
517.108 -13.353
517.745 -13.581
520.325 -13.433
523.303 -13.325
523.838 -13.474
524.087 -13.450
524.615 -13.475
526.026 -13.513
528.386 -13.298
529.132 -13.316
530.006 -13.302
531.594 -13.451
531.898 -13.609
531.970 -12.890
532.951 -13.408
533.428 -13.482
536.319 -13.394
539.365 -13.340
543.701 -13.154
544.690 -13.001
548.097 -13.219
552.100 -13.407
552.537 -13.261
552.852 -13.350
554.006 -13.383
555.280 -13.214
557.273 -12.963
557.691 -13.026
557.829 -13.343
558.057 -13.042
558.722 -13.132
558.817 -13.194
561.863 -13.738
563.942 -13.000
564.846 -13.321
567.822 -13.351
568.022 -13.202
569.396 -13.189
571.003 -13.109
571.466 -13.260
571.852 -13.466
571.866 -13.315
580.456 -13.203
581.400 -13.399
583.189 -13.202
584.035 -13.532
585.035 -13.537
597.405 -13.183
599.482 -13.636
599.958 -13.558
603.925 -13.692
604.103 -12.903
605.094 -13.342
605.784 -13.358
614.232 -13.362
617.618 -13.311
620.935 -13.515
622.505 -13.131
622.575 -13.486
624.861 -12.808
627.903 -13.129
635.208 -13.309
636.284 -12.769
638.419 -12.735
639.914 -13.354
641.711 -13.305
643.273 -13.048
649.106 -13.585
651.910 -12.948
652.295 -13.136
656.068 -13.555
657.346 -12.811
658.733 -13.245
661.235 -13.284
667.681 -13.436
671.732 -13.437
673.334 -13.268
681.948 -12.939
683.743 -13.219
689.950 -13.400
696.723 -13.162
699.211 -13.043
702.981 -12.968
706.513 -13.445
714.100 -13.292
714.875 -12.909
715.299 -13.478
715.353 -13.062
720.963 -13.392
725.078 -13.004
726.627 -13.170
732.937 -13.406
736.569 -13.131
740.967 -13.457
743.207 -12.901
748.922 -13.450
752.860 -13.331
756.786 -12.988
757.408 -13.102
758.403 -12.894
758.476 -13.186
760.979 -13.239
763.002 -13.424
780.012 -13.252
785.832 -13.147
790.357 -13.221
790.555 -13.041
790.706 -13.298
792.370 -13.255
799.955 -12.837
800.957 -13.478
805.670 -13.374
806.574 -13.263
817.972 -13.591
820.971 -12.767
829.918 -13.351
831.078 -13.278
849.255 -12.886
851.376 -13.468
853.261 -12.710
853.987 -13.429
855.311 -13.207
864.769 -12.647
873.157 -13.322
874.582 -13.241
879.965 -13.172
881.351 -12.750
881.454 -13.065
883.797 -13.016
891.671 -13.464
911.096 -13.123
911.929 -12.749
916.014 -13.238
929.205 -13.143
933.282 -13.055
934.893 -13.105
938.542 -12.673
945.459 -13.265
947.757 -12.845
964.143 -13.021
972.285 -12.790
977.738 -13.083
981.731 -13.017
986.103 -12.246
1000.935 -13.170
1027.618 -12.796
1035.604 -13.208
1037.906 -13.161
1041.294 -12.551
1043.158 -12.972
1059.078 -12.776
1061.082 -12.883
1063.588 -12.870
1085.056 -12.679
1096.920 -12.991
1110.215 -12.523
1114.858 -12.775
1152.337 -13.137
1171.705 -12.541
1171.762 -12.977
1207.348 -11.888
1211.798 -12.667
1320.451 -12.576
1340.782 -13.302
1376.763 -12.782
1389.431 -12.516
1396.289 -12.660
1399.560 -12.647
1403.697 -12.414
1422.953 -12.560
1429.324 -12.805
1575.268 -12.462
1577.297 -13.253
1596.013 -12.859
1617.210 -12.306
1658.450 -12.739
1661.801 -12.930
1870.140 -11.792
2071.806 -11.966
2160.963 -13.059
3014.797 -12.233
3499.418 -12.705
