# Ep lEiso
60.174 117.918
62.372 117.842
70.460 118.163
72.964 118.156
74.293 118.064
76.868 117.976
77.831 118.252
78.681 118.307
79.985 118.039
80.036 117.998
80.956 118.101
82.552 118.055
83.142 118.196
84.316 118.130
85.098 118.207
85.421 118.249
86.823 118.146
87.045 118.228
87.583 118.264
87.725 118.092
88.108 118.182
88.173 118.146
88.421 118.343
88.829 118.230
89.172 118.197
89.687 118.117
89.707 118.140
90.033 118.182
90.306 118.209
90.512 118.155
92.272 118.021
92.342 118.282
92.460 118.156
92.914 118.424
93.459 118.121
93.516 117.998
94.182 118.428
94.527 118.344
94.565 118.074
95.098 118.397
95.335 118.176
95.525 118.213
95.867 118.078
95.929 118.064
96.021 118.201
96.254 118.142
96.804 118.149
97.661 118.387
97.729 118.296
97.780 118.129
97.856 118.285
98.000 118.352
98.355 118.199
98.499 118.196
98.920 118.343
98.972 118.183
99.136 118.160
100.184 118.415
100.408 118.195
101.134 118.244
101.136 118.257
101.531 118.127
101.836 118.144
102.348 118.216
102.379 118.341
102.759 118.102
102.987 118.331
103.727 118.534
103.800 118.385
104.060 118.318
104.445 118.152
104.449 118.149
104.542 118.318
104.711 118.209
105.009 118.101
105.206 118.247
105.325 118.419
105.811 118.325
106.155 118.273
106.170 118.287
106.391 118.190
106.464 118.243
106.561 118.371
106.777 118.273
107.034 118.257
107.148 118.244
107.251 118.219
107.813 118.310
107.883 118.231
107.984 118.234
108.088 118.253
108.335 118.368
108.354 118.336
108.384 118.403
108.765 118.401
108.862 118.290
109.131 118.378
109.722 118.406
109.925 118.398
109.933 118.282
110.131 118.192
110.151 118.169
110.174 118.119
110.205 118.250
110.279 118.354
110.390 118.378
110.417 118.261
110.672 118.320
110.936 118.303
111.021 118.135
111.159 118.188
111.173 118.135
111.324 118.272
111.518 118.238
111.539 118.288
111.666 118.307
111.807 118.400
113.050 118.217
113.068 118.455
113.229 118.338
113.433 118.227
113.485 118.324
113.529 118.313
113.721 118.115
113.823 118.366
113.883 118.379
114.422 118.138
114.479 118.240
114.627 118.390
114.855 118.268
114.966 118.269
115.249 118.210
115.367 118.293
115.585 118.094
115.615 118.384
116.073 118.282
116.133 118.479
116.574 118.309
116.600 118.237
116.864 118.458
117.048 118.391
117.094 118.460
117.138 118.368
117.562 118.369
117.616 118.401
117.677 118.261
118.170 118.364
118.229 118.323
118.945 118.305
118.979 118.367
118.982 118.528
119.675 118.346
119.814 118.337
120.046 118.267
120.306 118.227
120.706 118.326
120.842 118.261
120.874 118.470
121.313 118.317
121.439 118.401
121.521 118.339
121.728 118.349
121.743 118.442
121.913 118.170
122.004 118.367
122.397 118.342
122.684 118.383
123.518 118.387
123.602 118.417
123.767 118.412
123.869 118.373
124.082 118.335
124.096 118.304
124.589 118.255
124.720 118.546
124.781 118.321
124.949 118.465
124.969 118.584
125.129 118.425
125.205 118.500
125.380 118.387
125.722 118.526
125.788 118.442
125.886 118.332
125.901 118.414
126.423 118.342
126.807 118.432
126.964 118.402
127.012 118.530
127.305 118.335
127.422 118.410
127.545 118.458
127.548 118.373
127.699 118.387
128.169 118.298
128.433 118.585
128.690 118.459
128.830 118.335
128.924 118.429
128.993 118.321
129.050 118.457
129.141 118.497
129.631 118.428
129.771 118.487
130.057 118.556
130.127 118.405
130.155 118.459
130.307 118.401
130.479 118.355
130.596 118.461
130.792 118.518
130.859 118.639
130.974 118.445
131.511 118.391
131.866 118.280
131.950 118.356
131.965 118.448
132.060 118.602
132.242 118.582
132.316 118.460
132.736 118.485
134.092 118.331
134.135 118.468
134.208 118.343
134.220 118.418
134.633 118.441
134.806 118.609
134.920 118.395
134.923 118.344
135.033 118.453
135.666 118.409
135.699 118.319
135.805 118.478
136.639 118.529
137.016 118.407
137.288 118.505
138.037 118.470
138.541 118.563
138.596 118.473
139.055 118.454
139.121 118.430
139.486 118.448
139.531 118.546
139.735 118.410
139.805 118.350
139.811 118.456
140.185 118.471
140.459 118.473
141.247 118.355
141.259 118.262
141.606 118.551
141.867 118.418
141.889 118.320
142.523 118.600
142.527 118.472
142.532 118.510
142.664 118.372
142.722 118.540
142.969 118.426
143.168 118.488
143.243 118.457
143.260 118.421
143.429 118.467
144.235 118.395
145.321 118.601
145.331 118.413
145.515 118.420
146.145 118.450
146.274 118.608
146.352 118.630
146.426 118.476
146.694 118.402
146.965 118.452
146.992 118.428
147.038 118.597
147.107 118.656
147.568 118.531
147.789 118.593
148.084 118.378
148.154 118.421
148.171 118.618
148.241 118.420
148.367 118.345
148.582 118.467
148.833 118.463
148.963 118.581
149.194 118.558
149.270 118.525
149.941 118.401
149.956 118.481
150.256 118.442
150.262 118.370
150.951 118.580
151.757 118.567
151.994 118.710
152.410 118.346
153.071 118.460
153.299 118.685
154.357 118.424
154.799 118.472
154.893 118.484
154.928 118.584
155.220 118.546
155.522 118.686
155.590 118.389
155.894 118.637
156.005 118.454
156.543 118.411
156.569 118.478
156.591 118.395
156.967 118.502
157.180 118.707
157.276 118.673
157.459 118.506
157.704 118.467
157.972 118.487
158.166 118.397
158.524 118.487
158.541 118.664
158.582 118.573
159.930 118.547
160.212 118.574
161.251 118.754
161.282 118.445
161.703 118.420
161.902 118.538
162.572 118.557
162.746 118.632
162.935 118.536
163.028 118.402
163.043 118.614
163.054 118.516
163.211 118.606
163.339 118.553
163.411 118.445
163.644 118.701
164.461 118.663
165.177 118.607
165.350 118.512
165.785 118.570
166.099 118.554
166.608 118.618
166.616 118.639
166.929 118.669
167.143 118.513
167.455 118.560
167.748 118.419
167.760 118.574
167.885 118.493
168.211 118.608
168.328 118.503
168.363 118.631
168.460 118.508
168.818 118.466
169.049 118.477
169.239 118.655
169.951 118.552
170.103 118.667
170.948 118.488
170.991 118.681
171.544 118.618
171.605 118.517
171.739 118.664
171.752 118.807
171.798 118.511
171.984 118.654
172.380 118.512
173.993 118.524
174.094 118.464
174.101 118.636
174.845 118.537
175.765 118.489
175.932 118.729
176.202 118.813
176.262 118.774
176.489 118.612
176.607 118.756
176.684 118.499
176.697 118.591
177.562 118.558
178.629 118.737
178.942 118.649
179.280 118.452
179.791 118.674
180.042 118.585
180.101 118.796
180.965 118.767
181.573 118.650
181.997 118.633
182.412 118.606
182.702 118.480
182.753 118.738
182.824 118.472
183.125 118.592
183.480 118.735
183.841 118.613
184.074 118.605
184.215 118.668
184.364 118.651
184.442 118.586
184.444 118.828
184.960 118.617
185.044 118.606
185.153 118.782
185.305 118.660
185.897 118.666
186.008 118.571
186.069 118.455
186.518 118.598
186.715 118.715
186.932 118.621
187.416 118.822
187.612 118.706
187.937 118.507
189.672 118.716
189.845 118.755
190.169 118.654
190.363 118.639
190.433 118.749
190.505 118.643
190.650 118.763
191.046 118.653
191.869 118.581
192.138 118.550
192.196 118.726
192.211 118.526
192.279 118.532
192.383 118.599
192.600 118.730
192.643 118.658
192.651 118.757
192.655 118.584
192.937 118.675
193.084 118.556
193.876 118.749
194.222 118.823
194.287 118.672
194.399 118.665
194.489 118.525
194.867 118.585
194.941 118.726
195.173 118.744
195.203 118.829
195.252 118.549
196.210 118.535
196.261 118.610
197.134 118.690
197.165 118.589
197.205 118.873
197.580 118.665
197.596 118.529
198.129 118.759
198.319 118.739
198.351 118.524
198.441 118.607
198.859 118.688
199.256 118.774
199.387 118.709
199.531 118.755
199.777 118.814
200.295 118.675
200.869 118.639
201.001 118.784
201.125 118.709
201.391 118.689
201.669 118.750
202.061 118.754
202.803 118.590
203.267 118.591
203.424 118.623
203.709 118.828
203.750 118.729
204.388 118.640
204.453 118.815
204.973 118.738
205.248 118.750
205.785 118.588
206.541 118.692
207.017 118.769
207.330 118.759
207.850 118.720
207.851 118.679
207.906 118.731
207.998 118.669
208.654 118.540
208.721 118.641
210.848 118.648
210.869 118.851
211.012 118.766
211.764 118.906
212.578 118.592
212.644 118.690
212.777 119.004
212.912 118.889
212.964 118.819
213.471 118.697
213.762 118.596
214.122 118.642
214.225 118.709
214.352 118.633
214.466 118.643
214.508 118.805
214.535 118.837
214.584 118.744
214.748 118.740
214.929 118.837
216.114 118.636
216.412 118.839
216.477 118.744
217.588 118.819
217.690 118.642
217.977 118.636
218.322 118.730
218.493 118.696
220.379 118.772
220.459 118.726
220.581 118.799
221.304 118.792
221.552 118.950
222.413 118.695
223.357 118.904
223.405 118.679
223.803 118.987
224.616 118.699
225.185 118.733
225.402 118.724
225.997 118.846
226.439 118.719
226.649 118.637
226.745 118.758
226.994 118.856
228.035 118.785
228.181 118.793
228.466 118.794
228.782 118.987
228.891 118.648
229.110 118.855
229.458 118.860
230.198 118.798
230.314 118.833
230.383 118.727
230.410 118.701
230.413 118.810
230.551 118.999
230.602 118.664
231.211 118.722
231.597 118.790
231.716 118.876
232.425 118.945
233.463 118.866
233.566 118.759
233.783 118.758
234.132 118.895
234.441 118.821
234.500 118.772
235.725 118.924
236.085 118.803
236.850 118.820
236.913 118.839
237.007 118.933
237.040 118.741
237.097 118.772
237.188 118.651
237.477 118.775
238.214 118.915
238.295 118.696
238.355 118.777
238.486 118.734
239.202 118.701
239.428 118.762
240.950 118.810
241.361 118.833
241.855 118.657
242.089 118.788
242.404 118.807
243.078 118.866
243.360 118.680
243.652 118.875
245.029 118.779
246.283 118.868
246.726 118.858
248.918 118.719
249.378 118.816
249.643 118.880
250.127 118.803
250.375 118.842
250.700 118.803
251.247 118.788
251.818 118.793
252.005 118.926
252.661 118.869
253.049 118.915
253.311 119.000
253.406 118.958
253.502 118.666
253.930 118.699
254.508 118.911
254.509 119.013
254.857 118.767
254.908 118.797
255.369 119.063
255.844 118.795
256.561 118.965
258.906 118.830
259.167 118.804
260.288 119.061
260.422 118.770
260.641 118.850
260.922 118.888
262.596 118.804
262.687 118.828
263.012 118.814
263.315 118.688
263.346 118.784
265.314 118.861
265.359 118.789
265.616 119.073
266.687 118.926
266.692 119.056
267.279 118.821
268.144 119.017
268.625 118.921
269.298 118.860
270.014 118.923
270.577 118.781
270.886 118.873
272.503 118.960
272.657 118.846
273.246 118.904
273.472 118.899
273.484 119.072
274.325 118.955
275.163 118.856
275.346 118.865
276.388 118.775
276.429 119.003
277.456 118.864
278.094 118.880
278.469 118.881
278.788 118.908
280.314 118.966
280.564 118.975
280.631 118.965
281.665 118.836
282.107 118.971
282.530 118.889
283.118 119.031
283.365 118.827
284.107 118.865
284.180 118.939
285.550 118.846
285.626 118.858
285.821 118.921
286.299 118.787
286.761 118.847
287.367 118.893
287.553 119.054
287.631 118.912
287.905 118.933
288.387 119.012
288.462 118.750
291.238 119.179
291.244 119.110
291.279 118.954
291.312 118.838
291.474 118.725
291.697 118.817
292.093 118.874
292.323 119.003
292.336 119.097
292.381 118.887
292.483 118.943
293.162 119.095
294.829 119.085
295.641 119.028
296.248 118.882
296.288 118.978
296.772 118.661
298.702 118.947
298.915 118.833
298.962 118.991
299.030 118.860
299.822 118.828
299.873 118.659
300.637 118.946
301.867 119.030
301.905 118.867
302.006 118.920
302.235 118.977
303.137 119.025
304.374 119.041
304.410 118.926
304.854 118.919
306.489 118.984
306.547 118.888
306.745 119.054
306.828 118.919
307.226 119.012
307.244 119.076
307.248 118.793
308.530 118.912
308.819 118.996
309.796 119.024
309.833 118.794
310.043 119.038
310.311 118.971
310.965 118.889
311.321 119.077
312.192 118.943
312.908 119.048
313.904 118.990
316.233 119.094
317.792 119.072
317.845 118.975
318.064 118.994
318.080 119.006
318.632 118.913
318.855 118.885
318.972 118.905
319.136 119.295
320.146 119.091
320.595 119.048
320.828 119.203
321.397 118.995
322.247 119.049
323.373 119.042
323.739 118.861
324.317 119.032
325.721 118.855
326.190 119.238
326.332 119.123
326.568 119.056
327.992 118.907
328.050 118.949
329.350 119.136
330.388 118.744
332.033 119.240
332.156 118.994
334.365 118.876
336.591 118.997
336.743 119.240
337.189 119.036
337.761 118.968
338.000 118.933
338.166 119.126
342.985 119.048
343.864 119.000
343.900 119.175
344.317 118.901
344.386 118.851
345.555 118.863
347.753 118.978
348.271 119.101
349.371 119.274
349.431 119.114
350.692 118.966
350.706 119.043
351.184 119.047
351.363 119.318
352.531 118.993
353.048 119.055
353.557 119.101
353.560 119.042
354.641 119.039
355.134 119.074
355.601 118.974
355.925 119.147
356.444 119.222
357.161 119.066
357.805 119.102
359.348 119.003
359.741 119.384
359.814 119.243
360.171 118.981
361.964 119.048
362.534 118.980
364.031 119.099
364.835 119.228
365.042 119.144
365.163 119.176
366.945 119.241
367.399 119.008
367.700 119.150
367.711 119.252
368.731 119.132
370.493 119.236
372.604 118.910
373.016 119.021
373.078 118.977
374.694 118.967
374.712 118.948
376.611 119.052
378.209 119.167
378.318 119.069
378.392 119.293
378.481 119.231
379.577 119.098
379.708 118.907
381.436 119.164
381.484 118.847
382.261 119.146
384.554 119.176
385.395 119.173
386.996 119.057
388.632 119.095
388.893 119.017
389.014 119.062
390.071 118.890
390.125 119.030
390.151 119.387
390.431 119.349
391.330 119.299
391.911 119.283
394.526 119.193
394.853 119.395
395.711 119.150
399.394 119.261
399.698 119.245
400.326 119.175
400.791 119.036
402.677 119.129
404.854 119.198
405.245 119.106
405.427 119.121
405.813 119.106
406.844 119.083
408.569 119.220
409.114 119.209
409.753 119.219
410.914 119.126
411.136 119.026
411.189 119.481
411.905 119.154
412.254 119.107
414.367 119.165
416.594 119.203
420.607 119.322
421.557 119.420
424.832 119.280
428.558 119.161
428.909 119.254
429.162 119.197
430.090 119.176
431.114 119.283
432.717 119.441
433.053 119.401
433.164 119.202
433.347 119.391
433.881 119.334
433.958 119.295
436.407 118.955
438.078 119.415
438.804 119.215
441.197 119.197
441.357 119.289
442.462 119.297
443.754 119.346
444.126 119.253
444.436 119.353
444.447 119.219
451.353 119.288
452.112 119.168
453.550 119.288
454.230 119.448
455.034 119.085
464.977 119.299
466.647 119.030
467.030 119.076
469.926 119.219
470.041 119.463
470.680 119.203
471.124 119.193
476.568 119.187
479.369 119.217
482.375 119.098
483.798 119.340
483.861 119.517
485.933 119.517
488.690 119.329
495.309 119.223
496.285 119.547
498.219 119.569
499.574 119.197
501.203 119.227
502.618 119.383
507.904 119.449
510.445 119.446
510.795 119.332
514.214 119.531
515.372 119.532
516.629 119.268
518.896 119.244
524.354 119.151
527.152 119.420
528.259 119.329
534.210 119.459
535.450 119.286
539.738 119.174
544.417 119.322
546.135 119.514
548.740 119.443
551.179 119.146
556.420 119.242
557.066 119.481
557.514 119.150
557.572 119.386
563.506 119.181
567.858 119.425
569.497 119.321
576.172 119.314
580.014 119.349
584.665 119.276
587.035 119.493
592.565 119.400
595.545 119.529
598.517 119.553
598.988 119.368
599.741 119.495
599.797 119.316
601.691 119.282
603.223 119.560
616.099 119.506
620.504 119.334
623.929 119.701
624.079 119.399
624.194 119.241
625.453 119.267
631.195 119.521
631.954 119.585
635.522 119.192
636.206 119.259
644.834 119.598
647.104 119.559
653.876 119.632
654.754 119.390
671.637 119.807
674.384 119.663
676.463 119.589
677.084 119.158
678.216 119.717
686.302 119.624
693.472 119.574
694.690 119.272
699.292 119.702
700.477 119.560
700.565 119.375
702.568 119.711
709.299 119.598
725.906 119.607
726.617 119.556
730.109 119.662
741.386 119.418
744.871 119.382
746.248 119.354
749.368 119.596
755.281 119.554
757.245 119.499
771.254 119.402
778.214 119.529
782.875 119.369
786.289 119.597
790.026 119.821
799.301 119.392
813.167 119.763
821.185 119.310
823.497 119.336
826.898 119.655
828.770 119.437
844.753 119.776
846.764 119.491
849.280 119.499
870.833 119.606
882.743 119.648
896.092 119.693
900.753 119.569
938.380 119.407
957.825 119.705
957.882 119.494
979.317 120.012
981.655 119.651
1059.450 119.716
1084.802 119.414
1129.669 119.654
1145.465 120.123
1154.017 119.960
1158.096 119.724
1163.255 119.828
1187.267 119.772
1195.211 120.054
1279.181 119.854
1280.303 119.517
1290.654 119.690
1302.376 119.929
1325.183 119.757
1327.036 119.923
1584.473 120.290
1705.631 120.236
1759.195 119.704
2501.322 120.157
3029.135 119.916
