# Ep lEiso
13.022 -11.598
13.230 -11.560
14.384 -11.615
15.074 -11.700
15.440 -11.672
16.274 -11.699
16.726 -11.795
16.738 -11.711
16.756 -11.764
16.757 -11.803
16.769 -11.706
16.791 -11.751
16.799 -11.758
16.816 -11.763
16.832 -11.741
16.839 -11.742
16.868 -11.701
16.872 -11.736
16.884 -11.668
16.886 -11.767
16.894 -11.749
16.896 -11.721
16.901 -11.758
16.909 -11.786
16.916 -11.720
16.927 -11.771
16.928 -11.748
16.934 -11.720
16.940 -11.690
16.944 -11.745
16.984 -11.715
16.986 -11.678
16.989 -11.767
17.001 -11.742
17.015 -11.711
17.017 -11.733
17.035 -11.729
17.044 -11.799
17.045 -11.747
17.059 -11.715
17.065 -11.771
17.070 -11.737
17.079 -11.835
17.081 -11.777
17.084 -11.753
17.090 -11.812
17.104 -11.736
17.127 -11.760
17.129 -11.675
17.130 -11.796
17.132 -11.686
17.136 -11.705
17.146 -11.773
17.149 -11.778
17.161 -11.691
17.162 -11.794
17.167 -11.769
17.200 -11.760
17.206 -11.790
17.229 -11.746
17.229 -11.733
17.241 -11.795
17.250 -11.794
17.266 -11.781
17.267 -11.801
17.279 -11.822
17.286 -11.761
17.308 -11.795
17.310 -11.764
17.318 -11.686
17.330 -11.775
17.330 -11.792
17.333 -11.775
17.338 -11.780
17.347 -11.814
17.354 -11.765
17.357 -11.778
17.373 -11.783
17.384 -11.743
17.385 -11.729
17.392 -11.791
17.395 -11.776
17.398 -11.800
17.405 -11.747
17.414 -11.765
17.418 -11.779
17.421 -11.806
17.440 -11.715
17.442 -11.798
17.446 -11.795
17.449 -11.777
17.457 -11.741
17.458 -11.744
17.459 -11.804
17.472 -11.808
17.475 -11.742
17.484 -11.788
17.504 -11.782
17.510 -11.805
17.511 -11.756
17.517 -11.757
17.518 -11.877
17.519 -11.781
17.520 -11.792
17.522 -11.829
17.526 -11.762
17.527 -11.782
17.535 -11.721
17.544 -11.741
17.547 -11.796
17.552 -11.791
17.552 -11.749
17.557 -11.775
17.564 -11.812
17.564 -11.760
17.568 -11.740
17.573 -11.811
17.617 -11.851
17.617 -11.776
17.623 -11.726
17.630 -11.845
17.632 -11.743
17.633 -11.755
17.640 -11.764
17.644 -11.776
17.646 -11.814
17.665 -11.764
17.667 -11.745
17.672 -11.732
17.680 -11.817
17.683 -11.772
17.693 -11.769
17.697 -11.797
17.705 -11.777
17.706 -11.769
17.722 -11.816
17.724 -11.819
17.740 -11.793
17.740 -11.868
17.750 -11.767
17.756 -11.811
17.758 -11.780
17.759 -11.737
17.774 -11.741
17.776 -11.733
17.778 -11.830
17.796 -11.808
17.798 -11.793
17.823 -11.816
17.824 -11.752
17.824 -11.828
17.849 -11.779
17.854 -11.790
17.862 -11.865
17.871 -11.810
17.886 -11.808
17.891 -11.804
17.892 -11.817
17.907 -11.821
17.912 -11.794
17.915 -11.799
17.922 -11.789
17.923 -11.729
17.929 -11.775
17.932 -11.773
17.946 -11.802
17.956 -11.761
17.986 -11.763
17.989 -11.792
17.994 -11.789
17.998 -11.780
18.006 -11.821
18.006 -11.854
18.024 -11.788
18.028 -11.782
18.031 -11.777
18.037 -11.815
18.037 -11.821
18.043 -11.786
18.046 -11.793
18.052 -11.777
18.064 -11.813
18.066 -11.866
18.070 -11.838
18.070 -11.752
18.089 -11.831
18.103 -11.739
18.108 -11.772
18.110 -11.856
18.120 -11.809
18.125 -11.767
18.129 -11.796
18.129 -11.808
18.134 -11.793
18.151 -11.833
18.160 -11.782
18.169 -11.726
18.174 -11.821
18.178 -11.759
18.180 -11.773
18.182 -11.798
18.185 -11.764
18.203 -11.783
18.208 -11.817
18.218 -11.844
18.220 -11.794
18.221 -11.809
18.227 -11.800
18.233 -11.850
18.237 -11.830
18.244 -11.786
18.246 -11.824
18.250 -11.758
18.269 -11.820
18.282 -11.867
18.285 -11.859
18.285 -11.795
18.289 -11.839
18.295 -11.834
18.298 -11.749
18.312 -11.849
18.360 -11.891
18.362 -11.742
18.364 -11.766
18.364 -11.797
18.379 -11.772
18.385 -11.817
18.389 -11.823
18.389 -11.796
18.393 -11.760
18.415 -11.810
18.416 -11.909
18.420 -11.766
18.449 -11.883
18.462 -11.836
18.471 -11.737
18.497 -11.787
18.515 -11.740
18.516 -11.794
18.532 -11.821
18.535 -11.845
18.547 -11.828
18.549 -11.795
18.556 -11.867
18.558 -11.846
18.558 -11.820
18.571 -11.804
18.580 -11.804
18.607 -11.803
18.608 -11.815
18.619 -11.851
18.628 -11.833
18.629 -11.830
18.650 -11.798
18.651 -11.810
18.651 -11.771
18.655 -11.813
18.657 -11.821
18.665 -11.865
18.672 -11.802
18.675 -11.835
18.675 -11.873
18.681 -11.827
18.708 -11.827
18.744 -11.843
18.745 -11.813
18.751 -11.894
18.772 -11.838
18.776 -11.812
18.779 -11.816
18.781 -11.836
18.790 -11.812
18.799 -11.862
18.800 -11.825
18.801 -11.797
18.804 -11.822
18.819 -11.841
18.826 -11.841
18.836 -11.888
18.838 -11.811
18.839 -11.846
18.841 -11.874
18.845 -11.872
18.852 -11.849
18.860 -11.854
18.865 -11.727
18.872 -11.824
18.875 -11.845
18.896 -11.845
18.897 -11.841
18.907 -11.887
18.907 -11.888
18.929 -11.809
18.955 -11.858
18.963 -11.817
18.976 -11.867
18.997 -11.891
19.004 -11.840
19.038 -11.814
19.052 -11.881
19.055 -11.869
19.056 -11.847
19.065 -11.809
19.075 -11.856
19.077 -11.861
19.086 -11.815
19.090 -11.829
19.107 -11.770
19.107 -11.902
19.108 -11.836
19.120 -11.855
19.126 -11.865
19.129 -11.858
19.135 -11.875
19.143 -11.916
19.151 -11.896
19.157 -11.864
19.168 -11.819
19.169 -11.868
19.170 -11.805
19.211 -11.835
19.220 -11.808
19.251 -11.839
19.252 -11.860
19.265 -11.827
19.271 -11.860
19.291 -11.842
19.296 -11.900
19.302 -11.865
19.305 -11.784
19.305 -11.826
19.305 -11.867
19.310 -11.921
19.314 -11.850
19.316 -11.846
19.323 -11.850
19.347 -11.898
19.370 -11.805
19.376 -11.907
19.390 -11.845
19.401 -11.864
19.418 -11.810
19.418 -11.788
19.428 -11.897
19.435 -11.921
19.446 -11.872
19.456 -11.933
19.456 -11.858
19.460 -11.878
19.471 -11.846
19.475 -11.852
19.476 -11.877
19.479 -11.930
19.491 -11.845
19.498 -11.832
19.505 -11.893
19.528 -11.885
19.533 -11.850
19.560 -11.893
19.562 -11.874
19.579 -11.833
19.581 -11.940
19.586 -11.790
19.586 -11.841
19.588 -11.951
19.593 -11.812
19.606 -11.836
19.657 -11.837
19.661 -11.789
19.661 -11.861
19.684 -11.844
19.713 -11.886
19.718 -11.877
19.727 -11.863
19.728 -11.846
19.735 -11.858
19.739 -11.843
19.741 -11.865
19.742 -11.880
19.769 -11.917
19.801 -11.943
19.811 -11.833
19.821 -11.931
19.836 -11.820
19.844 -11.916
19.846 -11.875
19.872 -11.856
19.890 -11.852
19.902 -11.870
19.915 -11.899
19.923 -11.876
19.925 -11.869
19.927 -11.826
19.936 -11.919
19.946 -11.936
19.957 -11.905
19.964 -11.915
19.968 -11.852
19.972 -11.870
19.974 -11.939
19.974 -11.875
19.990 -11.911
19.992 -11.924
19.995 -11.885
20.000 -11.871
20.017 -11.868
20.020 -11.867
20.022 -11.920
20.034 -11.938
20.040 -11.870
20.046 -11.916
20.060 -11.963
20.066 -11.829
20.075 -11.938
20.124 -11.826
20.129 -11.926
20.138 -11.894
20.143 -11.901
20.145 -11.862
20.147 -11.908
20.151 -11.835
20.162 -11.902
20.185 -11.982
20.193 -11.878
20.194 -11.911
20.195 -11.933
20.196 -11.919
20.199 -11.968
20.205 -11.906
20.207 -11.910
20.207 -11.900
20.207 -11.885
20.215 -11.893
20.219 -11.949
20.240 -11.924
20.249 -11.895
20.251 -11.899
20.254 -11.906
20.256 -11.893
20.267 -11.880
20.269 -11.844
20.275 -11.893
20.276 -11.864
20.277 -11.835
20.303 -11.885
20.304 -11.935
20.328 -11.907
20.328 -11.987
20.329 -11.926
20.339 -11.909
20.340 -11.931
20.354 -11.911
20.358 -11.947
20.359 -11.944
20.362 -11.947
20.372 -11.887
20.383 -11.916
20.386 -11.866
20.390 -11.914
20.396 -11.792
20.410 -11.902
20.425 -11.940
20.428 -11.788
20.431 -11.867
20.438 -11.888
20.445 -11.892
20.455 -11.912
20.475 -11.940
20.486 -11.896
20.490 -11.967
20.497 -11.935
20.498 -11.859
20.514 -11.958
20.516 -11.929
20.528 -11.915
20.535 -11.904
20.549 -11.961
20.567 -11.924
20.579 -11.850
20.587 -11.940
20.600 -11.908
20.600 -11.949
20.601 -11.897
20.604 -11.960
20.620 -11.978
20.622 -11.938
20.672 -11.954
20.673 -11.957
20.676 -11.881
20.694 -11.948
20.713 -11.923
20.714 -11.963
20.718 -11.945
20.721 -11.971
20.722 -11.955
20.734 -11.960
20.741 -11.841
20.749 -12.017
20.752 -11.951
20.755 -11.914
20.757 -11.929
20.758 -11.880
20.759 -11.871
20.760 -11.920
20.764 -11.923
20.768 -11.866
20.796 -11.913
20.803 -11.939
20.805 -11.927
20.829 -11.892
20.832 -11.911
20.838 -11.933
20.846 -11.948
20.849 -11.981
20.891 -11.915
20.893 -11.960
20.896 -11.890
20.912 -11.900
20.917 -11.905
20.936 -11.938
20.957 -11.976
20.958 -11.939
20.967 -11.963
20.987 -12.001
21.001 -11.971
21.006 -11.979
21.020 -11.982
21.030 -11.938
21.035 -11.883
21.037 -11.952
21.043 -11.915
21.067 -11.931
21.070 -11.924
21.077 -11.923
21.084 -11.930
21.087 -11.921
21.092 -11.868
21.100 -11.999
21.117 -11.926
21.120 -11.893
21.121 -11.993
21.122 -11.900
21.122 -11.915
21.125 -11.991
21.126 -11.967
21.140 -12.001
21.149 -11.938
21.152 -11.936
21.169 -11.883
21.193 -11.873
21.195 -11.974
21.200 -11.976
21.208 -11.874
21.215 -11.918
21.217 -11.966
21.245 -12.004
21.253 -11.941
21.269 -11.927
21.271 -11.965
21.273 -12.011
21.273 -11.934
21.275 -11.973
21.277 -11.878
21.283 -11.972
21.299 -11.978
21.300 -11.915
21.302 -11.973
21.304 -11.925
21.320 -11.960
21.325 -11.990
21.357 -11.949
21.366 -11.929
21.377 -11.959
21.382 -11.973
21.388 -11.956
21.403 -11.902
21.409 -11.937
21.415 -11.896
21.445 -11.990
21.471 -11.965
21.481 -11.956
21.527 -11.975
21.536 -11.969
21.541 -11.910
21.551 -11.984
21.556 -11.949
21.562 -11.987
21.573 -12.002
21.584 -12.000
21.587 -11.995
21.600 -11.934
21.608 -11.978
21.613 -11.986
21.615 -11.979
21.617 -11.896
21.625 -11.976
21.636 -11.902
21.636 -12.001
21.643 -11.946
21.644 -12.008
21.653 -11.967
21.663 -12.000
21.677 -12.014
21.722 -11.994
21.728 -12.018
21.749 -11.968
21.752 -11.945
21.756 -11.982
21.762 -11.950
21.795 -12.031
21.796 -12.009
21.803 -12.023
21.809 -11.905
21.809 -11.984
21.845 -11.989
21.846 -12.052
21.850 -12.029
21.869 -11.937
21.869 -12.029
21.879 -12.030
21.895 -11.983
21.903 -11.948
21.915 -12.003
21.928 -11.951
21.937 -11.946
21.943 -11.997
21.971 -11.928
21.974 -11.978
21.984 -11.978
21.988 -11.983
21.989 -11.949
22.003 -11.938
22.018 -12.024
22.021 -12.017
22.040 -12.004
22.040 -12.024
22.058 -12.025
22.070 -12.013
22.076 -12.013
22.082 -11.992
22.109 -11.948
22.113 -11.942
22.114 -11.950
22.132 -12.060
22.140 -11.973
22.148 -12.019
22.157 -11.903
22.161 -12.043
22.172 -12.042
22.174 -11.982
22.195 -12.062
22.196 -11.966
22.199 -12.001
22.207 -11.991
22.214 -11.974
22.223 -12.028
22.226 -12.006
22.227 -12.013
22.232 -11.997
22.239 -11.934
22.240 -11.956
22.284 -12.012
22.284 -11.996
22.284 -11.988
22.285 -12.082
22.287 -11.999
22.291 -11.928
22.297 -12.029
22.300 -11.951
22.301 -12.055
22.301 -11.985
22.303 -12.000
22.314 -12.021
22.340 -12.031
22.352 -11.987
22.362 -12.058
22.362 -11.982
22.370 -12.067
22.400 -12.013
22.403 -11.982
22.404 -11.978
22.405 -12.082
22.417 -12.022
22.418 -11.943
22.430 -12.017
22.449 -11.955
22.450 -11.996
22.451 -12.041
22.455 -11.997
22.469 -11.962
22.488 -11.952
22.489 -12.042
22.496 -12.049
22.520 -12.002
22.520 -12.076
22.523 -12.011
22.524 -12.053
22.530 -11.982
22.530 -11.960
22.530 -11.953
22.547 -12.034
22.551 -11.997
22.564 -12.008
22.565 -11.980
22.568 -11.999
22.571 -12.020
22.580 -12.084
22.585 -11.940
22.596 -12.045
22.606 -11.966
22.620 -12.013
22.651 -12.025
22.672 -11.958
22.673 -12.031
22.676 -12.018
22.676 -12.009
22.683 -12.080
22.686 -12.042
22.688 -12.086
22.690 -12.088
22.704 -11.949
22.710 -11.982
22.713 -12.056
22.720 -12.023
22.732 -11.984
22.747 -11.992
22.752 -12.014
22.760 -12.002
22.779 -12.025
22.785 -12.052
22.787 -12.026
22.790 -11.988
22.809 -11.992
22.810 -12.056
22.828 -12.004
22.842 -12.074
22.864 -11.964
22.865 -12.044
22.895 -11.973
22.921 -12.050
22.922 -12.038
22.927 -12.023
22.934 -12.073
22.936 -12.099
22.938 -11.958
22.993 -12.023
23.003 -12.059
23.003 -12.106
23.008 -12.040
23.008 -11.985
23.022 -12.013
23.046 -12.041
23.052 -11.993
23.065 -12.067
23.065 -12.015
23.079 -12.094
23.080 -12.038
23.085 -12.037
23.087 -12.025
23.100 -12.040
23.106 -12.033
23.112 -12.002
23.112 -12.044
23.124 -12.047
23.129 -12.023
23.135 -12.061
23.138 -12.030
23.144 -12.067
23.152 -12.032
23.160 -12.008
23.177 -12.037
23.181 -12.030
23.182 -12.037
23.186 -12.097
23.206 -12.052
23.213 -12.100
23.230 -12.019
23.239 -11.979
23.241 -11.989
23.242 -12.103
23.263 -12.025
23.268 -12.087
23.271 -11.989
23.271 -11.958
23.283 -12.003
23.303 -12.072
23.322 -12.105
23.326 -12.087
23.326 -12.118
23.341 -12.019
23.341 -12.046
23.358 -12.073
23.373 -12.074
23.374 -12.065
23.374 -12.104
23.375 -11.998
23.385 -12.048
23.386 -12.010
23.402 -12.008
23.402 -12.128
23.409 -12.021
23.430 -12.006
23.438 -12.053
23.452 -12.088
23.467 -12.066
23.469 -12.117
23.470 -12.088
23.480 -12.117
23.480 -12.110
23.481 -12.109
23.483 -12.018
23.491 -12.002
23.496 -12.020
23.520 -12.016
23.523 -12.035
23.531 -12.045
23.564 -11.984
23.567 -12.072
23.572 -12.038
23.577 -12.050
23.594 -12.070
23.613 -12.033
23.617 -12.087
23.618 -12.079
23.622 -12.088
23.631 -12.104
23.647 -12.026
23.652 -12.034
23.657 -12.029
23.668 -12.085
23.670 -12.036
23.670 -12.110
23.677 -12.070
23.680 -12.097
23.699 -12.068
23.719 -12.050
23.748 -12.048
23.754 -12.125
23.777 -12.038
23.802 -12.083
23.805 -12.032
23.807 -12.064
23.813 -12.076
23.820 -12.042
23.831 -12.109
23.833 -12.057
23.834 -12.064
23.835 -12.021
23.839 -12.119
23.839 -12.012
23.856 -12.107
23.868 -12.087
23.873 -12.061
23.889 -12.073
23.890 -12.021
23.898 -12.018
23.907 -11.991
23.909 -12.044
23.911 -12.116
23.911 -12.063
23.959 -12.030
23.964 -12.098
23.974 -12.080
23.979 -12.092
23.984 -12.148
24.052 -12.034
24.064 -12.111
24.067 -12.149
24.086 -12.083
24.087 -12.091
24.092 -12.093
24.095 -12.099
24.132 -12.106
24.147 -12.092
24.162 -12.162
24.169 -12.075
24.169 -12.114
24.179 -12.066
24.192 -12.038
24.225 -12.104
24.230 -12.027
24.239 -12.026
24.246 -12.122
24.254 -12.107
24.260 -12.085
24.286 -12.069
24.299 -12.115
24.300 -12.058
24.317 -12.054
24.323 -12.116
24.329 -12.099
24.340 -12.113
24.367 -12.167
24.380 -12.170
24.386 -12.076
24.415 -12.077
24.421 -12.105
24.442 -12.167
24.464 -12.094
24.473 -12.058
24.486 -12.036
24.497 -12.190
24.523 -12.145
24.526 -12.024
24.527 -12.118
24.527 -12.073
24.546 -12.151
24.560 -12.060
24.565 -12.113
24.587 -12.088
24.599 -12.106
24.614 -12.146
24.621 -12.037
24.639 -12.088
24.648 -12.110
24.658 -12.091
24.659 -12.108
24.662 -12.044
24.662 -12.135
24.668 -12.099
24.673 -12.038
24.714 -12.048
24.728 -12.138
24.739 -12.124
24.739 -12.108
24.740 -12.131
24.744 -12.175
24.762 -12.050
24.764 -12.121
24.776 -12.096
24.778 -12.100
24.805 -12.070
24.813 -12.040
24.834 -12.142
24.837 -12.130
24.881 -12.091
24.886 -12.107
24.890 -12.088
24.891 -12.164
24.893 -12.137
24.908 -12.130
24.922 -12.096
24.924 -12.107
24.932 -12.129
24.935 -12.064
24.935 -12.161
24.938 -12.147
24.951 -12.047
24.982 -12.049
24.983 -12.076
24.990 -12.059
25.011 -12.089
25.017 -12.178
25.020 -12.194
25.026 -12.063
25.037 -12.089
25.040 -12.120
25.066 -12.180
25.079 -12.112
25.088 -12.092
25.094 -12.077
25.101 -12.160
25.119 -12.153
25.144 -12.131
25.152 -12.101
25.154 -12.180
25.157 -12.060
25.159 -12.188
25.174 -12.133
25.176 -12.166
25.178 -12.162
25.199 -12.110
25.210 -12.120
25.222 -12.070
25.227 -12.146
25.262 -12.107
25.281 -12.090
25.281 -12.137
25.301 -12.128
25.303 -12.133
25.357 -12.125
25.367 -12.182
25.385 -12.160
25.391 -12.119
25.395 -12.136
25.397 -12.152
25.399 -12.096
25.408 -12.134
25.411 -12.151
25.445 -12.116
25.445 -12.219
25.449 -12.200
25.454 -12.085
25.463 -12.175
25.464 -12.095
25.499 -12.197
25.515 -12.052
25.522 -12.103
25.550 -12.153
25.554 -12.153
