# Ep lEiso
1.003 -12.991
1.007 -12.678
1.028 -12.005
1.041 -12.179
1.047 -12.770
1.062 -12.504
1.072 -11.777
1.080 -11.433
1.093 -13.022
1.093 -13.273
1.103 -12.645
1.118 -12.928
1.124 -12.033
1.136 -12.451
1.147 -12.844
1.152 -12.317
1.173 -12.569
1.176 -12.791
1.184 -11.891
1.186 -12.989
1.192 -12.453
1.193 -12.686
1.197 -11.467
1.203 -12.214
1.208 -12.447
1.216 -12.991
1.216 -12.847
1.221 -12.613
1.225 -12.466
1.228 -12.819
1.256 -12.611
1.257 -12.156
1.260 -12.939
1.268 -11.304
1.279 -12.174
1.280 -12.709
1.292 -11.326
1.299 -11.861
1.300 -12.785
1.310 -11.553
1.314 -12.935
1.318 -12.715
1.324 -12.030
1.326 -12.180
1.327 -12.807
1.332 -13.186
1.342 -12.691
1.359 -11.715
1.360 -12.289
1.361 -13.067
1.362 -12.361
1.365 -11.949
1.372 -12.915
1.375 -12.944
1.383 -12.039
1.384 -13.041
1.387 -12.875
1.410 -11.605
1.415 -12.996
1.431 -12.706
1.431 -12.620
1.441 -13.461
1.450 -13.366
1.466 -12.921
1.467 -12.115
1.478 -13.182
1.485 -12.196
1.508 -10.895
1.510 -11.861
1.518 -12.305
1.530 -12.870
1.530 -12.982
1.533 -12.320
1.538 -12.901
1.548 -12.168
1.554 -12.804
1.557 -12.887
1.573 -12.920
1.585 -12.663
1.585 -12.569
1.593 -12.968
1.595 -12.873
1.598 -13.022
1.606 -12.685
1.614 -12.800
1.618 -12.888
1.621 -13.062
1.640 -12.474
1.643 -13.006
1.646 -12.983
1.649 -12.866
1.658 -12.097
1.658 -12.316
1.659 -11.867
1.672 -11.894
1.675 -12.637
1.684 -12.055
1.704 -11.885
1.711 -13.039
1.711 -12.727
1.718 -12.729
1.719 -13.502
1.719 -12.881
1.720 -12.954
1.723 -12.253
1.727 -12.098
1.728 -12.889
1.736 -12.498
1.745 -12.620
1.748 -12.978
1.752 -12.942
1.753 -12.671
1.758 -12.840
1.765 -13.077
1.765 -12.743
1.769 -12.612
1.774 -11.989
1.818 -13.319
1.819 -11.703
1.824 -12.510
1.831 -13.274
1.833 -12.620
1.835 -12.696
1.841 -12.751
1.845 -12.832
1.847 -12.276
1.866 -12.748
1.868 -12.624
1.873 -12.254
1.881 -12.888
1.885 -12.795
1.895 -13.502
1.899 -12.954
1.907 -12.825
1.908 -12.359
1.924 -13.072
1.926 -11.757
1.941 -12.922
1.942 -13.403
1.951 -11.947
1.958 -12.402
1.959 -12.833
1.961 -12.561
1.976 -12.581
1.978 -12.367
1.981 -13.153
2.005 -12.632
2.007 -12.908
2.042 -13.051
2.043 -12.636
2.044 -11.560
2.077 -12.803
2.083 -12.869
2.094 -13.347
2.107 -12.994
2.126 -12.973
2.133 -12.948
2.134 -12.003
2.155 -12.927
2.161 -12.875
2.165 -12.906
2.175 -12.844
2.176 -11.949
2.184 -12.747
2.188 -12.735
2.207 -12.915
2.221 -12.648
2.261 -12.651
2.265 -12.453
2.273 -12.493
2.278 -12.756
2.288 -13.021
2.289 -12.359
2.312 -12.801
2.319 -11.613
2.322 -12.731
2.330 -12.169
2.331 -11.365
2.338 -12.449
2.342 -11.945
2.350 -12.719
2.367 -11.786
2.370 -12.355
2.375 -13.107
2.375 -12.551
2.401 -13.057
2.419 -12.462
2.427 -12.670
2.429 -11.797
2.443 -13.137
2.449 -12.632
2.454 -12.815
2.455 -12.892
2.462 -12.797
2.484 -12.417
2.497 -12.717
2.509 -12.352
2.516 -13.196
2.520 -12.563
2.524 -12.651
2.526 -12.814
2.531 -12.106
2.554 -12.709
2.561 -12.928
2.574 -11.744
2.578 -12.772
2.579 -12.409
2.586 -12.807
2.595 -13.128
2.600 -12.409
2.610 -12.712
2.613 -11.206
2.620 -12.533
2.654 -12.923
2.675 -13.220
2.681 -13.171
2.681 -12.761
2.687 -11.488
2.698 -13.004
2.703 -12.457
2.729 -12.284
2.812 -13.350
2.814 -12.394
2.819 -12.549
2.820 -12.743
2.845 -12.580
2.855 -11.410
2.862 -12.906
2.863 -12.733
2.869 -12.496
2.908 -12.813
2.910 -13.448
2.916 -12.346
2.967 -12.091
2.990 -12.966
3.006 -12.323
3.051 -12.637
3.082 -12.066
3.085 -12.675
3.113 -12.844
3.117 -13.001
3.139 -12.885
3.141 -12.232
3.153 -13.136
3.158 -12.995
3.158 -12.828
3.180 -12.726
3.196 -12.718
3.243 -12.706
3.244 -12.782
3.265 -13.011
3.280 -13.087
3.282 -13.756
3.319 -13.090
3.319 -12.737
3.320 -12.483
3.327 -12.751
3.331 -12.288
3.349 -13.084
3.363 -12.679
3.369 -12.893
3.370 -13.139
3.382 -12.840
3.442 -12.839
3.521 -12.946
3.522 -12.433
3.535 -13.268
3.581 -13.074
3.590 -12.005
3.596 -12.767
3.601 -12.897
3.621 -12.740
3.640 -13.065
3.642 -12.826
3.645 -12.077
3.650 -12.808
3.684 -12.927
3.700 -12.930
3.721 -12.120
3.726 -12.733
3.727 -12.958
3.732 -13.301
3.741 -12.442
3.756 -12.980
3.774 -13.011
3.783 -12.191
3.800 -12.818
3.805 -12.953
3.853 -12.950
3.854 -12.921
3.875 -13.219
3.876 -13.228
3.925 -12.716
3.981 -12.497
3.998 -12.767
4.027 -13.087
4.073 -13.237
4.089 -12.912
4.170 -12.736
4.207 -13.163
4.215 -13.088
4.218 -12.941
4.242 -12.699
4.267 -12.995
4.273 -13.026
4.298 -12.727
4.307 -12.818
4.351 -12.432
4.353 -13.282
4.355 -12.859
4.386 -12.975
4.404 -13.035
4.411 -12.993
4.426 -13.099
4.446 -13.361
4.468 -13.226
4.484 -13.020
4.513 -13.196
4.514 -13.042
4.518 -12.638
4.627 -12.820
4.649 -12.641
4.732 -12.829
4.735 -12.965
4.768 -13.770
4.784 -12.962
4.837 -12.836
4.851 -13.210
4.866 -12.981
4.873 -13.566
4.874 -12.733
4.875 -13.114
4.887 -13.339
4.897 -12.882
4.903 -12.856
4.921 -12.877
4.988 -13.183
5.057 -12.588
5.075 -13.241
5.120 -12.846
5.152 -12.964
5.204 -12.963
5.205 -12.478
5.237 -13.182
5.259 -13.336
5.290 -13.021
5.320 -13.413
5.321 -12.930
5.334 -13.060
5.367 -12.855
5.379 -12.895
5.383 -13.053
5.392 -13.392
5.428 -12.851
5.452 -13.354
5.471 -13.157
5.542 -13.109
5.557 -12.883
5.641 -13.160
5.646 -13.040
5.700 -12.772
5.706 -13.461
5.719 -12.843
5.721 -12.828
5.725 -13.536
5.743 -12.773
5.782 -12.796
5.950 -13.184
5.961 -13.903
5.962 -12.943
6.043 -12.828
6.142 -13.088
6.160 -13.031
6.189 -12.940
6.195 -12.826
6.220 -12.901
6.232 -12.854
6.240 -12.946
6.242 -13.046
6.334 -13.275
6.446 -13.188
6.479 -13.316
6.514 -13.345
6.567 -13.547
6.594 -13.241
6.600 -12.976
6.689 -12.847
6.752 -12.819
6.799 -12.933
6.845 -13.116
6.878 -13.187
6.883 -12.926
6.891 -14.040
6.924 -13.247
6.963 -13.355
7.002 -13.153
7.028 -13.217
7.043 -13.035
7.060 -12.929
7.068 -13.367
7.068 -13.467
7.125 -13.191
7.134 -13.269
7.146 -13.019
7.163 -13.243
7.227 -13.208
7.238 -12.903
7.245 -13.241
7.293 -13.359
7.314 -12.918
7.337 -13.213
7.389 -13.517
7.410 -12.980
7.445 -13.354
7.628 -12.632
7.646 -13.269
7.681 -13.067
7.703 -13.180
7.711 -12.865
7.718 -13.159
7.734 -13.302
7.778 -13.122
7.868 -13.640
7.898 -12.976
7.904 -13.186
7.906 -13.328
7.913 -13.238
7.925 -13.550
7.949 -13.155
7.953 -13.182
7.954 -13.118
7.955 -13.660
7.985 -13.074
8.001 -13.431
8.085 -13.273
8.122 -13.091
8.128 -13.114
8.140 -13.161
8.150 -13.080
8.190 -12.996
8.198 -13.300
8.223 -13.083
8.226 -13.538
8.231 -13.476
8.333 -13.034
8.338 -13.354
8.431 -13.178
8.435 -13.696
8.439 -13.303
8.478 -13.196
8.479 -13.334
8.534 -13.209
8.554 -13.440
8.557 -13.422
8.567 -13.444
8.611 -13.059
8.653 -13.243
8.667 -12.925
8.683 -13.233
8.709 -13.643
8.764 -13.161
8.825 -13.411
8.839 -13.377
8.852 -12.943
8.880 -13.078
8.909 -13.102
8.951 -13.235
9.029 -13.420
9.076 -13.139
9.092 -13.592
9.121 -13.386
9.126 -12.898
9.190 -13.512
9.197 -13.353
9.250 -13.267
9.278 -13.196
9.333 -13.566
9.410 -13.327
9.460 -12.851
9.492 -13.428
9.547 -13.216
9.547 -13.478
9.553 -13.144
9.562 -13.552
9.631 -13.658
9.638 -13.404
9.850 -13.488
9.852 -13.834
9.866 -13.022
9.940 -13.442
10.021 -13.278
10.028 -13.538
10.041 -13.420
10.054 -13.587
10.059 -13.481
10.110 -13.513
10.138 -12.992
10.174 -13.872
10.184 -13.450
10.197 -13.566
10.208 -13.305
10.212 -12.988
10.215 -12.934
10.220 -13.245
10.237 -13.270
10.255 -12.900
10.375 -13.212
10.405 -13.381
10.411 -13.304
10.517 -13.624
10.527 -13.209
10.554 -13.354
10.587 -13.452
10.603 -13.372
10.783 -13.252
10.790 -13.539
10.802 -13.519
10.871 -13.224
10.894 -13.795
10.976 -13.410
11.068 -13.646
11.073 -13.412
11.111 -13.562
11.190 -13.798
11.245 -13.601
11.265 -13.655
11.319 -13.667
11.359 -13.383
11.378 -14.207
11.387 -13.468
11.410 -13.229
11.504 -13.324
11.517 -13.278
11.543 -13.272
11.572 -13.315
11.581 -13.255
11.601 -12.912
11.633 -13.752
11.700 -13.277
11.710 -13.065
11.717 -13.708
11.719 -13.871
11.719 -13.207
11.732 -13.696
11.737 -13.541
11.793 -13.762
11.829 -13.360
11.840 -13.644
11.905 -13.014
12.001 -13.579
12.011 -13.606
12.030 -13.615
12.063 -12.960
12.091 -13.249
12.097 -13.554
12.210 -13.812
12.241 -13.407
12.307 -13.319
12.312 -13.566
12.320 -13.860
12.323 -13.368
12.328 -13.617
12.335 -13.008
12.360 -13.610
12.424 -13.652
12.431 -13.246
12.436 -13.615
12.447 -13.874
12.510 -13.527
12.529 -13.720
12.662 -13.443
12.698 -13.312
12.741 -13.501
12.761 -13.592
12.789 -13.480
12.847 -13.129
12.872 -13.351
12.897 -13.083
13.017 -13.679
13.129 -13.520
13.168 -13.464
13.359 -13.588
13.397 -13.549
13.418 -13.801
13.458 -13.646
13.478 -13.423
13.504 -13.664
13.548 -13.764
13.595 -13.751
13.610 -13.714
13.664 -13.319
13.696 -13.604
13.718 -13.649
13.726 -13.606
13.734 -13.069
13.769 -13.580
13.817 -13.105
13.817 -13.743
13.846 -13.957
13.850 -13.783
13.888 -13.518
13.928 -13.728
13.987 -12.835
14.182 -13.675
14.204 -13.828
14.299 -13.511
14.310 -13.364
14.329 -13.606
14.352 -13.611
14.494 -13.921
14.501 -13.785
14.529 -13.876
14.554 -13.115
14.557 -13.626
14.713 -13.648
14.717 -14.055
14.737 -13.905
14.820 -13.304
14.820 -13.899
14.865 -13.902
14.932 -13.595
14.970 -13.367
15.022 -13.715
15.078 -13.377
15.123 -13.604
15.147 -13.669
15.275 -13.215
15.287 -13.838
15.333 -13.531
15.351 -13.562
15.352 -13.346
15.419 -13.270
15.486 -13.832
15.501 -13.790
15.585 -13.706
15.588 -13.840
15.670 -13.849
15.722 -13.780
15.752 -13.780
15.778 -13.642
15.903 -13.352
15.923 -13.309
15.929 -13.362
16.013 -14.065
16.049 -13.498
16.084 -13.794
16.129 -13.048
16.147 -13.944
16.201 -13.937
16.207 -13.550
16.307 -14.056
16.313 -13.800
16.327 -13.663
16.363 -13.598
16.398 -13.486
16.443 -13.826
16.457 -13.687
16.462 -13.730
16.483 -13.625
16.519 -13.218
16.525 -13.360
16.734 -13.708
16.734 -13.104
16.737 -13.554
16.740 -14.154
16.752 -13.625
16.769 -13.164
16.799 -13.811
16.816 -13.310
16.817 -13.979
16.821 -13.531
16.829 -13.626
16.881 -13.757
17.009 -13.822
17.071 -13.554
17.118 -14.022
17.121 -13.532
17.159 -14.084
17.310 -13.725
17.327 -13.867
17.331 -13.504
17.336 -14.167
17.398 -13.782
17.402 -13.275
17.463 -13.747
17.561 -13.339
17.564 -13.605
17.572 -13.893
17.590 -13.607
17.663 -13.377
17.762 -13.311
17.765 -13.889
17.801 -13.930
17.926 -13.582
17.930 -14.055
17.944 -13.633
17.950 -13.913
17.978 -13.506
17.980 -13.190
17.980 -13.327
18.071 -13.866
18.092 -13.629
18.162 -13.693
18.164 -13.157
18.179 -13.635
18.199 -13.767
18.246 -14.179
18.271 -13.253
18.326 -13.921
18.371 -13.414
18.435 -13.708
18.585 -13.778
18.686 -13.927
18.690 -13.763
18.704 -13.674
18.705 -13.615
18.741 -14.072
18.756 -13.826
18.763 -14.112
18.774 -14.123
18.840 -13.223
18.870 -13.629
18.885 -13.906
18.923 -13.695
18.980 -13.443
19.055 -13.508
19.079 -13.653
19.118 -13.591
19.213 -13.740
19.245 -13.908
19.254 -13.175
19.270 -13.498
19.368 -13.515
19.372 -14.023
19.461 -13.592
19.533 -14.035
19.647 -13.249
19.656 -13.837
19.811 -13.370
19.946 -13.859
19.955 -13.782
19.982 -13.679
20.016 -13.999
20.031 -14.166
20.041 -13.261
20.335 -13.721
20.389 -13.892
20.391 -13.077
20.417 -13.765
20.422 -13.415
20.495 -13.589
20.633 -13.763
20.666 -13.451
20.735 -13.925
20.739 -13.587
20.821 -14.089
20.822 -13.735
20.853 -13.721
20.864 -13.851
20.940 -13.976
20.973 -13.694
21.006 -13.489
21.006 -13.759
21.076 -13.779
21.108 -13.761
21.139 -13.864
21.161 -13.665
21.196 -13.899
21.244 -13.670
21.287 -13.513
21.391 -13.970
21.417 -13.695
21.422 -13.912
21.446 -14.078
21.566 -13.783
21.605 -14.092
21.710 -13.565
21.766 -13.304
21.781 -13.370
21.789 -14.099
21.914 -13.593
21.946 -13.994
21.967 -13.359
21.967 -13.159
22.039 -13.448
22.164 -13.889
22.293 -14.106
22.317 -13.991
22.321 -14.187
22.416 -13.554
22.417 -14.335
22.529 -13.908
22.623 -13.915
22.629 -13.857
22.634 -14.108
22.639 -13.165
22.703 -13.750
22.711 -13.508
22.817 -13.493
22.820 -14.266
22.869 -13.578
23.012 -13.475
23.065 -13.769
23.165 -13.994
23.267 -13.849
23.283 -14.173
23.291 -13.987
23.357 -14.170
23.360 -14.126
23.362 -13.225
23.379 -13.536
23.436 -13.053
23.472 -13.124
23.647 -13.512
23.668 -13.629
23.726 -13.693
23.973 -13.294
23.994 -13.859
24.036 -13.635
24.067 -13.709
24.194 -13.835
24.340 -13.589
24.367 -13.941
24.380 -13.885
24.408 -13.946
24.484 -14.041
24.610 -13.540
24.650 -13.584
24.697 -13.556
24.782 -13.908
24.798 -13.464
24.802 -14.070
24.854 -13.813
24.880 -13.987
25.034 -13.789
25.197 -13.672
25.432 -13.254
25.491 -14.140
25.693 -13.976
25.923 -13.861
25.945 -13.528
25.960 -13.733
26.017 -13.812
26.081 -13.591
26.180 -14.019
26.200 -13.683
26.207 -13.729
26.218 -13.449
26.251 -13.250
26.256 -13.392
26.407 -13.996
26.511 -13.866
26.555 -13.697
26.710 -13.772
26.721 -13.436
26.798 -13.410
26.889 -13.235
26.915 -13.575
26.937 -14.039
26.937 -13.701
27.420 -13.471
27.473 -13.908
27.574 -13.792
27.621 -13.862
27.677 -14.221
28.409 -13.477
28.544 -14.472
28.575 -14.218
28.810 -13.796
28.820 -13.845
28.872 -13.857
28.908 -13.896
29.350 -13.946
29.527 -13.853
29.700 -14.308
29.782 -13.748
29.786 -13.995
29.906 -13.689
30.084 -13.507
30.541 -13.919
30.608 -13.423
30.741 -13.419
30.835 -14.031
30.947 -13.932
31.045 -13.787
31.409 -13.184
31.585 -13.208
31.609 -13.607
31.845 -13.573
31.924 -13.969
32.011 -13.858
32.168 -13.949
32.629 -14.289
32.867 -14.302
32.961 -13.950
33.469 -13.286
33.574 -13.875
33.940 -14.267
34.338 -13.792
34.485 -13.553
34.707 -13.408
34.914 -14.398
35.485 -14.101
35.544 -13.320
35.576 -13.926
35.580 -13.635
36.004 -14.136
36.314 -13.541
36.431 -13.884
36.908 -13.930
37.182 -13.828
37.514 -14.082
37.683 -13.381
38.078 -13.702
38.291 -14.272
38.559 -13.907
38.604 -13.826
38.676 -13.413
38.681 -13.998
38.862 -13.765
39.008 -13.212
40.237 -14.193
40.658 -14.000
40.984 -14.162
40.999 -13.801
41.010 -13.953
41.130 -14.235
41.678 -13.422
41.750 -13.881
42.091 -13.717
42.156 -13.739
43.112 -13.211
43.415 -13.344
44.319 -13.995
44.437 -13.918
46.274 -13.657
46.488 -13.753
46.650 -13.319
46.699 -14.122
46.787 -13.946
47.418 -13.222
47.977 -13.673
48.072 -13.745
48.553 -13.878
48.689 -13.455
48.699 -14.079
48.929 -13.983
49.699 -13.329
51.601 -14.214
51.682 -13.478
52.082 -13.361
53.373 -13.968
53.773 -14.099
53.930 -14.199
54.287 -13.350
54.964 -13.500
55.189 -13.697
57.563 -14.074
58.789 -13.636
59.610 -13.503
60.212 -14.101
60.870 -12.964
62.503 -13.890
64.898 -13.737
66.044 -13.537
66.375 -14.041
66.863 -13.271
67.132 -14.091
69.425 -13.723
69.714 -13.932
70.075 -13.908
73.168 -13.555
74.877 -13.609
76.792 -13.277
77.461 -13.763
86.215 -13.452
90.869 -13.311
90.883 -13.684
96.165 -13.523
97.123 -13.554
120.530 -13.392
127.456 -13.731
140.917 -13.528
145.657 -13.243
148.222 -13.461
149.446 -13.437
150.994 -13.358
158.198 -13.286
161.549 -13.385
205.398 -13.040
205.984 -13.695
211.389 -13.564
217.803 -12.809
238.514 -13.344
240.197 -13.379
333.139 -13.340
406.344 -12.327
438.707 -13.030
833.226 -12.657
1071.361 -12.543
