# Ep lEiso
1.942 -9.429
4.142 -9.531
32.724 -9.581
35.960 -9.595
37.203 -9.705
39.141 -10.259
40.062 -10.204
40.712 -10.159
41.711 -10.297
41.750 -10.322
42.317 -10.253
43.070 -10.280
43.349 -10.172
43.923 -10.216
44.447 -10.369
44.592 -10.134
45.220 -10.276
45.320 -10.210
45.561 -10.446
45.625 -10.361
45.797 -10.291
45.825 -10.267
45.937 -10.150
46.120 -10.272
46.273 -10.317
46.502 -10.415
46.508 -10.243
46.604 -10.355
46.684 -10.332
46.744 -10.388
47.306 -10.237
47.332 -10.553
47.376 -10.482
47.547 -10.150
47.753 -10.448
47.774 -10.568
48.025 -10.154
48.155 -10.239
48.169 -10.501
48.370 -10.191
48.448 -10.408
48.499 -10.373
48.589 -10.506
48.606 -10.521
48.630 -10.388
48.692 -10.230
48.838 -10.525
49.066 -10.217
49.084 -10.307
49.098 -10.470
49.118 -10.318
49.156 -10.569
49.250 -10.405
49.289 -10.410
49.403 -10.268
49.419 -10.425
49.469 -10.448
49.790 -10.201
49.859 -10.419
50.082 -10.550
50.082 -10.541
50.195 -10.492
50.266 -10.477
50.385 -10.406
50.393 -10.564
50.481 -10.523
50.534 -10.292
50.707 -10.087
50.724 -10.239
50.784 -10.308
50.874 -10.481
50.875 -10.483
50.897 -10.310
50.936 -10.422
51.006 -10.536
51.052 -10.385
51.079 -10.208
51.199 -10.403
51.286 -10.362
51.290 -10.347
51.346 -10.450
51.365 -10.203
51.390 -10.437
51.444 -10.365
51.510 -10.383
51.539 -10.396
51.565 -10.424
51.708 -10.331
51.725 -10.414
51.750 -10.410
51.772 -10.392
51.823 -10.271
51.827 -10.305
51.833 -10.235
51.912 -10.238
51.932 -10.355
51.987 -10.263
52.110 -10.236
52.151 -10.245
52.153 -10.368
52.194 -10.465
52.198 -10.490
52.203 -10.543
52.209 -10.404
52.225 -10.293
52.248 -10.269
52.253 -10.393
52.306 -10.331
52.361 -10.351
52.378 -10.530
52.407 -10.474
52.410 -10.530
52.441 -10.385
52.481 -10.422
52.485 -10.369
52.511 -10.348
52.542 -10.212
52.810 -10.459
52.814 -10.204
52.848 -10.331
52.892 -10.451
52.904 -10.348
52.913 -10.360
52.954 -10.573
52.977 -10.307
52.990 -10.293
53.106 -10.555
53.118 -10.447
53.150 -10.289
53.194 -10.420
53.215 -10.420
53.267 -10.483
53.289 -10.396
53.330 -10.608
53.336 -10.412
53.421 -10.412
53.432 -10.204
53.513 -10.386
53.518 -10.461
53.567 -10.231
53.601 -10.302
53.610 -10.230
53.618 -10.327
53.698 -10.328
53.708 -10.294
53.719 -10.441
53.812 -10.508
53.824 -10.377
53.959 -10.396
53.965 -10.331
53.966 -10.163
54.097 -10.355
54.123 -10.566
54.167 -10.439
54.216 -10.480
54.292 -10.377
54.318 -10.445
54.323 -10.226
54.407 -10.388
54.430 -10.648
54.445 -10.364
54.480 -10.410
54.483 -10.434
54.512 -10.544
54.527 -10.338
54.594 -10.366
54.643 -10.324
54.785 -10.325
54.800 -10.294
54.828 -10.300
54.845 -10.341
54.882 -10.382
54.884 -10.415
54.968 -10.470
54.990 -10.163
55.001 -10.471
55.029 -10.250
55.033 -10.124
55.060 -10.293
55.073 -10.215
55.103 -10.335
55.161 -10.190
55.173 -10.523
55.189 -10.396
55.192 -10.309
55.281 -10.388
55.347 -10.295
55.373 -10.159
55.382 -10.192
55.431 -10.400
55.451 -10.322
55.472 -10.350
55.473 -10.362
55.499 -10.347
55.578 -10.572
55.620 -10.142
55.660 -10.278
55.682 -10.409
55.697 -10.407
55.708 -10.425
55.717 -10.482
55.731 -10.240
55.809 -10.317
55.831 -10.255
55.876 -10.184
55.887 -10.343
55.891 -10.449
55.915 -10.349
55.942 -10.399
55.961 -10.494
55.992 -10.228
56.002 -10.100
56.020 -10.306
56.105 -10.367
56.161 -10.486
56.174 -10.405
56.176 -10.481
56.191 -10.144
56.220 -10.165
56.231 -10.294
56.297 -10.267
56.508 -10.433
56.515 -10.285
56.526 -10.420
56.528 -10.339
56.593 -10.314
56.618 -10.131
56.635 -10.364
56.636 -10.419
56.652 -10.300
56.746 -10.350
56.751 -10.449
56.766 -10.277
56.888 -10.440
56.944 -10.374
56.983 -10.273
57.093 -10.322
57.167 -10.233
57.175 -10.328
57.242 -10.355
57.252 -10.379
57.305 -10.361
57.311 -10.259
57.341 -10.400
57.351 -10.462
57.352 -10.352
57.406 -10.336
57.445 -10.335
57.557 -10.457
57.558 -10.555
57.607 -10.248
57.643 -10.388
57.646 -10.492
57.734 -10.194
57.735 -10.330
57.736 -10.291
57.754 -10.437
57.762 -10.259
57.796 -10.382
57.823 -10.318
57.834 -10.351
57.836 -10.389
57.859 -10.341
57.970 -10.420
58.119 -10.208
58.121 -10.403
58.146 -10.395
58.231 -10.362
58.249 -10.196
58.260 -10.173
58.270 -10.333
58.306 -10.410
58.342 -10.411
58.345 -10.383
58.352 -10.205
58.361 -10.142
58.422 -10.568
58.451 -10.208
58.490 -10.437
58.499 -10.391
58.501 -10.181
58.510 -10.392
58.527 -10.472
58.555 -10.342
58.588 -10.432
58.605 -10.220
58.636 -10.528
58.646 -10.279
58.733 -10.436
58.735 -10.331
58.774 -10.377
58.775 -10.454
58.865 -10.241
58.969 -10.263
59.000 -10.115
59.052 -10.495
59.136 -10.376
59.165 -10.138
59.298 -10.414
59.353 -10.427
59.365 -10.422
59.369 -10.465
59.406 -10.292
59.443 -10.153
59.452 -10.463
59.490 -10.212
59.503 -10.403
59.570 -10.451
59.573 -10.382
59.576 -10.467
59.622 -10.357
59.648 -10.145
59.660 -10.180
59.682 -10.353
59.712 -10.394
59.745 -10.373
59.768 -10.467
59.812 -10.373
59.814 -10.187
59.819 -10.283
59.981 -10.311
60.015 -10.283
60.139 -10.107
60.143 -10.430
60.193 -10.457
60.216 -10.332
60.295 -10.313
60.316 -10.233
60.338 -10.335
60.349 -10.478
60.350 -10.253
60.352 -10.356
60.370 -10.390
60.385 -10.320
60.393 -10.437
60.421 -10.177
60.516 -10.216
60.604 -10.273
60.627 -10.373
60.684 -10.312
60.726 -10.329
60.793 -10.275
60.794 -10.253
60.834 -10.222
60.862 -10.385
60.903 -10.336
60.941 -10.484
60.943 -10.321
60.959 -10.407
61.001 -10.285
61.016 -10.396
61.021 -10.262
61.033 -10.391
61.080 -10.435
61.109 -10.424
61.134 -10.235
61.225 -10.345
61.245 -10.222
61.352 -10.414
61.358 -10.207
61.428 -10.290
61.436 -10.397
61.453 -10.248
61.454 -10.099
61.460 -10.408
61.484 -10.263
61.533 -10.405
61.736 -10.378
61.748 -10.439
61.749 -10.375
61.842 -10.361
61.955 -10.411
61.976 -10.161
62.010 -10.073
62.017 -10.113
62.045 -10.360
62.059 -10.132
62.068 -10.401
62.070 -10.421
62.176 -10.457
62.306 -10.160
62.343 -10.256
62.384 -10.463
62.446 -10.242
62.476 -10.335
62.483 -10.121
62.586 -10.151
62.659 -10.271
62.710 -10.287
62.759 -10.315
62.794 -10.445
62.800 -10.181
62.808 -10.454
62.844 -10.334
62.885 -10.191
62.928 -10.319
62.955 -10.328
62.972 -10.267
62.990 -10.285
62.999 -10.351
62.999 -10.108
63.060 -10.324
63.070 -10.335
63.083 -10.161
63.101 -10.284
63.170 -10.280
63.183 -10.374
63.189 -10.489
63.242 -10.348
63.264 -10.231
63.290 -10.325
63.346 -10.123
63.369 -10.240
63.406 -10.099
63.606 -10.235
63.626 -10.196
63.662 -10.300
63.685 -10.317
63.692 -10.207
63.701 -10.313
63.717 -10.194
63.760 -10.307
63.844 -10.384
63.870 -10.416
63.876 -10.242
63.878 -10.149
63.884 -10.434
63.895 -10.369
63.917 -10.242
63.921 -10.313
63.922 -10.215
63.922 -10.385
63.950 -10.296
63.964 -10.413
64.041 -10.212
64.075 -10.138
64.081 -10.287
64.092 -10.294
64.101 -10.432
64.138 -10.373
64.145 -10.234
64.168 -10.134
64.171 -10.131
64.175 -10.409
64.269 -10.423
64.274 -10.348
64.360 -10.291
64.363 -10.369
64.367 -10.085
64.403 -10.293
64.404 -10.430
64.455 -10.294
64.473 -10.219
64.476 -10.436
64.485 -10.352
64.524 -10.410
64.562 -10.393
64.575 -10.249
64.589 -10.344
64.612 -10.142
64.661 -10.283
64.717 -10.320
64.729 -10.172
64.741 -10.249
64.767 -10.269
64.793 -10.207
64.831 -10.203
64.902 -10.371
64.945 -10.373
64.960 -10.475
64.986 -10.137
64.990 -10.237
65.049 -10.333
65.055 -10.157
65.104 -10.239
65.130 -10.229
65.180 -10.394
65.251 -10.297
65.296 -10.226
65.325 -10.238
65.374 -10.279
65.374 -10.318
65.379 -10.268
65.388 -10.329
65.450 -10.454
65.457 -10.358
65.649 -10.351
65.651 -10.158
65.664 -10.239
65.733 -10.110
65.807 -10.409
65.813 -10.316
65.825 -10.022
65.838 -10.130
65.842 -10.196
65.889 -10.312
65.915 -10.408
65.948 -10.366
65.957 -10.303
65.969 -10.375
65.980 -10.366
65.984 -10.215
65.986 -10.184
65.991 -10.272
66.006 -10.276
66.023 -10.186
66.132 -10.377
66.160 -10.369
66.166 -10.277
66.262 -10.211
66.271 -10.375
66.296 -10.382
66.326 -10.296
66.342 -10.327
66.509 -10.262
66.516 -10.305
66.527 -10.238
66.591 -10.246
66.613 -10.101
66.690 -10.338
66.774 -10.149
66.779 -10.355
66.815 -10.074
66.889 -10.340
66.941 -10.311
66.959 -10.319
67.010 -10.209
67.047 -10.278
67.065 -10.401
67.073 -10.291
67.095 -10.202
67.183 -10.269
67.195 -10.263
67.220 -10.262
67.246 -10.086
67.256 -10.396
67.274 -10.208
67.305 -10.203
67.370 -10.262
67.380 -10.231
67.386 -10.327
67.388 -10.351
67.388 -10.252
67.400 -10.079
67.405 -10.385
67.458 -10.333
67.492 -10.272
67.502 -10.194
67.564 -10.133
67.655 -10.207
67.664 -10.305
67.683 -10.306
67.714 -10.114
67.741 -10.250
67.746 -10.295
67.853 -10.159
67.884 -10.269
67.948 -10.252
67.953 -10.235
67.961 -10.149
67.964 -10.258
67.969 -10.295
67.976 -10.404
68.001 -10.292
68.062 -10.164
68.069 -10.100
68.074 -10.289
68.085 -10.327
68.145 -10.356
68.164 -10.301
68.292 -10.255
68.326 -10.135
68.367 -10.392
68.387 -10.274
68.413 -10.256
68.470 -10.202
68.494 -10.369
68.518 -10.194
68.639 -10.282
68.749 -10.205
68.787 -10.248
68.976 -10.343
69.013 -10.258
69.034 -10.202
69.073 -10.272
69.092 -10.238
69.118 -10.274
69.162 -10.288
69.208 -10.285
69.223 -10.280
69.275 -10.222
69.307 -10.183
69.329 -10.109
69.337 -10.146
69.345 -10.400
69.381 -10.372
69.430 -10.190
69.430 -10.102
69.460 -10.316
69.464 -10.290
69.503 -10.062
69.543 -10.294
69.603 -10.151
69.801 -10.273
69.823 -10.102
69.917 -10.082
69.928 -10.327
69.947 -10.261
69.970 -10.230
70.111 -10.304
70.119 -10.284
70.146 -10.297
70.172 -10.402
70.174 -10.323
70.338 -10.259
70.342 -10.318
70.363 -10.084
70.449 -10.206
70.450 -10.099
70.497 -10.292
70.567 -10.132
70.606 -10.211
70.660 -10.261
70.718 -10.210
70.764 -10.325
70.789 -10.251
70.919 -10.095
70.932 -10.272
70.979 -10.226
70.998 -10.230
70.999 -10.091
71.067 -10.185
71.134 -10.265
71.149 -10.258
71.235 -10.330
71.239 -10.149
71.328 -10.261
71.384 -10.250
71.417 -10.250
71.445 -10.230
71.578 -10.187
71.600 -10.181
71.606 -10.189
71.696 -10.291
71.735 -10.187
71.772 -10.252
71.819 -10.143
71.838 -10.301
71.895 -10.273
71.901 -10.216
72.007 -10.290
72.013 -10.281
72.028 -10.233
72.065 -10.335
72.101 -10.291
72.147 -10.256
72.162 -10.135
72.168 -10.242
72.189 -10.227
72.226 -10.168
72.232 -10.367
72.450 -10.048
72.451 -10.100
72.454 -10.217
72.457 -10.304
72.470 -10.389
72.489 -10.320
72.523 -10.278
72.543 -10.182
72.544 -10.111
72.548 -10.214
72.556 -10.227
72.614 -10.115
72.756 -10.123
72.825 -10.169
72.877 -10.278
72.880 -10.207
72.921 -10.442
73.086 -10.234
73.104 -10.318
73.108 -10.202
73.114 -10.387
73.181 -10.323
73.185 -10.447
73.250 -10.238
73.355 -10.179
73.358 -10.298
73.367 -10.259
73.387 -10.217
73.463 -10.184
73.569 -10.175
73.572 -10.258
73.609 -10.264
73.740 -10.219
73.744 -10.288
73.759 -10.169
73.765 -10.266
73.794 -10.200
73.796 -10.154
73.796 -10.358
73.899 -10.274
73.923 -10.213
74.003 -10.195
74.006 -10.359
74.024 -10.185
74.046 -10.233
74.100 -10.293
74.129 -10.159
74.201 -10.256
74.260 -10.182
74.342 -10.225
74.534 -10.154
74.663 -10.172
74.667 -10.240
74.685 -10.227
74.686 -10.218
74.732 -10.285
74.750 -10.305
74.760 -10.290
74.774 -10.017
74.857 -10.162
74.894 -10.192
74.913 -10.084
74.960 -10.110
75.030 -10.194
75.123 -10.200
75.153 -10.095
75.201 -10.208
75.317 -10.332
75.355 -10.068
75.367 -10.055
75.387 -10.194
75.510 -10.298
75.516 -10.142
75.639 -10.140
75.737 -10.410
75.892 -10.070
75.904 -10.238
76.113 -10.318
76.291 -10.236
76.303 -10.071
76.338 -10.209
76.383 -10.254
76.402 -10.278
76.415 -10.148
76.796 -10.201
76.866 -10.233
76.869 -10.116
76.902 -10.298
76.907 -10.331
76.999 -10.323
77.173 -10.246
77.214 -10.166
77.301 -10.052
77.306 -10.157
77.410 -10.254
77.411 -10.203
77.455 -10.201
77.472 -10.024
77.580 -10.236
77.628 -10.195
77.676 -10.166
77.676 -10.204
77.776 -10.206
77.822 -10.183
77.865 -10.247
77.896 -10.135
77.944 -10.087
78.010 -10.188
78.070 -10.165
78.213 -10.228
78.250 -9.983
78.257 -10.074
78.290 -10.242
78.456 -10.199
78.509 -10.242
78.648 -10.166
78.723 -10.083
78.742 -10.137
78.753 -10.117
78.919 -10.114
78.961 -10.223
78.989 -10.133
78.990 -10.068
79.085 -10.144
79.248 -10.040
79.411 -10.284
79.441 -10.215
79.446 -10.242
79.566 -10.249
79.567 -10.260
79.723 -10.302
79.867 -10.131
79.877 -10.190
79.883 -10.056
79.891 -10.261
79.990 -10.174
80.002 -10.289
80.157 -10.138
80.161 -10.326
80.231 -10.150
80.438 -10.135
80.513 -10.139
80.657 -10.208
80.804 -10.188
80.828 -10.233
80.839 -10.207
80.934 -10.306
80.938 -10.227
80.941 -10.024
80.966 -10.047
81.047 -10.076
81.099 -10.086
81.334 -10.141
81.364 -10.029
81.441 -10.166
81.772 -10.110
81.799 -10.119
81.856 -10.158
81.898 -10.234
82.067 -10.053
82.263 -10.151
82.298 -10.201
82.317 -10.193
82.360 -10.200
82.476 -10.212
82.669 -10.139
82.730 -10.144
82.802 -10.139
82.932 -10.186
82.956 -10.124
82.962 -10.003
83.043 -10.171
83.082 -10.194
83.318 -10.163
83.568 -10.143
83.923 -10.079
84.004 -10.029
84.283 -10.097
84.600 -10.153
84.630 -10.106
84.651 -10.134
84.730 -10.144
84.818 -10.089
84.954 -10.009
84.983 -10.029
84.992 -10.128
85.008 -10.033
85.053 -10.003
85.060 -10.081
85.268 -10.250
85.411 -10.017
85.475 -10.117
85.737 -10.125
85.755 -10.079
85.876 -10.074
86.017 -10.049
86.058 -10.096
86.092 -10.160
86.093 -10.113
86.849 -10.076
86.933 -10.136
87.090 -10.075
87.165 -9.995
87.253 -10.177
88.341 -10.066
88.524 -10.201
88.566 -10.178
88.883 -10.217
88.896 -9.982
88.966 -10.113
89.015 -10.118
89.736 -10.118
90.053 -10.103
90.364 -10.163
90.511 -10.050
90.517 -9.955
90.731 -9.955
91.016 -10.049
91.700 -10.102
91.801 -9.944
92.001 -9.935
92.141 -10.114
92.309 -10.100
92.455 -10.025
93.002 -10.180
93.264 -9.997
93.300 -10.051
93.654 -10.170
93.787 -9.957
93.964 -10.080
94.285 -10.089
95.056 -10.130
95.451 -10.128
95.608 -10.077
96.449 -9.975
96.624 -10.058
97.230 -10.109
97.891 -10.122
98.134 -9.938
98.502 -9.971
98.847 -10.116
99.753 -10.068
99.859 -9.952
99.917 -10.125
99.925 -9.999
100.694 -10.100
101.258 -9.986
101.470 -10.036
102.335 -10.042
102.833 -10.028
103.436 -10.119
103.743 -9.967
104.460 -10.011
104.846 -10.087
105.231 -9.998
105.292 -10.028
105.390 -9.974
105.397 -10.050
105.642 -10.065
105.862 -9.948
108.254 -10.060
109.072 -10.030
109.709 -9.872
109.737 -10.000
109.758 -10.067
109.992 -9.856
111.058 -9.943
111.199 -9.915
111.862 -10.079
111.989 -10.050
113.592 -9.900
114.064 -9.914
115.896 -10.061
116.133 -9.981
119.856 -9.797
120.290 -10.081
120.618 -9.887
120.717 -10.070
120.896 -9.833
122.174 -9.870
123.307 -9.889
123.500 -10.018
124.357 -9.831
124.633 -9.891
124.653 -9.971
125.118 -9.825
126.681 -9.868
130.537 -9.971
130.702 -9.874
131.513 -9.825
134.131 -9.928
134.940 -9.943
135.260 -9.955
135.984 -9.841
137.745 -9.857
138.418 -9.882
143.210 -9.919
145.592 -9.858
147.187 -9.927
148.355 -9.909
149.633 -9.721
152.944 -9.907
159.803 -9.836
161.856 -9.927
162.448 -9.915
163.319 -9.774
163.798 -9.869
167.891 -9.717
168.406 -9.841
169.050 -9.837
175.258 -9.784
179.747 -9.761
184.777 -9.737
186.534 -9.788
201.002 -9.734
211.768 -9.703
211.800 -9.788
223.668 -9.566
224.962 -9.653
266.129 -9.645
274.817 -9.668
292.542 -9.648
300.687 -9.495
305.097 -9.544
307.200 -9.616
309.860 -9.582
322.242 -9.592
326.338 -9.508
379.388 -9.542
380.346 -9.626
389.185 -9.578
399.195 -9.516
418.670 -9.550
420.253 -9.486
534.296 -9.392
599.636 -9.373
661.085 -9.305
1125.899 -9.253
1349.026 -9.299
