# Ep lEiso
240.461 -7.458
256.687 -7.404
284.631 -7.315
291.613 -7.287
295.321 -7.277
303.763 -7.264
309.015 -7.245
313.159 -7.215
317.177 -7.226
317.335 -7.225
320.170 -7.194
325.086 -7.192
326.902 -7.155
330.647 -7.161
334.288 -7.174
335.793 -7.123
341.479 -7.139
342.193 -7.118
343.920 -7.108
344.376 -7.148
345.610 -7.125
345.817 -7.133
346.615 -7.086
347.926 -7.111
349.028 -7.117
350.683 -7.134
350.750 -7.129
351.797 -7.118
352.675 -7.110
353.335 -7.122
359.472 -7.144
359.761 -7.147
360.247 -7.112
362.118 -7.047
364.364 -7.112
364.599 -7.140
366.884 -7.038
367.998 -7.055
368.123 -7.117
369.845 -7.040
370.611 -7.090
371.226 -7.080
372.332 -7.109
372.533 -7.112
372.830 -7.080
373.584 -7.093
375.361 -7.088
378.132 -7.028
378.353 -7.049
378.518 -7.088
378.764 -7.051
379.228 -7.035
380.377 -7.069
380.844 -7.069
382.240 -7.032
382.432 -7.069
383.043 -7.073
386.950 -7.006
387.785 -7.057
390.307 -7.040
390.313 -7.037
391.567 -7.066
392.538 -7.060
394.165 -7.040
394.264 -7.009
395.472 -7.065
396.197 -7.007
398.549 -6.952
398.779 -6.988
399.607 -7.003
400.831 -7.043
400.842 -7.043
401.139 -7.000
401.676 -7.027
402.622 -7.052
403.251 -7.014
403.629 -6.970
405.258 -6.990
406.452 -7.001
406.503 -6.997
407.267 -7.021
407.521 -7.007
407.858 -7.017
408.605 -6.997
409.496 -7.000
409.890 -7.002
410.248 -7.008
412.128 -6.981
412.345 -7.001
412.662 -7.000
412.984 -6.995
413.755 -6.963
413.814 -6.972
413.907 -6.954
415.097 -6.952
415.400 -6.981
416.238 -6.956
418.083 -6.946
418.715 -6.991
418.741 -6.978
419.358 -7.001
419.421 -7.008
419.491 -7.021
419.587 -6.985
419.821 -6.957
420.164 -6.950
420.250 -6.982
421.044 -6.965
421.871 -6.968
422.136 -7.013
422.564 -6.998
422.609 -7.012
423.081 -6.974
423.684 -6.983
423.750 -6.969
424.146 -6.963
424.602 -6.937
428.647 -6.983
428.706 -6.918
429.228 -6.949
429.892 -6.979
430.063 -6.952
430.206 -6.955
430.829 -7.009
431.164 -6.940
431.359 -6.936
433.044 -7.001
433.217 -6.972
433.669 -6.930
434.361 -6.964
434.699 -6.963
435.558 -6.979
435.916 -6.956
436.580 -7.012
436.673 -6.929
438.065 -6.957
438.245 -6.899
439.586 -6.948
439.667 -6.969
440.467 -6.902
441.027 -6.922
441.168 -6.901
441.301 -6.928
442.600 -6.927
442.765 -6.917
442.956 -6.960
444.481 -6.926
444.664 -6.939
446.881 -6.942
446.985 -6.922
446.995 -6.870
449.139 -6.926
449.569 -6.929
450.287 -6.951
451.085 -6.930
452.272 -6.906
452.675 -6.927
452.768 -6.833
454.070 -6.910
454.445 -6.825
454.686 -6.962
455.299 -6.868
455.345 -6.926
455.848 -6.939
456.117 -6.895
457.281 -6.805
458.132 -6.807
460.612 -6.841
460.859 -6.673
461.350 -6.667
461.653 -6.813
462.287 -6.724
462.328 -6.755
463.792 -6.787
464.183 -6.459
464.363 -6.780
464.862 -6.533
464.922 -6.395
465.397 -6.568
465.625 -6.831
466.145 -6.599
467.161 -6.714
467.355 -6.804
467.646 -6.845
467.692 -6.535
469.213 -6.776
470.325 -6.672
470.777 -6.546
470.917 -6.376
471.763 -6.634
472.102 -6.793
472.455 -6.571
472.466 -6.586
472.900 -6.799
474.252 -6.841
475.013 -6.313
475.750 -6.478
476.154 -6.637
476.426 -6.634
476.622 -6.656
476.786 -6.724
477.049 -6.430
478.459 -6.791
478.862 -6.582
479.686 -6.772
479.887 -6.551
479.967 -6.786
480.405 -6.557
480.900 -6.616
481.237 -6.728
481.800 -6.681
481.994 -6.260
482.325 -6.504
483.867 -6.570
484.869 -6.684
485.103 -6.589
485.145 -6.671
485.412 -6.300
485.923 -6.545
486.131 -6.452
487.309 -6.533
491.110 -6.489
491.232 -6.371
491.435 -6.500
491.470 -6.359
492.627 -6.318
493.113 -6.241
493.432 -6.455
493.440 -6.429
493.750 -6.346
495.522 -6.348
495.612 -6.400
495.908 -6.317
498.211 -6.349
499.245 -6.319
499.991 -6.274
502.047 -6.294
503.430 -6.271
503.583 -6.389
504.844 -6.305
505.022 -6.316
506.011 -6.307
506.131 -6.261
506.684 -6.324
506.874 -6.351
506.890 -6.302
507.902 -6.294
508.643 -6.293
510.776 -6.346
510.807 -6.390
511.745 -6.386
512.448 -6.314
512.508 -6.361
514.206 -6.333
514.217 -6.288
514.230 -6.270
514.582 -6.336
514.734 -6.256
515.392 -6.311
515.923 -6.282
516.122 -6.296
516.165 -6.385
516.616 -6.292
518.760 -6.327
521.637 -6.293
521.665 -6.318
522.147 -6.315
523.802 -6.299
524.142 -6.223
524.346 -6.277
524.541 -6.286
525.245 -6.375
525.958 -6.321
526.029 -6.308
526.148 -6.225
526.330 -6.321
527.537 -6.393
528.110 -6.284
528.874 -6.331
529.058 -6.309
529.102 -6.310
529.283 -6.309
529.610 -6.347
530.166 -6.285
530.818 -6.327
531.153 -6.226
531.754 -6.372
531.950 -6.301
533.686 -6.325
533.724 -6.276
534.496 -6.296
534.512 -6.375
536.284 -6.230
538.352 -6.238
538.954 -6.256
540.010 -6.342
541.694 -6.286
542.274 -6.326
544.946 -6.301
546.063 -6.306
546.299 -6.304
546.385 -6.324
547.117 -6.243
547.871 -6.263
548.043 -6.322
548.803 -6.309
549.083 -6.340
550.428 -6.312
550.491 -6.280
550.546 -6.319
551.483 -6.267
552.015 -6.318
552.255 -6.346
552.709 -6.263
553.315 -6.279
553.979 -6.292
554.460 -6.309
555.345 -6.266
555.386 -6.278
555.486 -6.227
558.810 -6.236
559.502 -6.312
562.040 -6.233
562.117 -6.283
563.144 -6.293
563.629 -6.240
565.256 -6.230
565.678 -6.196
566.136 -6.238
566.360 -6.298
566.396 -6.265
566.424 -6.247
566.802 -6.261
567.109 -6.231
567.283 -6.279
567.844 -6.230
569.816 -6.184
571.651 -6.206
572.124 -6.247
573.315 -6.221
574.177 -6.229
575.567 -6.291
575.587 -6.196
576.438 -6.181
577.020 -6.256
577.870 -6.231
578.666 -6.293
578.697 -6.222
579.038 -6.257
579.921 -6.271
580.240 -6.248
580.334 -6.193
580.596 -6.244
581.566 -6.261
582.187 -6.256
582.701 -6.180
584.617 -6.224
585.026 -6.173
587.296 -6.245
587.413 -6.165
588.888 -6.191
589.052 -6.232
589.408 -6.173
589.443 -6.228
589.566 -6.235
590.062 -6.178
591.116 -6.260
595.395 -6.229
595.662 -6.253
595.683 -6.228
597.649 -6.225
600.067 -6.236
600.509 -6.258
601.221 -6.222
601.375 -6.126
601.968 -6.266
602.276 -6.226
602.478 -6.232
602.512 -6.245
604.766 -6.250
607.210 -6.212
607.917 -6.173
608.682 -6.252
609.840 -6.239
610.409 -6.199
610.544 -6.214
612.481 -6.175
613.847 -6.239
614.801 -6.236
615.735 -6.186
616.388 -6.230
616.501 -6.139
616.657 -6.233
617.323 -6.246
618.109 -6.141
618.911 -6.184
619.428 -6.187
619.743 -6.250
620.072 -6.213
620.246 -6.194
620.251 -6.199
621.402 -6.183
621.590 -6.187
621.832 -6.193
622.169 -6.213
623.475 -6.181
623.718 -6.197
623.850 -6.235
624.835 -6.187
625.266 -6.148
625.741 -6.179
626.806 -6.193
627.238 -6.150
627.953 -6.214
631.739 -6.428
632.112 -6.460
632.809 -6.571
633.228 -6.646
633.378 -6.610
633.535 -6.640
633.850 -6.607
634.709 -6.637
636.498 -6.655
637.081 -6.663
637.206 -6.616
637.239 -6.669
637.387 -6.667
637.613 -6.649
638.084 -6.615
638.179 -6.634
638.196 -6.608
638.205 -6.653
638.811 -6.628
639.123 -6.658
640.803 -6.604
641.536 -6.584
641.675 -6.622
641.913 -6.623
642.103 -6.659
642.906 -6.642
643.063 -6.605
643.557 -6.599
643.620 -6.578
643.726 -6.649
645.782 -6.651
645.889 -6.631
647.764 -6.615
647.830 -6.635
647.915 -6.562
648.699 -6.614
648.732 -6.649
649.835 -6.589
650.233 -6.594
650.299 -6.649
650.487 -6.628
651.363 -6.642
652.194 -6.637
652.469 -6.600
652.769 -6.624
653.285 -6.572
654.368 -6.607
655.571 -6.615
655.846 -6.577
656.107 -6.596
656.662 -6.601
657.250 -6.584
658.084 -6.582
659.649 -6.623
660.595 -6.622
660.915 -6.647
661.496 -6.560
661.582 -6.586
662.881 -6.608
663.013 -6.563
664.074 -6.583
664.636 -6.579
665.740 -6.619
667.313 -6.590
668.300 -6.568
668.951 -6.612
670.032 -6.578
670.033 -6.589
670.149 -6.575
670.339 -6.592
671.701 -6.627
671.840 -6.612
676.087 -6.592
676.131 -6.531
676.418 -6.556
677.934 -6.517
679.575 -6.608
679.708 -6.580
679.977 -6.492
680.249 -6.525
680.354 -6.577
681.376 -6.579
681.962 -6.607
682.688 -6.594
682.896 -6.629
683.152 -6.597
683.381 -6.594
683.466 -6.551
683.522 -6.542
683.620 -6.567
683.949 -6.568
684.315 -6.543
686.726 -6.595
687.343 -6.543
687.470 -6.567
689.633 -6.619
689.833 -6.590
690.391 -6.556
691.063 -6.567
691.396 -6.575
695.072 -6.554
695.226 -6.565
695.464 -6.547
696.874 -6.547
697.356 -6.509
699.040 -6.569
700.940 -6.517
701.038 -6.596
701.840 -6.496
703.477 -6.604
704.622 -6.555
705.038 -6.556
706.156 -6.526
706.986 -6.543
707.381 -6.574
707.561 -6.546
708.029 -6.522
709.984 -6.537
710.259 -6.535
710.794 -6.534
711.387 -6.489
711.592 -6.568
712.004 -6.581
712.658 -6.517
714.050 -6.530
714.277 -6.522
714.411 -6.546
714.465 -6.553
714.471 -6.527
714.740 -6.483
714.840 -6.561
716.030 -6.546
716.786 -6.530
717.019 -6.510
718.405 -6.493
720.434 -6.510
720.637 -6.534
721.060 -6.563
721.743 -6.502
722.348 -6.518
722.463 -6.530
724.859 -6.493
725.522 -6.520
726.906 -6.515
727.020 -6.511
727.190 -6.489
727.251 -6.516
727.352 -6.526
727.517 -6.554
728.040 -6.525
729.373 -6.491
729.519 -6.542
729.628 -6.561
729.865 -6.533
731.160 -6.539
731.569 -6.525
734.454 -6.510
735.234 -6.550
736.172 -6.544
736.616 -6.513
737.214 -6.508
738.493 -6.493
739.030 -6.535
739.584 -6.490
742.196 -6.509
744.578 -6.544
745.417 -6.496
749.511 -6.515
750.308 -6.492
750.767 -6.477
751.605 -6.493
752.034 -6.532
752.614 -6.493
753.619 -6.495
754.667 -6.494
755.010 -6.492
756.215 -6.476
756.929 -6.465
757.410 -6.446
757.584 -6.455
757.761 -6.520
758.547 -6.512
759.609 -6.464
759.612 -6.442
760.251 -6.495
760.344 -6.489
761.191 -6.430
762.063 -6.488
763.380 -6.450
767.690 -6.477
768.170 -6.482
770.228 -6.426
770.475 -6.488
770.877 -6.470
771.394 -6.462
774.468 -6.478
774.635 -6.473
775.233 -6.475
775.789 -6.502
775.847 -6.444
779.372 -6.462
779.453 -6.477
779.907 -6.416
781.801 -6.489
781.810 -6.418
782.848 -6.467
784.378 -6.424
785.228 -6.443
786.420 -6.513
787.686 -6.440
788.681 -6.510
789.228 -6.450
792.087 -6.428
792.360 -6.452
793.403 -6.439
793.802 -6.439
793.823 -6.403
795.310 -6.482
796.792 -6.446
797.117 -6.443
798.959 -6.461
799.032 -6.413
800.849 -6.440
801.977 -6.436
802.640 -6.435
803.204 -6.428
805.939 -6.414
806.423 -6.412
806.554 -6.414
808.558 -6.439
809.415 -6.410
810.235 -6.427
811.273 -6.397
811.696 -6.439
812.971 -6.430
813.097 -6.415
815.451 -6.432
815.581 -6.430
815.916 -6.451
816.738 -6.443
817.531 -6.453
818.573 -6.421
818.892 -6.388
819.026 -6.416
819.498 -6.412
820.325 -6.396
820.454 -6.448
825.225 -6.359
825.235 -6.373
825.295 -6.404
825.352 -6.427
825.630 -6.449
826.013 -6.449
826.693 -6.419
827.089 -6.393
827.110 -6.375
827.189 -6.416
827.363 -6.405
828.531 -6.374
831.394 -6.374
832.790 -6.385
833.833 -6.412
833.901 -6.394
834.734 -6.454
838.049 -6.397
838.416 -6.419
838.497 -6.388
838.613 -6.436
839.998 -6.418
840.094 -6.450
841.556 -6.395
843.908 -6.377
843.980 -6.408
844.174 -6.398
844.612 -6.387
846.337 -6.376
848.701 -6.372
848.770 -6.393
849.619 -6.394
852.555 -6.380
852.651 -6.397
852.978 -6.366
853.116 -6.431
853.774 -6.374
853.803 -6.362
853.810 -6.424
855.930 -6.415
856.408 -6.375
858.023 -6.368
858.084 -6.411
858.431 -6.365
858.873 -6.378
859.955 -6.392
860.544 -6.357
861.983 -6.380
863.167 -6.360
864.814 -6.370
868.664 -6.348
871.241 -6.350
871.330 -6.368
871.692 -6.425
871.718 -6.362
872.630 -6.378
872.998 -6.383
873.192 -6.379
873.463 -6.309
875.133 -6.344
875.876 -6.351
876.260 -6.394
877.201 -6.360
878.607 -6.349
880.468 -6.349
881.130 -6.381
882.220 -6.350
884.863 -6.379
885.747 -6.310
886.015 -6.330
886.459 -6.342
889.141 -6.370
889.250 -6.394
891.698 -6.323
893.653 -6.390
896.750 -6.301
896.982 -6.343
901.142 -6.360
904.696 -6.336
904.935 -6.294
905.636 -6.329
906.537 -6.340
906.914 -6.361
907.176 -6.370
914.764 -6.319
916.149 -6.326
916.205 -6.296
916.862 -6.342
916.971 -6.351
918.811 -6.347
922.273 -6.372
923.088 -6.303
924.820 -6.365
924.916 -6.299
926.901 -6.323
926.923 -6.309
927.675 -6.308
927.957 -6.262
929.798 -6.315
930.748 -6.304
931.687 -6.296
931.694 -6.306
933.689 -6.305
934.598 -6.298
935.460 -6.315
936.058 -6.285
937.017 -6.272
938.339 -6.297
939.528 -6.336
942.377 -6.304
943.101 -6.240
943.235 -6.302
943.895 -6.307
947.205 -6.293
948.257 -6.304
951.020 -6.282
952.504 -6.260
952.886 -6.273
953.109 -6.268
956.399 -6.265
957.236 -6.293
957.793 -6.269
957.813 -6.252
959.696 -6.271
962.948 -6.251
966.169 -6.303
966.779 -6.284
966.870 -6.316
969.261 -6.291
969.287 -6.294
972.097 -6.303
974.460 -6.256
974.621 -6.272
974.730 -6.236
974.863 -6.290
976.483 -6.302
976.678 -6.296
979.232 -6.254
979.304 -6.303
980.454 -6.256
983.845 -6.250
985.088 -6.250
987.456 -6.266
989.989 -6.259
990.458 -6.271
990.675 -6.315
992.572 -6.291
992.669 -6.269
992.715 -6.215
993.219 -6.221
994.831 -6.229
995.875 -6.231
1000.569 -6.246
1001.155 -6.213
1002.696 -6.296
1009.306 -6.236
1009.852 -6.238
1010.979 -6.232
1011.814 -6.273
1015.200 -6.217
1019.107 -6.247
1019.809 -6.263
1020.135 -6.261
1020.828 -6.264
1022.679 -6.268
1025.775 -6.245
1026.754 -6.247
1027.900 -6.245
1029.985 -6.262
1030.383 -6.217
1030.478 -6.199
1031.764 -6.258
1032.390 -6.266
1036.183 -6.256
1040.180 -6.250
1045.868 -6.228
1047.166 -6.209
1051.635 -6.234
1056.722 -6.232
1057.201 -6.242
1057.547 -6.253
1058.814 -6.218
1060.211 -6.236
1062.494 -6.202
1063.075 -6.210
1063.267 -6.219
1063.583 -6.211
1064.507 -6.198
1064.639 -6.230
1068.870 -6.219
1071.757 -6.196
1073.012 -6.234
1077.146 -6.209
1077.424 -6.214
1079.332 -6.209
1081.564 -6.197
1082.207 -6.214
1082.743 -6.194
1082.762 -6.220
1094.693 -6.191
1096.005 -6.211
1098.489 -6.186
1099.664 -6.154
1101.054 -6.176
1118.234 -6.157
1121.119 -6.201
1121.779 -6.192
1126.784 -6.198
1126.982 -6.118
1128.086 -6.161
1128.853 -6.133
1138.259 -6.150
1142.029 -6.140
1145.722 -6.154
1147.470 -6.116
1147.548 -6.149
1150.093 -6.083
1154.088 -6.109
1164.909 -6.119
1166.504 -6.069
1169.666 -6.064
1171.881 -6.163
1174.544 -6.112
1176.857 -6.087
1185.498 -6.129
1189.652 -6.071
1190.223 -6.087
1195.813 -6.120
1197.705 -6.054
1199.760 -6.090
1203.467 -6.091
1212.388 -6.121
1216.963 -6.095
1218.772 -6.114
1228.500 -6.112
1230.527 -6.069
1237.536 -6.079
1245.185 -6.097
1247.994 -6.029
1252.252 -6.101
1256.240 -6.070
1265.437 -6.101
1266.677 -6.022
1267.355 -6.066
1267.441 -6.033
1276.411 -6.053
1282.990 -6.018
1285.467 -6.029
1295.557 -6.024
1301.364 -6.016
1308.396 -6.036
1311.978 -5.991
1320.336 -6.039
1324.841 -6.016
1329.334 -5.987
1330.046 -5.995
1331.184 -5.979
1331.268 -6.001
1334.131 -6.003
1336.447 -5.967
1355.909 -5.991
1362.569 -5.979
1367.746 -5.981
1367.973 -6.018
1368.146 -5.987
1370.050 -5.982
1378.729 -5.946
1379.876 -5.993
1385.269 -5.982
1386.303 -5.973
1399.344 -5.990
1402.777 -5.926
1417.677 -5.962
1419.704 -5.956
1451.460 -5.871
1455.166 -5.951
1457.970 -5.894
1458.808 -5.946
1460.334 -5.877
1471.239 -5.883
1480.910 -5.927
1482.553 -5.921
1488.759 -5.912
1490.358 -5.881
1490.477 -5.904
1493.178 -5.899
1502.257 -5.927
1524.654 -5.891
1525.614 -5.864
1530.324 -5.849
1545.534 -5.872
1550.234 -5.874
1552.091 -5.877
1556.299 -5.845
1564.273 -5.846
1566.923 -5.852
1586.758 -5.855
1602.463 -5.831
1612.982 -5.845
1620.686 -5.813
1629.119 -5.780
1650.047 -5.832
1680.723 -5.792
1689.905 -5.815
1692.552 -5.810
1696.446 -5.768
1698.590 -5.795
1716.893 -5.773
1719.196 -5.779
1722.077 -5.777
1746.758 -5.753
1760.397 -5.742
1775.683 -5.730
1781.020 -5.743
1828.706 -5.743
1870.407 -5.689
1870.531 -5.714
1916.500 -5.633
1921.515 -5.674
2043.953 -5.618
2066.864 -5.641
2107.410 -5.601
2121.685 -5.551
2129.434 -5.587
2137.362 -5.584
2147.388 -5.570
2194.054 -5.559
2209.494 -5.563
2372.686 -5.491
2374.868 -5.517
2394.984 -5.496
2417.766 -5.470
2462.091 -5.469
2465.693 -5.474
2777.569 -5.348
2975.968 -5.302
3063.681 -5.269
4159.880 -5.172
4787.998 -5.121
