# Ep lEiso
1.004 -10.782
1.009 -11.593
1.036 -9.171
1.051 -9.471
1.060 -10.442
1.079 -10.020
1.091 -8.857
1.102 -8.318
1.118 -10.870
1.119 -11.270
1.130 -10.276
1.150 -10.731
1.157 -9.329
1.173 -9.994
1.187 -9.347
1.193 -9.800
1.220 -10.204
1.224 -9.442
1.234 -9.177
1.237 -10.852
1.244 -10.039
1.245 -10.394
1.250 -8.547
1.258 -9.686
1.264 -10.042
1.274 -10.866
1.274 -10.649
1.280 -10.300
1.285 -10.082
1.289 -10.612
1.325 -10.317
1.327 -9.646
1.330 -10.804
1.341 -8.402
1.354 -9.690
1.355 -10.474
1.371 -8.468
1.380 -9.253
1.381 -11.676
1.394 -8.819
1.399 -10.816
1.405 -10.500
1.416 -11.721
1.418 -11.852
1.421 -10.639
1.429 -11.182
1.447 -10.482
1.475 -9.118
1.478 -9.926
1.479 -11.388
1.482 -10.031
1.486 -9.454
1.498 -10.813
1.503 -10.854
1.517 -9.600
1.519 -10.993
1.525 -11.194
1.565 -9.033
1.574 -10.942
1.601 -10.554
1.602 -10.437
1.617 -11.578
1.628 -11.446
1.648 -10.845
1.649 -9.767
1.663 -11.193
1.672 -9.880
1.700 -8.168
1.703 -9.444
1.713 -10.030
1.727 -11.477
1.728 -11.501
1.731 -10.053
1.738 -10.991
1.749 -9.858
1.756 -10.686
1.761 -10.793
1.780 -10.045
1.795 -10.503
1.795 -10.383
1.804 -11.221
1.808 -10.773
1.812 -11.117
1.820 -10.532
1.831 -10.679
1.836 -10.791
1.840 -11.012
1.863 -10.267
1.866 -10.939
1.871 -10.910
1.875 -10.762
1.886 -9.797
1.887 -10.072
1.888 -9.509
1.909 -9.549
1.914 -10.478
1.929 -9.756
1.961 -9.555
1.972 -10.978
1.973 -10.594
1.983 -11.349
1.984 -11.546
1.986 -10.784
1.987 -10.874
1.991 -10.017
1.997 -9.828
1.999 -10.795
2.013 -10.319
2.027 -10.470
2.032 -10.904
2.039 -11.423
2.040 -10.532
2.048 -10.737
2.059 -11.024
2.060 -10.622
2.067 -10.465
2.075 -9.717
2.145 -11.309
2.146 -9.401
2.155 -10.355
2.167 -11.254
2.170 -10.486
2.173 -10.575
2.183 -10.641
2.189 -10.188
2.193 -10.087
2.223 -10.641
2.226 -11.223
2.235 -10.070
2.248 -11.035
2.254 -11.036
2.270 -11.510
2.277 -10.881
2.289 -10.734
2.291 -11.001
2.317 -11.016
2.320 -11.037
2.345 -10.847
2.347 -11.391
2.362 -9.750
2.372 -10.264
2.375 -10.394
2.377 -10.443
2.402 -10.469
2.405 -10.231
2.408 -11.278
2.437 -10.534
2.440 -10.839
2.493 -11.004
2.495 -10.552
2.496 -9.380
2.546 -10.744
2.556 -10.817
2.573 -11.330
2.592 -10.955
2.622 -10.937
2.632 -11.399
2.634 -10.999
2.666 -11.025
2.675 -10.441
2.681 -10.876
2.696 -10.815
2.698 -11.339
2.710 -11.575
2.717 -10.706
2.745 -10.896
2.766 -10.629
2.828 -10.645
2.834 -10.450
2.846 -10.493
2.853 -10.754
2.869 -11.018
2.870 -11.227
2.906 -11.572
2.916 -9.657
2.920 -11.139
2.933 -10.202
2.934 -11.014
2.946 -10.476
2.952 -9.993
2.964 -10.739
2.990 -10.959
2.994 -11.287
3.002 -11.114
3.003 -10.587
3.041 -11.071
3.071 -10.522
3.085 -10.722
3.090 -11.219
3.116 -11.160
3.127 -10.703
3.138 -10.874
3.138 -10.943
3.152 -10.862
3.194 -11.433
3.217 -11.141
3.240 -10.504
3.253 -11.243
3.261 -10.696
3.267 -11.335
3.272 -10.540
3.281 -10.312
3.324 -10.752
3.337 -10.423
3.363 -10.054
3.369 -10.913
3.371 -11.480
3.385 -10.948
3.400 -11.217
3.411 -10.630
3.428 -10.884
3.434 -9.664
3.445 -10.745
3.493 -11.074
3.524 -11.684
3.532 -11.278
3.533 -10.784
3.541 -9.969
3.558 -11.154
3.564 -10.733
3.601 -10.617
3.721 -11.445
3.725 -10.752
3.732 -11.386
3.733 -11.007
3.776 -10.891
3.794 -10.023
3.806 -11.136
3.806 -11.399
3.818 -10.831
3.884 -11.077
3.887 -11.567
3.898 -10.719
3.984 -11.551
4.022 -11.219
4.050 -10.699
4.127 -10.962
4.179 -10.707
4.185 -10.998
4.232 -11.148
4.239 -11.285
4.276 -11.189
4.280 -10.618
4.301 -11.414
4.308 -11.766
4.309 -11.144
4.346 -11.057
4.374 -11.052
4.456 -11.788
4.457 -11.793
4.496 -11.336
4.526 -11.409
4.528 -12.023
4.600 -11.423
4.600 -11.100
4.601 -10.867
4.615 -11.115
4.622 -10.691
4.649 -11.422
4.671 -11.052
4.680 -11.249
4.682 -11.474
4.700 -11.202
4.790 -11.205
4.911 -11.310
4.912 -11.642
4.932 -11.607
5.001 -11.432
5.015 -11.129
5.024 -11.153
5.032 -11.271
5.062 -11.130
5.091 -11.429
5.094 -11.210
5.099 -11.046
5.107 -11.194
5.157 -11.305
5.182 -11.310
5.216 -11.588
5.224 -11.646
5.226 -11.339
5.234 -11.654
5.248 -11.496
5.273 -11.362
5.301 -11.392
5.316 -10.643
5.342 -11.219
5.351 -11.343
5.427 -11.828
5.429 -11.319
5.463 -11.595
5.463 -11.602
5.541 -11.139
5.632 -11.435
5.658 -11.193
5.704 -11.490
5.778 -11.632
5.803 -11.629
5.920 -11.880
5.969 -11.584
5.979 -11.517
5.983 -11.383
6.015 -11.166
6.048 -11.442
6.055 -11.471
6.088 -11.202
6.100 -11.837
6.159 -12.132
6.162 -11.721
6.164 -11.334
6.205 -11.580
6.228 -11.503
6.238 -11.467
6.258 -11.566
6.284 -11.810
6.313 -11.690
6.334 -11.505
6.372 -11.670
6.374 -11.858
6.378 -11.161
6.522 -11.346
6.552 -11.509
6.660 -11.373
6.663 -11.498
6.706 -12.242
6.726 -11.504
6.793 -11.399
6.810 -11.744
6.829 -11.537
6.838 -12.074
6.840 -11.312
6.841 -11.660
6.857 -11.868
6.869 -11.452
6.877 -12.145
6.900 -11.451
6.981 -11.741
7.056 -11.199
7.075 -11.798
7.124 -11.438
7.159 -11.547
7.216 -11.549
7.217 -11.668
7.252 -11.750
7.276 -11.892
7.310 -11.605
7.343 -11.965
7.344 -11.523
7.357 -12.031
7.391 -11.453
7.403 -11.970
7.407 -11.634
7.417 -11.944
7.454 -11.447
7.478 -11.908
7.497 -11.727
7.571 -11.681
7.586 -11.474
7.673 -11.726
7.677 -11.616
7.733 -11.368
7.739 -11.999
7.753 -11.433
7.754 -11.966
7.759 -12.068
7.778 -11.368
7.817 -12.089
7.979 -11.749
7.989 -11.761
7.990 -11.529
8.062 -11.631
8.147 -11.959
8.162 -11.633
8.187 -12.048
8.193 -11.649
8.213 -11.985
8.224 -12.036
8.231 -11.566
8.233 -11.658
8.312 -11.880
8.408 -11.814
8.436 -11.936
8.467 -11.968
8.513 -12.159
8.535 -11.883
8.540 -11.640
8.617 -11.534
8.671 -11.516
8.707 -11.622
8.742 -11.790
8.766 -11.855
8.770 -11.616
8.776 -12.636
8.800 -11.910
8.829 -12.010
8.859 -11.825
8.878 -11.884
8.890 -11.717
8.902 -11.620
8.908 -12.022
8.908 -12.113
8.951 -11.861
8.957 -11.933
8.966 -11.703
8.979 -11.623
9.027 -11.878
9.035 -11.599
9.040 -11.908
9.076 -12.016
9.092 -11.613
9.109 -11.883
9.148 -12.163
9.164 -11.670
9.190 -12.014
9.325 -11.354
9.338 -11.938
9.362 -11.751
9.377 -11.854
9.382 -11.565
9.387 -11.834
9.398 -11.964
9.427 -11.797
9.488 -12.268
9.508 -11.658
9.512 -11.850
9.513 -11.980
9.518 -11.897
9.526 -12.182
9.542 -11.819
9.545 -11.844
9.546 -11.785
9.546 -12.282
9.567 -11.744
9.577 -12.070
9.634 -11.921
9.659 -11.753
9.664 -11.774
9.672 -11.816
9.678 -11.741
9.705 -11.860
9.710 -11.941
9.727 -11.741
9.729 -12.158
9.733 -12.101
9.801 -11.691
9.805 -11.984
9.868 -11.819
9.870 -12.294
9.873 -11.933
9.898 -11.836
9.899 -11.963
9.934 -11.850
9.947 -12.061
9.949 -12.045
9.955 -12.065
9.983 -11.713
10.009 -11.882
10.018 -11.590
10.027 -11.873
10.044 -12.249
10.078 -11.808
10.116 -12.037
10.125 -12.006
10.133 -11.609
10.151 -11.733
10.169 -11.755
10.195 -11.877
10.244 -12.048
10.274 -11.791
10.284 -12.205
10.302 -12.018
10.304 -11.571
10.345 -12.133
10.349 -11.988
10.382 -11.910
10.400 -11.845
10.433 -12.179
10.480 -11.954
10.509 -11.519
10.528 -12.047
10.560 -11.853
10.560 -12.092
10.564 -11.787
10.569 -12.160
10.610 -12.257
10.614 -12.024
10.739 -12.102
10.740 -12.118
10.749 -11.889
10.793 -12.060
10.840 -11.909
10.844 -12.147
10.852 -12.039
10.860 -12.193
10.863 -12.095
10.893 -12.124
10.909 -11.647
10.930 -12.453
10.936 -12.067
10.943 -11.848
10.950 -11.934
10.952 -11.644
10.954 -11.594
10.956 -11.878
10.966 -11.899
10.976 -12.206
11.044 -11.829
11.061 -11.980
11.064 -11.909
11.124 -12.189
11.130 -11.808
11.145 -11.938
11.164 -12.023
11.173 -11.948
11.274 -11.818
11.279 -12.079
11.285 -12.060
11.324 -11.781
11.338 -12.302
11.383 -11.945
11.433 -12.167
11.436 -11.953
11.457 -12.092
11.500 -12.314
11.530 -12.137
11.541 -12.188
11.570 -12.203
11.592 -11.946
11.603 -12.701
11.607 -12.025
11.620 -11.808
11.671 -11.901
11.678 -11.860
11.693 -11.856
11.708 -11.897
11.714 -11.843
11.724 -11.942
11.742 -12.302
11.778 -11.866
11.784 -12.139
11.787 -12.262
11.788 -12.411
11.788 -11.802
11.795 -12.249
11.798 -12.106
11.828 -12.301
11.847 -11.927
11.852 -12.186
11.887 -12.182
11.938 -12.104
11.943 -12.128
11.954 -12.134
11.971 -12.398
11.986 -11.790
11.989 -12.069
12.049 -12.289
12.066 -11.915
12.100 -11.825
12.103 -12.051
12.107 -12.319
12.109 -11.868
12.111 -12.096
12.116 -12.451
12.129 -12.087
12.162 -12.126
12.166 -12.542
12.168 -12.094
12.174 -12.332
12.207 -12.018
12.217 -12.197
12.286 -11.953
12.304 -11.836
12.327 -12.013
12.337 -12.097
12.351 -11.997
12.382 -11.959
12.395 -11.886
12.408 -11.643
12.470 -12.193
12.527 -12.039
12.547 -11.985
12.644 -12.083
12.663 -12.044
12.674 -12.273
12.694 -12.128
12.705 -11.922
12.718 -12.141
12.741 -12.228
12.764 -12.214
12.772 -12.180
12.799 -12.209
12.815 -12.079
12.826 -12.121
12.830 -12.081
12.834 -11.874
12.852 -12.057
12.876 -12.525
12.876 -12.206
12.890 -12.402
12.892 -12.243
12.911 -12.000
12.931 -12.192
12.960 -12.269
13.058 -12.147
13.069 -12.288
13.115 -11.998
13.121 -12.118
13.130 -12.085
13.141 -12.090
13.211 -12.028
13.215 -12.250
13.228 -12.334
13.241 -12.250
13.242 -12.105
13.318 -12.124
13.320 -12.160
13.330 -12.359
13.370 -12.388
13.370 -12.353
13.392 -12.356
13.424 -12.075
13.443 -11.866
13.468 -12.185
13.495 -11.875
13.516 -12.083
13.528 -12.142
13.589 -11.726
13.595 -12.021
13.617 -12.017
13.625 -12.045
13.626 -12.375
13.658 -11.774
13.690 -12.280
13.697 -12.239
13.736 -12.152
13.738 -12.274
13.777 -12.210
13.801 -12.201
13.815 -12.198
13.827 -12.072
13.886 -11.806
13.895 -11.767
13.898 -11.816
13.937 -12.459
13.954 -11.940
13.970 -12.212
13.991 -12.169
13.999 -12.349
14.025 -12.342
14.027 -11.988
14.074 -12.451
14.076 -12.217
14.083 -12.091
14.099 -12.036
14.115 -11.940
14.136 -12.261
14.142 -12.136
14.145 -12.176
14.154 -12.085
14.171 -12.209
14.173 -11.850
14.269 -12.182
14.269 -12.086
14.270 -12.041
14.271 -12.591
14.277 -12.107
14.285 -12.579
14.298 -12.277
14.306 -11.818
14.307 -12.431
14.308 -12.020
14.312 -12.107
14.335 -12.227
14.393 -12.277
14.421 -12.014
14.442 -12.430
14.443 -11.981
14.460 -12.481
14.528 -12.152
14.535 -12.283
14.537 -11.950
14.539 -12.557
14.567 -12.204
14.568 -12.127
14.595 -12.173
14.638 -11.799
14.640 -12.042
14.643 -12.307
14.651 -12.045
14.683 -12.436
14.727 -11.774
14.728 -12.302
14.744 -12.340
14.798 -12.056
14.800 -12.337
14.806 -12.108
14.809 -12.355
14.821 -11.934
14.821 -12.494
14.821 -12.617
14.861 -12.236
14.870 -12.019
14.900 -12.077
14.901 -12.357
14.908 -12.024
14.916 -12.145
14.936 -12.522
14.947 -11.675
14.972 -12.287
14.991 -11.822
15.018 -12.091
15.082 -12.155
15.125 -12.338
15.126 -12.187
15.132 -12.106
15.133 -12.051
15.148 -12.471
15.154 -12.245
15.157 -12.507
15.162 -12.517
15.190 -12.479
15.202 -12.237
15.209 -12.319
15.224 -12.125
15.248 -11.894
15.279 -12.319
15.289 -12.060
15.305 -12.050
15.345 -12.121
15.358 -12.278
15.362 -12.132
15.368 -12.140
15.408 -11.955
15.410 -12.336
15.447 -12.034
15.476 -12.441
15.522 -12.623
15.526 -12.259
15.589 -12.076
15.643 -12.279
15.647 -12.209
15.657 -12.114
15.671 -12.408
15.677 -12.561
15.681 -11.732
15.797 -12.153
15.819 -12.310
15.819 -12.586
15.830 -12.193
15.831 -11.873
15.860 -12.267
15.914 -12.191
15.927 -12.284
15.954 -12.340
15.955 -12.030
15.987 -12.490
15.987 -12.166
15.999 -12.153
16.003 -12.272
16.032 -12.169
16.045 -12.128
16.058 -11.940
16.058 -12.188
16.085 -12.206
16.097 -12.190
16.109 -12.284
16.117 -12.102
16.130 -12.316
16.148 -12.107
16.165 -12.278
16.204 -12.128
16.214 -12.129
16.216 -12.131
16.225 -12.480
16.270 -12.210
16.285 -12.493
16.323 -12.010
16.344 -11.987
16.349 -12.326
16.353 -12.499
16.399 -12.036
16.411 -12.403
16.418 -11.821
16.419 -12.126
16.445 -12.239
16.491 -12.303
16.537 -12.492
16.546 -12.385
16.547 -12.564
16.581 -12.313
16.582 -12.140
16.622 -12.294
16.657 -12.293
16.659 -12.240
16.661 -12.469
16.662 -12.455
16.686 -12.136
16.689 -11.915
16.726 -12.415
16.727 -12.606
16.743 -11.976
16.793 -12.330
16.812 -12.272
16.847 -12.370
16.883 -12.243
16.889 -12.540
16.892 -12.371
16.915 -12.543
16.916 -12.503
16.917 -12.496
16.923 -12.086
16.943 -12.026
16.956 -11.973
17.014 -12.348
17.021 -12.065
17.040 -12.127
17.124 -12.503
17.131 -12.283
17.145 -12.271
17.156 -12.146
17.200 -12.262
17.250 -12.036
17.259 -12.358
17.263 -12.307
17.272 -12.363
17.296 -12.450
17.336 -12.346
17.348 -12.032
17.363 -12.006
17.390 -12.329
17.395 -12.041
17.396 -12.477
17.413 -12.242
17.422 -12.401
17.473 -12.220
17.527 -12.112
17.604 -12.091
17.622 -12.541
17.682 -12.390
17.751 -12.286
17.758 -11.981
17.762 -12.168
17.779 -12.240
17.799 -12.038
17.830 -12.430
17.837 -12.122
17.839 -12.165
17.843 -12.232
17.853 -12.487
17.855 -12.320
17.903 -12.409
17.936 -12.290
17.950 -12.135
17.997 -12.204
18.001 -12.008
18.022 -12.469
18.048 -12.265
18.055 -12.023
18.061 -12.448
18.062 -12.138
18.198 -12.419
18.213 -12.329
18.241 -12.222
18.255 -12.287
18.272 -12.509
18.484 -12.354
18.520 -12.403
18.528 -12.626
18.590 -12.240
18.593 -12.285
18.607 -12.295
18.616 -12.331
18.733 -12.376
18.779 -12.291
18.828 -12.705
18.852 -12.191
18.853 -12.416
18.888 -12.421
18.935 -11.965
19.046 -12.343
19.063 -11.888
19.095 -11.884
19.118 -12.445
19.146 -12.354
19.170 -12.221
19.259 -12.122
19.302 -12.393
19.308 -12.057
19.365 -12.423
19.385 -12.388
19.406 -12.287
19.445 -12.370
19.550 -12.681
19.604 -12.693
19.625 -12.371
19.740 -12.137
19.764 -12.302
19.846 -12.662
19.936 -12.226
19.969 -12.427
20.019 -12.433
20.066 -12.781
20.167 -12.510
20.177 -12.690
20.183 -12.349
20.184 -12.082
20.270 -12.546
20.335 -12.005
20.359 -12.320
20.458 -12.368
20.515 -12.278
20.584 -12.514
20.619 -12.378
20.701 -12.173
20.745 -12.301
20.789 -12.366
20.796 -12.292
20.808 -12.574
20.808 -12.450
20.836 -12.238
20.859 -11.879
21.050 -12.641
21.122 -12.467
21.185 -12.379
21.187 -12.285
21.190 -12.423
21.213 -12.682
21.318 -12.413
21.332 -12.358
21.397 -12.207
21.409 -12.228
21.567 -12.047
21.609 -12.719
21.733 -12.462
21.749 -12.391
22.001 -12.152
22.030 -12.241
22.053 -12.132
22.059 -12.578
22.071 -12.417
22.158 -12.372
22.257 -12.167
22.274 -12.233
22.339 -12.360
22.355 -12.216
22.357 -12.546
22.385 -12.462
22.479 -12.600
22.711 -12.708
22.721 -12.035
22.770 -12.641
22.928 -12.310
22.977 -12.336
22.996 -12.723
23.040 -12.446
23.122 -12.163
23.150 -12.279
23.346 -12.627
23.443 -12.225
23.530 -12.106
23.598 -12.656
23.671 -12.506
23.854 -12.470
24.121 -12.339
24.201 -12.519
24.224 -12.627
24.258 -11.925
24.277 -12.677
24.436 -12.353
24.456 -12.546
24.482 -12.527
24.697 -12.221
24.816 -12.280
24.949 -12.332
24.995 -12.435
25.556 -12.197
25.854 -12.092
25.855 -12.433
26.183 -12.310
26.219 -12.343
27.197 -12.278
27.475 -12.615
27.969 -12.480
28.142 -12.236
28.236 -12.444
28.281 -12.427
28.338 -12.359
28.602 -12.317
28.689 -12.418
29.875 -12.208
29.899 -12.809
30.117 -12.701
30.364 -12.023
30.844 -12.548
30.883 -12.077
33.294 -12.671
35.115 -11.810
35.920 -12.480
48.216 -12.381
57.085 -12.299
