# Ep lEiso
93.304 -8.189
95.085 -8.155
98.521 -8.081
99.429 -8.085
99.774 -8.123
100.560 -8.097
101.049 -8.042
101.480 -8.015
101.956 -8.122
101.972 -8.139
102.253 -8.094
102.739 -8.112
102.919 -8.049
103.290 -8.076
103.651 -8.101
103.799 -8.064
104.306 -8.079
104.363 -8.094
104.500 -8.030
104.537 -8.106
104.635 -8.068
104.651 -8.084
104.715 -7.999
104.819 -8.066
104.906 -8.065
105.038 -8.102
105.043 -8.092
105.127 -8.075
105.197 -8.064
105.249 -8.088
105.737 -8.070
105.760 -8.038
105.799 -8.092
105.948 -7.978
106.126 -8.036
106.145 -8.073
106.353 -7.976
106.436 -8.013
106.445 -8.077
106.573 -7.990
106.630 -8.086
106.676 -8.070
106.758 -8.022
106.773 -8.033
106.795 -8.076
106.851 -8.102
106.983 -8.067
107.189 -7.998
107.205 -8.038
107.217 -8.092
107.235 -8.043
107.270 -8.014
107.355 -8.080
107.390 -8.082
107.494 -8.019
107.508 -8.088
107.553 -8.076
107.844 -7.987
107.906 -8.083
108.107 -8.061
108.107 -8.055
108.217 -8.038
108.297 -8.081
108.408 -8.074
108.415 -8.018
108.497 -8.091
108.547 -8.022
108.707 -7.931
108.723 -7.997
108.779 -8.028
108.863 -8.066
108.864 -8.074
108.884 -8.028
108.921 -8.068
108.985 -8.016
109.028 -8.060
109.054 -8.066
109.165 -8.067
109.246 -8.048
109.250 -8.042
109.302 -8.069
109.319 -8.062
109.342 -8.072
109.393 -8.048
109.454 -8.056
109.481 -8.062
109.506 -8.074
109.638 -8.032
109.655 -8.068
109.679 -8.066
109.703 -8.058
109.762 -8.004
109.766 -8.043
109.773 -7.988
109.863 -7.989
109.886 -8.041
109.950 -8.000
110.081 -7.987
110.122 -8.066
110.124 -8.045
110.165 -8.044
110.169 -8.098
110.174 -8.055
110.180 -8.060
110.195 -8.011
110.218 -8.000
110.224 -8.055
110.276 -8.027
110.331 -8.035
110.348 -8.060
110.377 -8.057
110.380 -8.038
110.411 -8.049
110.450 -8.066
110.455 -8.042
110.481 -8.033
110.511 -7.989
110.778 -8.079
110.782 -7.967
110.816 -8.023
110.860 -8.075
110.872 -8.030
110.881 -8.035
110.922 -8.038
110.944 -8.044
110.957 -8.005
111.073 -8.036
111.085 -8.028
111.117 -8.002
111.166 -8.059
111.190 -8.039
111.251 -8.087
111.276 -8.049
111.323 -8.039
111.329 -8.055
111.428 -8.055
111.441 -8.056
111.535 -8.044
111.541 -8.077
111.593 -7.976
111.628 -8.007
111.637 -8.037
111.645 -8.018
111.727 -8.019
111.737 -8.004
111.749 -8.069
111.844 -8.048
111.855 -8.041
111.994 -8.050
112.000 -8.021
112.001 -7.947
112.135 -8.032
112.162 -8.037
112.207 -8.070
112.257 -8.045
112.334 -8.043
112.361 -8.041
112.367 -8.047
112.452 -8.048
112.476 -8.036
112.492 -8.038
112.532 -8.033
112.535 -7.971
112.568 -8.027
112.585 -8.026
112.661 -8.038
112.717 -8.019
112.878 -8.018
112.894 -8.005
112.927 -8.007
112.945 -8.025
112.983 -8.044
112.985 -8.058
113.073 -8.028
113.097 -7.945
113.108 -8.023
113.138 -7.984
113.141 -7.928
113.170 -8.003
113.183 -7.968
113.215 -8.022
113.276 -7.957
113.287 -7.996
113.305 -8.048
113.308 -8.009
113.401 -8.044
113.470 -8.002
113.497 -8.017
113.506 -7.956
113.558 -8.049
113.579 -8.014
113.601 -8.026
113.602 -8.031
113.629 -8.025
113.712 -7.998
113.759 -7.933
113.805 -7.993
113.829 -8.051
113.846 -8.007
113.858 -8.013
113.868 -8.025
113.885 -7.976
113.972 -8.017
113.997 -8.032
114.047 -7.950
114.060 -8.021
114.065 -7.996
114.092 -8.023
114.122 -8.045
114.143 -7.999
114.175 -8.016
114.187 -7.912
114.206 -8.003
114.296 -8.030
114.355 -8.050
114.369 -8.047
114.372 -8.018
114.388 -7.930
114.418 -7.939
114.430 -7.997
114.500 -7.984
114.725 -8.057
114.732 -7.991
114.744 -8.001
114.746 -8.015
114.815 -8.003
114.843 -7.922
114.862 -8.025
114.863 -8.013
114.881 -7.997
114.986 -8.018
114.991 -8.062
115.009 -7.986
115.145 -7.967
115.207 -7.937
115.249 -7.983
115.367 -8.004
115.446 -7.964
115.455 -8.006
115.527 -8.017
115.537 -8.028
115.594 -7.913
115.601 -7.974
115.632 -8.037
115.643 -8.027
115.644 -8.015
115.702 -8.008
115.744 -8.007
115.866 -8.005
115.868 -7.942
115.922 -7.969
115.962 -8.017
115.966 -8.016
116.063 -7.945
116.064 -8.006
116.065 -7.988
116.085 -8.007
116.094 -7.975
116.131 -8.029
116.161 -8.001
116.172 -8.016
116.175 -8.033
116.200 -8.012
116.319 -8.010
116.480 -7.954
116.481 -7.980
116.508 -8.038
116.600 -8.023
116.619 -7.949
116.630 -7.938
116.641 -8.010
116.681 -7.999
116.720 -8.021
116.724 -8.004
116.731 -7.952
116.741 -7.924
116.808 -8.010
116.840 -7.953
116.883 -7.953
116.893 -7.966
116.895 -7.940
116.906 -8.035
116.924 -7.975
116.955 -8.012
116.990 -8.014
117.009 -7.957
117.041 -8.000
117.052 -8.009
117.147 -8.008
117.149 -8.006
117.191 -8.027
117.192 -8.027
117.288 -7.991
117.400 -7.975
117.433 -7.908
117.491 -7.940
117.582 -8.025
117.613 -7.917
117.757 -7.988
117.817 -8.017
117.829 -8.012
117.834 -7.964
117.873 -7.985
117.913 -7.921
117.923 -8.007
117.963 -7.948
117.978 -7.992
118.049 -7.964
118.053 -8.023
118.056 -7.994
118.106 -8.002
118.134 -7.916
118.147 -7.932
118.171 -8.010
118.203 -8.027
118.238 -8.018
118.264 -8.003
118.311 -8.017
118.313 -7.933
118.318 -7.976
118.492 -7.987
118.529 -7.974
118.661 -7.893
118.665 -7.939
118.719 -7.956
118.744 -7.994
118.829 -7.984
118.851 -7.948
118.875 -7.994
118.886 -7.958
118.888 -7.976
118.890 -8.003
118.909 -7.960
118.925 -7.987
118.934 -7.920
118.963 -7.986
119.065 -7.940
119.159 -7.966
119.183 -8.011
119.245 -7.983
119.289 -7.991
119.360 -7.967
119.361 -7.957
119.405 -7.942
119.434 -8.015
119.477 -7.992
119.518 -8.019
119.519 -7.985
119.537 -7.994
119.582 -7.979
119.598 -8.018
119.603 -7.957
119.616 -8.015
119.665 -7.977
119.696 -8.011
119.722 -7.944
119.819 -7.992
119.840 -7.936
119.954 -7.994
119.960 -7.930
120.034 -7.967
120.042 -8.015
120.060 -7.948
120.062 -7.882
120.068 -8.020
120.093 -7.955
120.145 -7.968
120.358 -7.995
120.372 -7.946
120.373 -7.978
120.470 -7.970
120.589 -7.987
120.611 -7.918
120.646 -7.878
120.654 -7.896
120.683 -7.973
120.698 -7.904
120.708 -7.976
120.710 -7.983
120.821 -7.998
120.956 -7.915
120.995 -7.959
121.038 -8.003
121.102 -7.953
121.134 -7.995
121.141 -7.898
121.249 -7.968
121.324 -7.965
121.377 -7.971
121.429 -7.982
121.465 -7.971
121.471 -7.919
121.479 -7.948
121.516 -7.989
121.559 -7.923
121.603 -7.982
121.632 -7.986
121.649 -7.958
121.667 -7.966
121.677 -7.997
121.677 -7.885
121.740 -7.984
121.750 -7.989
121.763 -7.910
121.782 -7.966
121.853 -7.964
121.866 -7.964
121.874 -7.937
121.927 -7.995
121.951 -7.964
121.977 -7.985
122.035 -7.892
122.058 -7.946
122.095 -7.948
122.280 -7.943
122.297 -7.926
122.330 -7.973
122.350 -7.976
122.357 -7.931
122.364 -7.979
122.379 -7.925
122.420 -7.975
122.503 -8.006
122.531 -7.959
122.537 -7.974
122.538 -7.984
122.545 -7.977
122.556 -7.999
122.578 -7.972
122.582 -7.974
122.583 -7.929
122.584 -7.963
122.612 -7.967
122.626 -7.992
122.705 -7.935
122.739 -7.968
122.745 -7.970
122.757 -7.973
122.765 -7.967
122.803 -7.961
122.810 -7.945
122.833 -7.937
122.836 -7.898
122.841 -7.941
122.936 -7.960
122.941 -7.982
123.028 -7.967
123.031 -8.003
123.035 -7.872
123.071 -7.967
123.073 -7.976
123.124 -7.967
123.142 -7.932
123.145 -7.982
123.154 -7.983
123.194 -7.956
123.232 -7.982
123.245 -7.946
123.258 -7.967
123.282 -7.897
123.332 -7.962
123.387 -7.979
123.400 -7.911
123.412 -7.946
123.437 -7.955
123.464 -7.927
123.502 -7.925
123.573 -7.978
123.616 -7.958
123.631 -7.989
123.657 -7.895
123.661 -7.941
123.720 -7.985
123.726 -7.904
123.775 -7.942
123.800 -7.937
123.850 -7.985
123.921 -7.968
123.965 -7.934
123.994 -7.974
124.043 -7.958
124.043 -7.976
124.048 -7.953
124.057 -7.981
124.118 -7.987
124.124 -7.970
124.315 -7.973
124.317 -7.903
124.330 -7.941
124.397 -7.913
124.470 -7.915
124.476 -7.977
124.488 -7.840
124.500 -7.890
124.504 -7.973
124.550 -7.975
124.576 -7.922
124.608 -8.000
124.617 -7.971
124.629 -7.954
124.639 -7.961
124.643 -7.930
124.645 -7.916
124.649 -7.956
124.664 -7.958
124.680 -7.916
124.788 -7.953
124.815 -7.918
124.820 -7.959
124.915 -7.928
124.923 -7.914
124.948 -7.961
124.977 -7.967
124.992 -7.921
125.153 -7.952
125.159 -7.972
125.170 -7.940
125.232 -7.944
125.254 -7.877
125.328 -7.961
125.410 -7.899
125.414 -7.961
125.448 -7.864
125.518 -7.897
125.567 -7.974
125.585 -7.978
125.633 -7.927
125.669 -7.959
125.686 -7.934
125.694 -7.965
125.714 -7.923
125.799 -7.953
125.811 -7.949
125.835 -7.948
125.861 -7.866
125.870 -7.909
125.888 -7.922
125.916 -7.920
125.977 -7.946
125.986 -7.931
125.992 -7.975
125.994 -7.934
125.994 -7.941
126.006 -7.860
126.010 -7.963
126.060 -7.977
126.091 -7.948
126.101 -7.912
126.159 -7.882
126.244 -7.915
126.253 -7.960
126.271 -7.960
126.299 -7.871
126.325 -7.933
126.330 -7.954
126.433 -7.891
126.461 -7.943
126.520 -7.936
126.525 -7.953
126.533 -7.889
126.535 -7.939
126.540 -7.956
126.547 -7.887
126.569 -7.956
126.626 -7.897
126.632 -7.930
126.637 -7.956
126.647 -7.974
126.703 -7.950
126.720 -7.963
126.838 -7.944
126.870 -7.935
126.909 -7.948
126.927 -7.954
126.951 -7.946
127.003 -7.922
127.025 -7.937
127.049 -7.919
127.158 -7.960
127.259 -7.948
127.294 -7.944
127.466 -7.952
127.500 -7.949
127.519 -7.923
127.554 -7.955
127.572 -7.940
127.596 -7.956
127.636 -7.963
127.677 -7.962
127.691 -7.959
127.739 -7.932
127.767 -7.913
127.786 -7.879
127.793 -7.923
127.800 -7.914
127.831 -7.950
127.874 -7.917
127.874 -7.875
127.901 -7.936
127.904 -7.963
127.939 -7.855
127.975 -7.913
128.029 -7.896
128.207 -7.952
128.226 -7.871
128.311 -7.861
128.321 -7.929
128.338 -7.945
128.359 -7.930
128.485 -7.938
128.492 -7.955
128.517 -7.961
128.540 -7.908
128.542 -7.943
128.680 -7.943
128.683 -7.946
128.701 -7.860
128.773 -7.918
128.774 -7.868
128.814 -7.959
128.876 -7.884
128.910 -7.922
128.958 -7.945
129.009 -7.922
129.049 -7.919
129.071 -7.942
129.186 -7.909
129.197 -7.932
129.239 -7.931
129.255 -7.933
129.256 -7.867
129.316 -7.912
129.376 -7.950
129.389 -7.947
129.463 -7.940
129.466 -7.896
129.539 -7.944
129.585 -7.943
129.611 -7.943
129.634 -7.933
129.743 -7.912
129.761 -7.909
129.765 -7.913
129.839 -7.961
129.870 -7.911
129.901 -7.942
129.940 -7.890
129.957 -7.952
130.007 -7.951
130.011 -7.924
130.103 -7.959
130.108 -7.916
130.121 -7.931
130.153 -7.927
130.184 -7.919
130.225 -7.942
130.237 -7.884
130.243 -7.935
130.261 -7.928
130.293 -7.899
130.298 -7.909
130.484 -7.840
130.485 -7.865
130.487 -7.921
130.489 -7.963
130.500 -7.926
130.515 -7.894
130.541 -7.939
130.557 -7.904
130.558 -7.870
130.561 -7.919
130.568 -7.926
130.613 -7.871
130.725 -7.875
130.779 -7.917
130.820 -7.948
130.822 -7.914
130.855 -7.869
130.984 -7.926
130.998 -7.936
131.001 -7.910
131.006 -7.956
131.059 -7.929
131.062 -7.894
131.114 -7.926
131.197 -7.898
131.200 -7.916
131.207 -7.936
131.224 -7.916
131.289 -7.899
131.378 -7.894
131.380 -7.934
131.412 -7.937
131.523 -7.914
131.527 -7.947
131.539 -7.890
131.544 -7.937
131.569 -7.905
131.570 -7.882
131.571 -7.892
131.651 -7.927
131.669 -7.910
131.729 -7.914
131.732 -7.877
131.745 -7.910
131.762 -7.919
131.802 -7.947
131.825 -7.883
131.879 -7.929
131.924 -7.893
131.986 -7.913
132.131 -7.878
132.228 -7.850
132.231 -7.918
132.245 -7.912
132.246 -7.908
132.281 -7.939
132.294 -7.922
132.302 -7.942
132.312 -7.811
132.375 -7.879
132.403 -7.920
132.418 -7.842
132.453 -7.912
132.506 -7.894
132.576 -7.896
132.599 -7.846
132.635 -7.900
132.729 -7.910
132.761 -7.832
132.771 -7.826
132.787 -7.893
132.885 -7.894
132.889 -7.929
132.978 -7.899
133.049 -7.930
133.161 -7.836
133.170 -7.916
133.321 -7.884
133.450 -7.918
133.459 -7.838
133.484 -7.905
133.517 -7.927
133.531 -7.939
133.540 -7.876
133.816 -7.908
133.867 -7.920
133.869 -7.864
133.893 -7.842
133.897 -7.868
133.963 -7.899
134.089 -7.911
134.119 -7.889
134.182 -7.835
134.185 -7.886
134.258 -7.934
134.258 -7.909
134.286 -7.908
134.296 -7.822
134.363 -7.909
134.397 -7.906
134.429 -7.892
134.430 -7.910
134.499 -7.911
134.531 -7.910
134.561 -7.917
134.582 -7.877
134.615 -7.919
134.661 -7.903
134.703 -7.892
134.802 -7.903
134.827 -7.803
134.832 -7.903
134.855 -7.930
134.970 -7.909
135.007 -7.930
135.103 -7.893
135.155 -7.852
135.168 -7.879
135.176 -7.869
135.291 -7.893
135.320 -7.921
135.339 -7.877
135.340 -7.845
135.406 -7.883
135.519 -7.850
135.631 -7.926
135.652 -7.918
135.656 -7.931
135.739 -7.886
135.740 -7.851
135.838 -7.910
135.920 -7.909
135.926 -7.905
135.930 -7.838
135.934 -7.857
135.991 -7.897
135.997 -7.880
136.086 -7.878
136.089 -7.932
136.129 -7.884
136.247 -7.876
136.290 -7.896
136.379 -7.911
136.477 -7.900
136.492 -7.923
136.499 -7.910
136.562 -7.922
136.566 -7.919
136.567 -7.819
136.584 -7.830
136.637 -7.844
136.672 -7.849
136.828 -7.875
136.847 -7.883
136.898 -7.887
137.118 -7.858
137.136 -7.863
137.173 -7.882
137.201 -7.887
137.314 -7.895
137.443 -7.877
137.467 -7.901
137.477 -7.897
137.500 -7.901
137.562 -7.908
137.665 -7.872
137.697 -7.875
137.735 -7.873
137.804 -7.897
137.818 -7.833
137.821 -7.806
137.863 -7.890
137.884 -7.902
138.010 -7.888
138.143 -7.879
138.332 -7.849
138.375 -7.824
138.523 -7.859
138.704 -7.889
138.723 -7.866
138.737 -7.881
138.787 -7.886
138.842 -7.871
138.929 -7.820
138.947 -7.830
138.953 -7.880
138.963 -7.833
138.992 -7.818
138.997 -7.857
139.129 -7.852
139.220 -7.828
139.259 -7.878
139.389 -7.883
139.398 -7.860
139.458 -7.858
139.528 -7.846
139.548 -7.870
139.564 -7.845
139.565 -7.878
139.939 -7.862
139.981 -7.893
140.059 -7.885
140.095 -7.822
140.139 -7.855
140.678 -7.862
140.768 -7.836
140.789 -7.859
140.946 -7.884
140.952 -7.821
140.987 -7.888
141.011 -7.890
141.306 -7.893
141.453 -7.885
141.598 -7.912
141.666 -7.858
141.669 -7.809
141.769 -7.809
141.901 -7.857
142.219 -7.883
142.266 -7.802
142.359 -7.797
142.424 -7.889
142.502 -7.881
142.570 -7.843
142.824 -7.827
142.946 -7.828
142.963 -7.855
143.127 -7.851
143.183 -7.807
143.243 -7.870
143.352 -7.876
143.614 -7.805
143.749 -7.833
143.802 -7.855
144.088 -7.824
144.147 -7.864
144.353 -7.890
144.623 -7.855
144.731 -7.838
144.894 -7.827
145.048 -7.856
145.377 -7.873
145.411 -7.818
145.429 -7.860
145.431 -7.840
145.675 -7.874
145.853 -7.831
145.921 -7.855
146.195 -7.857
146.352 -7.849
146.543 -7.865
146.640 -7.816
146.867 -7.837
146.990 -7.808
147.112 -7.850
147.131 -7.845
147.162 -7.816
147.164 -7.856
147.242 -7.840
147.305 -7.801
147.833 -7.813
148.014 -7.852
148.177 -7.769
148.185 -7.838
148.192 -7.848
148.263 -7.867
148.589 -7.810
148.632 -7.841
148.834 -7.829
148.873 -7.830
149.362 -7.792
149.491 -7.800
149.875 -7.844
149.924 -7.838
150.704 -7.743
150.795 -7.823
150.864 -7.792
150.885 -7.848
150.922 -7.763
151.190 -7.784
151.428 -7.815
151.468 -7.819
151.621 -7.766
151.660 -7.799
151.663 -7.842
151.729 -7.836
151.952 -7.790
152.551 -7.788
152.585 -7.800
152.756 -7.774
153.306 -7.832
153.476 -7.841
153.543 -7.848
153.695 -7.788
153.984 -7.798
154.079 -7.812
154.763 -7.835
155.102 -7.803
155.330 -7.770
155.496 -7.785
155.678 -7.728
156.131 -7.816
156.794 -7.803
156.992 -7.815
157.049 -7.823
157.134 -7.770
157.180 -7.826
157.632 -7.800
157.711 -7.814
157.809 -7.812
158.654 -7.785
159.121 -7.787
159.644 -7.762
159.826 -7.795
161.301 -7.771
162.063 -7.760
162.065 -7.786
162.905 -7.676
162.997 -7.775
166.474 -7.758
167.192 -7.781
168.463 -7.766
168.910 -7.661
169.152 -7.761
169.268 -7.759
169.414 -7.754
170.094 -7.748
170.319 -7.682
174.455 -7.727
174.514 -7.674
175.062 -7.745
175.682 -7.709
176.889 -7.745
176.987 -7.709
184.233 -7.643
188.546 -7.649
191.466 -7.608
217.254 -7.603
231.934 -7.565
