# Ep lEiso
197.627 -7.539
203.997 -7.434
219.151 -6.936
223.108 -6.853
225.209 -6.759
229.994 -7.049
232.609 -6.883
233.968 -6.710
236.055 -6.884
236.138 -6.876
237.610 -6.689
240.163 -6.761
241.106 -6.769
243.052 -6.631
244.943 -6.910
245.725 -6.871
248.064 -6.653
248.413 -6.933
249.258 -6.899
249.480 -6.752
250.083 -6.621
250.184 -6.677
250.574 -6.812
251.215 -6.617
251.754 -6.616
252.563 -6.998
252.595 -6.713
253.107 -6.654
253.536 -6.616
253.859 -7.020
256.858 -6.939
257.000 -6.979
257.237 -6.851
258.151 -6.938
259.174 -6.792
259.260 -6.989
260.267 -6.657
260.788 -6.769
260.846 -6.874
261.652 -6.628
262.010 -6.719
262.298 -6.663
262.815 -6.876
262.909 -6.899
263.048 -6.685
263.401 -6.780
264.232 -6.981
265.528 -6.578
265.632 -6.551
265.709 -6.809
265.824 -6.569
266.041 -6.964
266.579 -6.705
266.797 -6.712
267.450 -6.555
267.540 -6.734
267.826 -6.769
269.653 -6.673
270.044 -6.718
271.208 -6.915
271.210 -6.901
271.779 -6.825
272.219 -6.800
272.956 -6.692
273.001 -6.931
273.548 -6.867
273.877 -6.516
274.943 -6.814
275.048 -6.719
275.423 -6.538
275.977 -6.795
275.983 -6.799
276.117 -6.539
276.361 -6.707
276.789 -6.875
277.074 -6.650
277.245 -6.668
277.984 -6.674
278.525 -6.612
278.548 -6.590
278.894 -6.740
279.009 -6.659
279.162 -6.830
279.501 -6.877
279.905 -6.639
280.083 -6.659
280.245 -6.699
281.128 -6.561
281.237 -6.682
281.397 -6.676
281.545 -6.649
281.886 -6.597
281.913 -6.523
281.954 -6.848
282.481 -6.693
282.615 -6.596
282.986 -6.888
283.803 -6.653
284.083 -6.686
284.094 -6.615
284.367 -6.754
284.395 -6.790
284.426 -6.940
284.469 -6.666
284.572 -6.508
284.724 -6.622
284.763 -6.651
285.114 -6.718
285.480 -6.590
285.597 -6.846
285.787 -6.766
285.807 -6.847
286.016 -6.639
286.283 -6.692
286.312 -6.617
286.487 -6.587
286.689 -6.522
288.480 -6.743
288.507 -6.635
288.738 -6.563
289.032 -6.732
289.107 -6.587
289.171 -6.604
289.447 -6.903
289.595 -6.530
289.681 -6.511
290.457 -6.876
290.539 -6.725
290.753 -6.506
291.082 -6.819
291.236 -6.688
291.610 -6.777
291.766 -6.655
292.055 -6.950
292.095 -6.676
292.700 -6.675
292.779 -6.678
293.362 -6.637
293.397 -6.744
293.745 -6.598
293.989 -6.518
294.050 -6.543
294.108 -6.553
294.673 -6.553
294.744 -6.505
294.828 -6.713
295.491 -6.806
295.571 -6.621
296.535 -6.647
296.580 -6.846
296.584 -6.800
297.517 -6.586
297.704 -6.887
298.016 -6.705
298.366 -6.764
298.906 -6.616
299.088 -6.713
299.131 -6.628
299.722 -6.629
299.893 -7.004
300.000 -6.885
300.263 -6.660
300.283 -6.808
300.499 -6.852
300.614 -6.557
301.114 -6.597
301.479 -6.539
302.543 -6.540
302.649 -6.498
302.860 -6.507
302.990 -6.563
303.262 -6.619
303.280 -6.665
303.908 -6.738
304.076 -6.613
304.153 -6.738
304.367 -6.441
304.393 -6.617
304.597 -6.500
304.695 -6.817
304.918 -6.556
305.354 -6.704
305.437 -6.803
305.562 -6.636
305.582 -6.522
306.248 -6.783
306.738 -6.506
306.937 -6.548
306.999 -6.655
307.372 -6.640
307.522 -6.540
307.677 -6.477
307.682 -6.592
307.873 -6.810
308.447 -6.854
308.771 -6.627
309.084 -6.482
309.256 -6.646
309.371 -6.642
309.455 -6.665
309.524 -6.735
309.636 -6.433
310.235 -6.804
310.406 -6.590
310.756 -6.786
310.842 -6.558
310.876 -6.800
311.062 -6.564
311.273 -6.625
311.415 -6.741
311.655 -6.692
311.737 -6.483
311.878 -6.509
312.534 -6.581
312.967 -6.725
313.068 -6.626
313.086 -6.718
313.202 -6.600
313.422 -6.593
313.512 -6.490
314.020 -6.456
315.645 -6.654
315.696 -6.472
315.782 -6.638
315.797 -6.538
316.285 -6.507
316.490 -6.519
316.625 -6.569
316.628 -6.638
316.758 -6.489
317.506 -6.551
317.544 -6.677
317.669 -6.458
318.642 -6.668
319.082 -6.582
319.399 -6.449
320.273 -6.513
320.861 -6.448
320.926 -6.811
321.459 -6.557
321.534 -6.591
321.949 -6.566
321.999 -6.787
322.231 -6.619
322.311 -6.773
322.318 -6.553
322.742 -6.532
323.053 -6.530
323.948 -6.698
323.962 -6.831
324.356 -6.822
324.652 -6.608
324.677 -6.749
325.392 -6.668
325.396 -6.535
325.402 -6.482
325.550 -6.768
325.614 -6.441
325.890 -6.606
326.114 -6.522
326.198 -6.566
326.216 -6.829
326.406 -6.555
327.305 -6.664
328.507 -6.503
328.518 -6.646
328.720 -6.638
329.411 -6.597
329.552 -6.530
329.638 -6.535
329.719 -6.560
330.013 -6.814
330.311 -6.663
330.340 -6.626
330.390 -6.509
330.466 -6.663
330.970 -6.864
331.209 -6.565
331.528 -6.695
331.605 -6.636
331.623 -6.639
331.699 -6.637
331.835 -6.739
332.067 -6.573
332.338 -6.694
332.478 -6.407
332.728 -6.837
332.809 -6.485
333.530 -6.721
333.546 -6.558
333.867 -6.631
333.873 -6.902
334.609 -6.501
335.468 -6.431
335.718 -6.507
336.156 -6.882
336.854 -6.645
337.094 -6.822
338.199 -6.864
338.661 -6.735
338.759 -6.726
338.794 -6.806
339.097 -6.486
339.409 -6.467
339.480 -6.796
339.795 -6.745
339.910 -6.865
340.464 -6.757
340.490 -6.638
340.513 -6.782
340.899 -6.582
341.118 -6.750
341.217 -6.834
341.405 -6.559
341.655 -6.604
341.928 -6.632
342.127 -6.670
342.492 -6.543
342.509 -6.571
342.550 -6.443
343.916 -6.585
344.200 -6.576
345.245 -6.447
345.277 -6.535
345.698 -6.556
345.896 -6.462
346.563 -6.447
346.736 -6.492
346.923 -6.464
347.016 -6.575
347.030 -6.514
347.042 -6.480
347.197 -6.507
347.324 -6.452
347.395 -6.541
347.626 -6.452
348.432 -6.379
349.183 -6.422
349.376 -6.489
349.864 -6.448
350.216 -6.460
350.784 -6.547
350.792 -6.412
351.140 -6.393
351.378 -6.495
351.724 -6.464
352.048 -6.555
352.061 -6.454
352.200 -6.506
352.560 -6.529
352.691 -6.495
352.729 -6.415
352.836 -6.492
353.231 -6.514
353.484 -6.505
353.693 -6.396
354.474 -6.456
354.640 -6.388
355.564 -6.494
355.612 -6.381
356.211 -6.426
356.278 -6.484
356.423 -6.403
356.437 -6.481
356.487 -6.491
356.689 -6.413
357.116 -6.529
358.853 -6.485
358.961 -6.518
358.969 -6.484
359.767 -6.468
360.746 -6.486
360.925 -6.514
361.213 -6.467
361.276 -6.347
361.516 -6.515
361.641 -6.471
361.722 -6.481
361.736 -6.498
362.651 -6.508
363.771 -6.366
364.097 -6.412
364.450 -6.518
364.985 -6.504
365.247 -6.448
365.310 -6.468
366.204 -6.415
366.827 -6.433
367.223 -6.619
367.600 -6.435
367.863 -6.499
367.908 -6.367
367.971 -6.501
368.240 -6.517
368.557 -6.375
368.879 -6.433
369.088 -6.437
369.215 -6.520
369.348 -6.418
369.418 -6.447
369.420 -6.454
369.883 -6.435
369.958 -6.440
370.056 -6.362
370.192 -6.477
370.718 -6.414
370.815 -6.456
370.868 -6.506
371.264 -6.440
371.438 -6.389
371.630 -6.429
372.057 -6.448
372.231 -6.393
372.518 -6.478
374.040 -6.390
374.190 -6.373
374.470 -6.418
374.638 -6.426
374.699 -6.377
374.762 -6.514
374.888 -6.371
375.232 -6.462
375.949 -6.448
376.183 -6.460
376.234 -6.388
376.247 -6.470
376.307 -6.468
376.398 -6.441
376.588 -6.388
376.626 -6.418
376.632 -6.377
376.636 -6.448
376.878 -6.411
377.003 -6.459
377.674 -6.380
377.969 -6.410
378.025 -6.411
378.120 -6.414
378.197 -6.470
378.520 -6.445
378.583 -6.387
378.782 -6.379
378.807 -6.345
378.849 -6.458
379.668 -6.460
379.711 -6.430
380.463 -6.408
380.490 -6.439
380.524 -6.415
380.839 -6.409
380.852 -6.464
381.294 -6.489
381.452 -6.378
381.478 -6.466
381.553 -6.453
381.901 -6.455
382.234 -6.448
382.344 -6.389
382.464 -6.427
382.671 -6.346
383.104 -6.401
383.586 -6.414
383.696 -6.356
383.800 -6.432
384.023 -6.393
384.255 -6.369
384.588 -6.367
385.213 -6.433
385.590 -6.469
385.718 -6.475
385.949 -6.339
385.984 -6.380
386.502 -6.438
386.555 -6.346
386.978 -6.380
387.203 -6.376
387.646 -6.442
388.271 -6.452
388.663 -6.370
388.922 -6.434
389.352 -6.389
389.352 -6.404
389.398 -6.385
389.473 -6.408
390.015 -6.454
390.070 -6.435
391.769 -6.416
391.786 -6.344
391.900 -6.374
392.500 -6.351
393.149 -6.439
393.201 -6.403
393.308 -6.290
393.415 -6.332
393.457 -6.400
393.861 -6.402
394.093 -6.439
394.382 -6.423
394.466 -6.470
394.570 -6.425
394.662 -6.422
394.697 -6.363
394.719 -6.340
394.759 -6.385
394.892 -6.386
395.040 -6.340
396.005 -6.421
396.248 -6.417
396.298 -6.383
397.148 -6.454
397.227 -6.416
397.446 -6.417
397.711 -6.386
397.842 -6.396
399.303 -6.371
399.365 -6.386
399.461 -6.362
400.031 -6.365
400.225 -6.399
400.903 -6.398
401.644 -6.328
401.683 -6.441
401.996 -6.407
402.635 -6.459
403.082 -6.417
403.244 -6.392
403.681 -6.349
404.012 -6.376
404.171 -6.423
404.243 -6.380
404.432 -6.345
405.220 -6.370
405.331 -6.367
405.546 -6.366
405.785 -6.300
405.868 -6.417
406.034 -6.435
406.297 -6.392
406.857 -6.364
406.945 -6.352
406.997 -6.388
407.017 -6.396
407.020 -6.360
407.124 -6.422
407.163 -6.408
407.623 -6.388
407.916 -6.366
408.006 -6.337
408.543 -6.315
409.328 -6.340
409.406 -6.374
409.570 -6.414
409.839 -6.330
410.082 -6.354
410.128 -6.369
411.092 -6.321
411.359 -6.358
411.915 -6.352
411.961 -6.347
412.029 -6.317
412.054 -6.377
412.095 -6.367
412.161 -6.404
412.371 -6.366
412.907 -6.322
412.966 -6.390
413.010 -6.432
413.105 -6.378
413.626 -6.387
413.791 -6.369
414.897 -6.410
415.196 -6.405
415.556 -6.398
415.726 -6.359
415.955 -6.353
416.445 -6.335
416.653 -6.389
416.875 -6.332
417.924 -6.359
418.880 -6.406
419.217 -6.346
420.861 -6.374
421.181 -6.346
421.365 -6.328
421.702 -6.350
421.874 -6.399
422.101 -6.350
422.481 -6.353
422.878 -6.352
423.008 -6.350
423.464 -6.331
423.734 -6.318
423.916 -6.295
423.982 -6.324
424.049 -6.386
424.346 -6.377
424.756 -6.319
424.757 -6.292
425.013 -6.358
425.051 -6.350
425.390 -6.278
425.739 -6.351
426.266 -6.305
427.992 -6.341
428.185 -6.287
429.009 -6.280
429.108 -6.356
429.269 -6.335
429.476 -6.325
430.707 -6.347
430.774 -6.341
431.014 -6.344
431.236 -6.377
431.259 -6.352
432.601 -6.332
432.632 -6.350
432.802 -6.363
433.510 -6.367
433.514 -6.282
433.902 -6.341
434.511 -6.343
434.853 -6.316
435.330 -6.401
435.838 -6.315
436.237 -6.400
436.456 -6.398
437.602 -6.278
437.712 -6.334
438.130 -6.342
438.290 -6.321
438.299 -6.277
438.894 -6.373
439.489 -6.331
439.619 -6.329
440.357 -6.352
440.387 -6.294
441.115 -6.341
441.568 -6.325
441.833 -6.325
442.059 -6.318
443.142 -6.303
443.319 -6.301
443.366 -6.303
444.099 -6.336
444.413 -6.301
444.713 -6.322
445.109 -6.286
445.277 -6.338
445.784 -6.328
445.834 -6.309
446.770 -6.333
446.822 -6.330
446.955 -6.357
447.281 -6.348
447.597 -6.361
448.011 -6.321
448.138 -6.279
448.191 -6.316
448.379 -6.310
448.708 -6.290
448.759 -6.358
450.656 -6.245
450.660 -6.263
450.684 -6.304
450.706 -6.335
450.817 -6.364
450.969 -6.365
451.240 -6.325
451.397 -6.291
451.405 -6.267
451.437 -6.302
451.506 -6.307
451.970 -6.267
453.108 -6.268
453.664 -6.366
454.078 -6.323
454.105 -6.297
454.436 -6.382
455.755 -6.306
455.900 -6.336
455.933 -6.294
455.979 -6.362
456.520 -6.338
456.554 -6.384
457.077 -6.306
457.935 -6.283
457.964 -6.327
458.040 -6.312
458.213 -6.297
458.895 -6.339
459.830 -6.278
459.857 -6.309
460.193 -6.310
461.354 -6.292
461.392 -6.317
461.521 -6.274
461.575 -6.363
461.836 -6.285
461.847 -6.324
461.850 -6.353
462.688 -6.342
462.877 -6.288
463.515 -6.280
463.539 -6.337
463.677 -6.277
463.851 -6.293
464.279 -6.313
464.512 -6.267
465.081 -6.299
465.549 -6.273
466.200 -6.286
467.722 -6.261
468.741 -6.242
468.776 -6.287
468.919 -6.357
468.930 -6.280
469.290 -6.300
469.436 -6.306
469.512 -6.302
469.620 -6.302
470.280 -6.315
470.574 -6.317
470.725 -6.320
471.098 -6.280
471.653 -6.268
472.389 -6.308
472.628 -6.306
473.021 -6.271
474.058 -6.305
474.405 -6.228
474.510 -6.251
474.684 -6.311
475.737 -6.298
475.780 -6.324
476.740 -6.266
477.507 -6.323
478.722 -6.226
478.813 -6.273
480.445 -6.293
481.839 -6.269
481.933 -6.225
482.208 -6.262
482.562 -6.274
482.710 -6.296
482.812 -6.306
485.789 -6.256
486.333 -6.264
486.355 -6.276
486.613 -6.281
486.655 -6.290
487.377 -6.287
488.736 -6.313
489.055 -6.244
489.735 -6.307
489.772 -6.280
490.551 -6.265
490.560 -6.253
490.861 -6.252
490.989 -6.207
491.826 -6.280
492.196 -6.249
492.561 -6.241
492.563 -6.251
493.337 -6.286
493.690 -6.269
494.024 -6.261
494.256 -6.232
494.628 -6.254
495.141 -6.245
495.603 -6.283
496.708 -6.254
496.989 -6.192
497.041 -6.215
497.297 -6.257
498.581 -6.245
498.990 -6.255
500.062 -6.266
500.638 -6.214
500.786 -6.228
500.872 -6.253
502.149 -6.234
502.474 -6.248
502.690 -6.262
502.697 -6.209
503.428 -6.227
504.690 -6.200
505.940 -6.260
506.176 -6.243
506.212 -6.274
507.140 -6.250
507.150 -6.253
508.240 -6.263
509.156 -6.249
509.219 -6.233
509.262 -6.200
509.313 -6.251
509.941 -6.263
510.017 -6.257
511.008 -6.218
511.036 -6.265
511.482 -6.221
512.923 -6.231
513.499 -6.243
514.597 -6.281
515.718 -6.297
515.897 -6.311
515.980 -6.354
516.705 -6.345
516.742 -6.326
516.760 -6.276
516.952 -6.285
517.568 -6.304
517.966 -6.314
519.759 -6.413
519.983 -6.337
520.571 -6.420
523.096 -6.415
523.304 -6.395
523.735 -6.462
524.054 -6.464
525.347 -6.443
526.839 -6.495
527.107 -6.512
527.231 -6.512
527.496 -6.519
528.203 -6.560
529.385 -6.540
529.759 -6.548
530.197 -6.555
530.993 -6.582
531.145 -6.553
531.181 -6.540
531.672 -6.618
531.912 -6.601
533.360 -6.621
534.886 -6.682
537.059 -6.669
537.554 -6.666
539.634 -6.683
542.038 -6.695
542.265 -6.683
542.428 -6.739
543.027 -6.691
543.687 -6.677
544.721 -6.655
544.938 -6.660
545.009 -6.685
545.128 -6.661
545.472 -6.653
545.522 -6.673
547.101 -6.713
548.179 -6.653
548.648 -6.678
550.191 -6.714
550.295 -6.666
551.008 -6.664
551.841 -6.657
552.081 -6.668
552.281 -6.655
552.288 -6.672
556.743 -6.657
557.233 -6.671
558.160 -6.655
558.599 -6.718
559.118 -6.722
565.532 -6.643
566.609 -6.676
566.856 -6.669
568.803 -6.677
568.899 -6.617
569.429 -6.650
569.798 -6.650
574.320 -6.646
576.132 -6.640
577.907 -6.653
578.747 -6.623
578.785 -6.599
580.008 -6.598
581.637 -6.620
585.546 -6.629
586.122 -6.588
587.264 -6.585
588.065 -6.666
589.027 -6.625
589.862 -6.605
592.984 -6.641
594.485 -6.592
594.691 -6.606
596.711 -6.634
597.394 -6.579
598.137 -6.610
599.476 -6.611
602.699 -6.638
604.352 -6.617
605.005 -6.633
609.478 -6.627
610.467 -6.585
613.886 -6.589
617.617 -6.603
618.988 -6.525
621.065 -6.605
623.010 -6.567
627.190 -6.605
627.617 -6.499
627.851 -6.558
627.880 -6.514
630.971 -6.540
633.238 -6.491
634.091 -6.536
637.568 -6.524
639.568 -6.486
641.991 -6.530
643.225 -6.446
646.105 -6.528
647.657 -6.489
649.205 -6.439
649.450 -6.522
649.842 -6.425
649.871 -6.464
650.858 -6.469
651.728 -6.492
661.285 -6.424
664.555 -6.523
667.097 -6.389
667.208 -6.532
667.293 -6.481
668.228 -6.383
672.490 -6.428
673.053 -6.505
675.701 -6.493
676.209 -6.492
682.613 -6.518
684.298 -6.489
689.325 -6.494
689.976 -6.486
700.189 -6.399
701.381 -6.507
702.283 -6.480
702.552 -6.503
703.043 -6.416
706.550 -6.433
710.525 -6.492
711.326 -6.484
714.349 -6.475
715.128 -6.437
715.186 -6.465
716.502 -6.459
720.924 -6.494
731.835 -6.453
732.303 -6.422
734.597 -6.404
742.007 -6.433
744.297 -6.436
745.201 -6.439
747.251 -6.403
751.136 -6.405
752.427 -6.412
761.631 -6.417
766.204 -6.395
769.267 -6.414
771.510 -6.407
773.965 -6.349
780.967 -6.409
795.479 -6.369
799.823 -6.393
801.075 -6.389
802.917 -6.345
803.931 -6.373
812.590 -6.351
813.680 -6.358
815.043 -6.355
826.719 -6.332
833.171 -6.321
840.403 -6.309
842.928 -6.323
863.312 -6.328
878.261 -6.276
878.316 -6.303
898.744 -6.218
900.972 -6.245
955.382 -6.211
965.563 -6.240
984.181 -6.197
996.397 -6.134
1003.011 -6.148
1006.166 -6.147
1010.156 -6.157
1028.725 -6.149
1034.870 -6.114
1099.809 -6.088
1100.677 -6.122
1108.682 -6.098
1117.748 -6.068
1138.026 -6.070
1141.089 -6.052
1288.453 -5.924
1385.274 -5.870
1456.111 -5.872
1973.947 -5.592
2320.131 -5.468
