# Ep lEiso
62.713 120.927
69.035 120.845
78.236 121.250
82.755 121.245
83.809 121.118
86.210 120.995
87.703 121.347
89.021 121.423
91.043 121.093
91.123 121.041
92.550 121.178
94.918 121.129
95.464 121.317
96.592 121.241
97.687 121.337
98.140 121.390
100.106 121.245
100.417 121.351
101.170 121.394
101.369 121.169
101.907 121.284
101.997 121.236
102.345 121.492
102.917 121.342
103.397 121.297
104.119 121.189
104.148 121.220
104.605 121.272
104.988 121.305
105.275 121.234
107.694 121.053
107.788 121.033
107.947 121.226
108.560 121.568
109.295 121.178
109.372 121.021
110.270 121.568
110.735 121.459
110.787 121.116
111.505 121.525
111.825 121.243
112.081 121.289
112.543 121.117
112.626 121.099
112.750 121.272
113.065 121.196
113.806 121.204
114.962 121.502
115.054 121.386
115.123 121.176
115.225 121.372
115.419 121.456
115.898 121.263
116.093 121.258
116.675 121.442
116.755 121.241
117.010 121.213
118.640 121.535
118.965 121.259
119.937 121.323
119.939 121.340
120.467 121.176
120.875 121.198
121.560 121.292
121.602 121.454
122.110 121.146
122.415 121.444
123.405 121.712
123.502 121.519
123.850 121.433
124.365 121.216
124.370 121.212
124.494 121.435
124.721 121.292
125.118 121.150
125.383 121.344
125.542 121.572
126.227 121.450
126.730 121.383
126.752 121.402
127.073 121.272
127.180 121.344
127.322 121.291
127.636 121.385
128.011 121.364
128.177 121.348
128.327 121.314
129.147 121.438
129.248 121.332
129.396 121.337
129.547 121.362
129.907 121.520
129.935 121.476
129.978 121.567
130.518 121.565
130.650 121.416
131.014 121.535
131.816 121.574
132.091 121.343
132.102 121.406
132.371 121.283
132.398 121.251
132.428 121.183
132.470 121.362
132.572 121.504
132.721 121.536
132.759 121.377
133.104 121.457
133.463 121.435
133.578 121.206
133.764 121.278
133.784 121.206
133.989 121.393
134.251 121.347
134.280 121.414
134.452 121.442
134.650 121.568
136.409 121.311
136.435 121.635
136.662 121.474
136.950 121.323
137.025 121.454
137.087 121.439
137.358 121.170
137.503 121.508
137.588 121.526
138.350 121.198
138.431 121.336
138.641 121.536
138.963 121.371
139.120 121.371
139.520 121.291
139.687 121.401
139.996 121.134
140.039 121.382
140.687 121.383
140.771 121.645
141.392 121.417
141.428 121.321
141.791 121.613
142.045 121.524
142.109 121.614
142.169 121.493
142.758 121.492
142.832 121.535
142.919 121.349
143.610 121.266
143.693 121.432
144.698 121.409
144.745 121.491
144.750 121.705
145.721 121.463
145.916 121.451
146.242 121.357
146.607 121.304
147.169 121.436
147.359 121.350
147.403 121.630
148.020 121.425
148.197 121.538
148.312 121.455
148.602 121.469
148.624 121.593
148.862 121.228
148.989 121.492
149.541 121.459
149.944 121.514
151.118 121.519
151.235 121.559
151.468 121.552
151.611 121.500
151.911 121.448
151.930 121.406
152.622 121.339
152.806 121.729
152.892 121.428
153.128 121.620
153.156 121.779
153.380 121.565
153.488 121.665
153.734 121.513
154.214 121.698
154.306 121.277
154.443 121.438
154.465 121.548
155.198 121.450
155.738 121.568
155.957 121.528
156.026 121.699
156.436 121.438
156.601 121.537
156.772 121.601
156.777 121.487
156.988 121.506
157.645 121.386
158.014 121.765
158.372 121.596
158.568 121.432
158.700 121.556
158.795 121.413
158.875 121.592
159.002 121.645
159.687 121.551
159.883 121.628
160.283 121.718
160.380 121.519
160.419 121.590
160.632 121.513
160.872 121.452
161.036 121.591
161.311 121.665
161.406 121.824
161.569 121.570
162.330 121.499
162.831 121.353
162.948 121.454
162.970 121.577
163.103 121.781
163.358 121.756
163.463 121.595
164.052 121.632
165.953 121.436
166.014 121.622
166.116 121.453
166.134 121.555
166.712 121.590
166.955 121.820
167.115 121.529
167.119 121.460
167.274 121.610
168.161 121.553
168.205 121.429
168.353 121.645
169.507 121.447
170.029 121.533
170.410 121.661
171.467 121.602
172.178 121.716
172.257 121.597
172.905 121.566
172.997 121.536
173.505 121.560
173.567 121.688
173.851 121.512
173.949 121.435
173.957 121.572
174.477 121.594
174.858 121.597
175.955 121.445
175.971 121.322
176.455 121.705
176.817 121.531
176.848 121.400
177.724 121.772
177.729 121.602
177.736 121.651
177.917 121.468
177.996 121.690
178.335 121.536
178.616 121.618
178.721 121.577
178.744 121.529
178.982 121.589
180.116 121.493
181.637 121.767
181.651 121.692
181.906 121.528
182.781 121.573
182.960 121.789
183.068 121.819
183.171 121.612
183.543 121.513
183.920 121.514
183.957 121.551
184.020 121.784
184.116 121.866
184.754 121.583
185.057 121.787
185.460 121.489
185.557 121.550
185.580 121.827
185.676 121.550
185.849 121.445
186.150 121.617
186.504 121.499
186.686 121.777
187.011 121.373
187.117 121.698
188.055 121.520
188.076 121.631
188.493 121.572
188.502 121.472
189.460 121.747
190.578 121.717
190.903 121.907
191.474 121.423
192.382 121.575
192.696 121.874
194.171 121.526
194.788 121.590
194.918 121.605
194.966 121.738
195.370 121.680
195.786 121.854
195.881 121.466
196.301 121.779
196.454 121.541
197.193 121.731
197.228 121.568
197.258 121.461
197.773 121.598
198.065 121.862
198.197 121.818
198.447 121.603
198.780 121.553
199.152 121.711
199.423 121.467
199.921 121.737
199.943 121.821
200.000 121.702
201.861 121.684
202.247 121.723
203.667 121.961
203.710 121.548
204.282 121.519
204.556 121.679
205.482 121.704
205.722 121.806
205.983 121.675
206.110 121.494
206.130 121.781
206.146 121.649
206.361 121.771
206.536 121.695
206.635 121.547
206.954 121.877
208.070 121.827
209.109 121.754
209.378 121.628
210.063 121.709
210.556 121.690
211.353 121.763
211.365 121.791
211.853 121.833
212.187 121.629
212.672 121.694
213.126 121.507
213.144 121.715
213.339 121.607
213.844 121.764
214.030 121.623
214.085 121.794
214.238 121.629
214.801 121.573
215.161 121.588
215.459 121.827
216.570 121.688
216.806 121.844
218.125 121.604
218.193 121.866
219.056 121.767
219.152 121.633
219.361 121.823
219.382 122.012
219.454 121.620
219.744 121.805
220.359 121.623
222.872 121.643
223.030 121.563
223.042 121.792
224.197 121.775
225.630 121.605
225.892 121.935
226.314 122.055
226.405 122.003
226.755 121.681
226.938 121.985
227.057 121.629
227.077 121.757
228.427 121.711
230.082 121.949
230.566 121.822
231.089 121.550
231.881 121.840
232.272 121.719
232.365 121.998
233.696 121.959
234.639 121.817
235.296 121.805
235.943 121.769
236.395 121.594
236.472 121.949
236.581 121.583
237.042 121.744
237.585 121.934
238.138 121.764
238.499 121.751
238.719 121.833
238.948 121.809
239.069 121.722
239.073 122.044
239.874 121.758
240.004 121.742
240.173 121.972
240.409 121.810
241.321 121.815
241.491 121.691
241.584 121.539
242.273 121.726
242.576 121.880
242.910 121.756
243.657 121.714
243.960 121.896
244.464 121.624
246.986 121.874
247.216 121.924
247.648 121.789
247.908 121.783
248.001 121.942
248.098 121.808
248.292 121.987
248.823 121.830
249.933 121.707
250.296 121.660
250.374 121.891
250.395 121.628
250.487 121.635
250.628 121.722
250.922 121.892
250.980 121.797
250.991 121.927
250.997 121.701
251.372 121.820
251.566 121.664
252.611 121.938
253.068 122.045
253.155 121.840
253.304 121.831
253.423 121.642
253.925 121.723
254.024 121.913
254.333 121.939
254.372 122.053
254.438 121.673
255.720 121.654
255.787 121.756
256.962 121.834
257.004 121.728
257.057 122.115
257.552 121.831
257.573 121.646
258.268 121.960
258.516 121.932
258.557 121.638
258.675 121.752
259.223 121.674
259.746 121.696
259.919 121.891
260.108 121.763
260.432 122.036
261.113 121.845
261.878 121.803
262.053 122.006
262.218 121.903
262.571 121.880
262.941 121.968
263.463 121.980
264.453 121.749
265.053 121.746
265.256 121.605
265.624 122.072
265.679 121.934
266.503 121.802
266.587 122.044
267.268 121.931
267.628 121.944
268.330 121.718
269.319 121.851
269.943 121.950
270.361 121.936
271.056 121.882
271.057 121.828
271.131 121.898
271.253 121.814
272.128 121.641
272.218 121.775
274.943 121.783
274.970 122.054
275.153 121.940
276.117 122.023
277.161 121.702
277.245 121.832
277.416 122.244
277.589 122.092
277.656 122.001
278.310 121.838
278.691 121.705
279.163 121.767
279.298 121.856
279.465 121.755
279.613 121.769
279.669 121.982
279.705 122.025
279.769 121.902
279.983 121.898
280.221 122.025
281.774 121.763
282.164 122.031
282.244 121.906
283.620 122.006
283.750 121.772
284.111 121.949
284.547 121.885
284.763 121.841
287.145 121.933
287.245 121.872
287.399 121.968
288.313 121.955
288.625 122.162
289.722 121.825
290.947 122.094
291.010 121.801
291.527 122.200
292.583 121.823
293.321 121.864
293.589 121.853
294.310 122.008
294.845 121.910
295.099 121.736
295.216 121.892
295.517 122.018
296.787 121.925
296.970 121.935
297.327 121.939
297.722 122.191
297.858 121.750
298.132 122.021
298.568 122.030
299.492 121.951
299.638 121.997
299.724 121.860
299.758 121.989
299.762 121.968
299.934 122.216
299.997 121.779
300.759 121.857
301.242 121.948
301.391 122.061
302.278 122.155
303.575 122.056
303.705 121.915
303.976 121.915
304.412 122.098
304.799 122.002
304.875 121.936
306.468 122.134
306.909 121.972
307.829 121.994
307.906 122.018
308.019 122.143
308.059 121.888
308.127 121.929
308.236 121.769
308.584 121.932
309.470 122.116
309.568 121.825
309.640 121.932
309.798 121.875
310.659 121.830
310.931 121.909
312.761 121.969
313.256 121.998
313.850 121.764
314.132 121.937
314.510 121.961
315.352 122.039
315.708 121.793
316.076 122.051
317.809 121.925
319.388 122.042
319.945 122.029
322.660 121.844
323.189 121.972
323.493 122.056
324.050 121.953
324.334 122.004
324.708 121.952
325.336 121.932
325.992 121.937
326.206 122.112
327.000 122.036
327.472 122.097
327.791 122.209
327.906 122.068
328.023 121.770
328.543 121.814
329.246 122.092
329.248 121.950
329.671 121.904
329.733 121.943
330.294 122.292
330.871 121.940
331.743 122.163
334.595 121.986
334.913 121.953
336.275 122.287
336.439 121.909
336.705 122.013
337.047 122.062
339.082 121.953
339.193 121.985
339.589 121.966
339.957 121.804
339.995 121.927
342.367 122.021
342.421 121.928
342.722 121.861
343.979 122.100
343.985 122.165
344.675 121.963
345.690 121.949
346.254 122.086
347.045 122.006
347.886 122.084
348.546 121.901
348.910 122.016
350.807 122.121
350.989 121.977
351.681 122.048
351.946 122.041
351.960 122.260
352.947 122.109
353.931 121.982
354.146 121.992
355.369 121.876
355.418 122.161
356.623 121.984
357.433 122.004
357.910 122.005
358.316 122.038
360.258 122.111
360.575 122.122
360.661 122.110
361.977 121.949
362.539 122.118
363.077 122.015
363.758 122.192
364.036 121.938
364.872 121.986
364.955 122.077
366.499 121.962
366.585 122.206
366.805 122.055
367.344 121.889
367.865 121.963
368.548 122.021
368.757 122.220
368.845 122.044
369.155 122.070
369.698 122.168
369.782 121.843
372.913 122.376
372.920 122.204
372.959 122.097
372.996 121.953
373.179 121.813
373.430 121.927
373.877 122.037
374.137 122.158
374.150 122.274
374.202 122.105
374.316 122.083
375.082 122.271
377.004 122.258
378.017 122.186
378.774 122.003
378.823 122.122
379.428 121.729
381.833 122.076
382.099 121.936
382.158 122.130
382.243 121.970
383.230 121.928
383.293 121.720
384.246 122.071
385.780 122.170
385.827 122.106
385.953 122.036
386.238 122.105
387.364 122.161
388.905 122.177
388.950 122.037
389.503 122.027
391.418 122.102
391.481 121.986
391.694 122.187
391.784 122.023
392.213 122.135
392.232 122.213
392.236 122.179
393.619 122.010
393.930 122.112
394.983 122.144
395.023 121.865
395.250 122.160
395.537 122.078
396.243 121.977
396.627 122.204
397.565 122.041
398.338 122.165
399.411 122.093
402.081 122.218
403.981 122.196
404.046 122.079
404.313 122.102
404.332 122.116
405.005 122.005
405.276 121.972
405.419 121.997
405.619 121.995
406.849 122.223
407.397 122.173
407.680 122.359
408.374 122.111
409.410 122.177
410.782 122.171
411.228 121.953
411.933 122.160
413.642 121.950
414.215 121.951
414.388 122.275
414.675 122.195
416.410 122.018
416.482 122.068
418.065 122.183
419.330 121.825
421.334 122.281
421.484 122.132
424.176 121.993
426.475 122.142
426.630 122.163
427.084 122.191
427.667 122.110
427.910 121.961
428.080 121.892
433.438 122.206
434.479 122.146
434.521 122.359
435.015 122.025
435.096 121.964
436.478 121.977
439.080 122.113
439.692 122.261
440.994 122.006
441.066 122.275
442.558 122.093
442.574 122.187
443.139 122.191
443.351 122.156
444.734 122.123
445.346 122.198
445.948 122.252
445.951 122.181
447.230 122.175
447.814 122.217
448.366 122.095
448.749 122.305
449.364 122.395
450.211 122.204
450.974 122.246
452.800 122.124
453.264 122.407
453.350 122.140
453.773 122.095
455.895 122.174
456.570 122.091
458.341 122.233
459.292 122.389
459.537 122.286
459.680 122.325
461.789 122.326
462.326 122.117
462.682 122.289
462.695 122.414
463.902 122.265
465.987 122.389
468.336 121.992
468.806 122.127
468.877 122.074
470.719 122.062
470.739 122.039
472.904 121.961
474.725 122.299
474.849 122.184
474.934 122.447
475.035 122.374
476.284 122.218
476.434 121.994
478.402 122.294
478.458 121.926
479.344 122.273
481.957 122.307
482.915 122.303
484.740 122.171
486.604 122.215
486.902 122.126
487.040 122.178
488.244 121.985
488.306 122.142
488.336 122.541
488.655 122.306
489.679 122.441
490.342 122.423
493.322 122.323
493.694 122.291
494.673 122.276
498.870 122.396
499.217 122.379
499.932 122.303
500.463 122.154
502.613 122.253
505.093 122.327
505.539 122.230
505.746 122.246
506.186 122.230
507.361 122.206
509.327 122.350
509.949 122.339
510.677 122.349
512.000 122.253
512.286 122.149
512.361 122.093
513.384 122.280
513.882 122.231
516.900 122.286
520.079 122.320
524.604 122.438
525.636 122.537
529.192 122.391
533.238 122.266
533.619 122.361
533.895 122.303
534.902 122.280
536.014 122.390
537.754 122.552
538.119 122.510
538.239 122.304
538.438 122.500
539.019 122.441
539.102 122.400
541.760 122.044
543.575 122.522
544.364 122.313
546.962 122.292
547.136 122.388
548.336 122.396
549.739 122.446
550.143 122.348
550.479 122.452
550.492 122.312
557.990 122.379
558.814 122.252
560.376 122.378
561.114 122.547
561.987 122.161
573.800 122.387
576.194 122.099
576.742 122.149
580.894 122.307
581.059 122.572
581.975 122.291
582.612 122.280
590.416 122.280
593.543 122.313
596.607 122.182
598.058 122.431
598.123 122.201
600.234 122.641
603.044 122.434
609.791 122.319
610.786 122.670
612.758 122.693
614.139 122.291
615.799 122.323
617.242 122.491
622.630 122.562
625.220 122.558
625.576 122.436
629.061 122.162
630.241 122.649
631.523 122.366
633.834 122.341
639.397 122.242
642.249 122.242
643.400 122.353
651.953 122.566
653.735 122.382
659.897 122.261
666.622 122.415
669.092 122.493
672.835 122.542
676.341 122.227
683.874 122.325
684.644 122.577
685.065 122.202
685.118 122.476
690.688 122.257
694.774 122.512
696.312 122.402
702.577 122.390
706.183 122.425
710.549 122.344
712.773 122.576
717.963 122.473
720.761 122.286
723.551 122.511
723.993 122.435
724.699 122.572
724.752 122.378
726.530 122.341
727.967 122.641
740.394 122.577
746.730 122.390
751.656 122.340
751.871 122.462
752.036 122.289
753.847 122.317
762.104 122.598
763.196 122.670
768.326 122.235
769.311 122.310
781.718 122.688
784.983 122.646
794.722 122.246
795.985 122.458
815.773 122.564
818.082 122.162
819.829 122.685
820.351 122.189
821.302 122.833
828.098 122.726
834.123 122.668
835.147 122.312
839.015 122.358
840.011 122.652
840.085 122.432
841.768 122.465
847.425 122.697
861.381 122.384
861.979 122.646
864.914 122.776
879.549 122.470
884.534 122.423
886.504 122.387
890.967 122.692
899.426 122.638
902.237 122.566
922.277 122.434
932.234 122.597
938.903 122.383
943.787 122.687
949.134 122.988
962.401 122.403
981.850 122.575
987.671 122.271
989.349 122.305
991.817 122.749
993.177 122.441
1004.780 122.579
1006.240 122.500
1008.067 122.509
1023.714 122.643
1032.361 122.694
1043.725 122.751
1050.316 122.567
1103.523 122.692
1131.019 122.751
1131.100 122.424
1161.410 123.229
1164.716 122.656
1245.445 122.719
1260.551 122.572
1295.167 122.585
1316.957 122.764
1328.753 123.035
1334.380 122.682
1341.496 122.835
1374.618 122.745
1385.576 122.589
1501.403 122.836
1502.952 122.362
1517.229 122.604
1533.399 122.934
1564.859 122.689
1567.415 122.580
1811.895 123.216
1971.526 123.079
2042.100 123.288
2850.416 122.873
3382.667 122.609
