# Ep lEiso
29.558 -10.628
36.475 -11.456
43.477 -11.238
45.344 -11.282
45.896 -11.411
47.153 -11.548
47.934 -11.107
48.438 -11.009
49.043 -11.440
49.067 -11.506
49.493 -11.341
50.233 -11.414
50.506 -11.192
51.012 -11.298
51.356 -11.197
51.499 -11.142
52.117 -11.330
52.215 -11.214
52.451 -11.174
52.514 -11.427
52.683 -11.304
52.711 -11.358
52.821 -11.080
53.001 -11.252
53.152 -11.305
53.379 -11.427
53.388 -11.395
53.501 -11.343
53.589 -11.311
53.654 -11.389
54.268 -11.595
54.297 -11.245
54.345 -11.416
54.532 -11.062
54.757 -11.252
54.780 -11.635
55.055 -11.072
55.196 -11.187
55.212 -11.542
55.432 -11.124
55.529 -11.415
55.608 -11.369
55.740 -11.547
55.761 -11.566
55.791 -11.389
55.867 -11.468
56.047 -11.463
56.327 -11.164
56.350 -11.282
56.366 -11.496
56.391 -11.297
56.438 -11.213
56.555 -11.412
56.602 -11.417
56.743 -11.233
56.763 -11.437
56.825 -11.467
57.220 -11.147
57.305 -11.428
57.579 -11.370
57.580 -11.353
57.729 -11.521
57.835 -11.501
57.998 -11.412
58.008 -11.252
58.129 -11.463
58.201 -11.268
58.436 -11.010
58.459 -11.201
58.542 -11.288
58.664 -11.505
58.666 -11.508
58.695 -11.291
58.749 -11.432
58.843 -11.573
58.906 -11.385
58.944 -11.164
59.107 -11.287
59.226 -11.356
59.231 -11.338
59.308 -11.465
59.333 -11.159
59.367 -11.232
59.442 -11.360
59.531 -11.382
59.570 -11.399
59.606 -11.432
59.786 -11.314
59.807 -11.417
59.838 -11.412
59.870 -11.388
59.946 -11.233
59.951 -11.276
59.961 -11.187
60.077 -11.187
60.107 -11.334
60.190 -11.214
60.371 -11.172
60.433 -11.181
60.436 -11.340
60.496 -11.464
60.502 -11.497
60.509 -11.566
60.519 -11.384
60.542 -11.239
60.576 -11.206
60.584 -11.369
60.662 -11.285
60.743 -11.308
60.769 -11.545
60.811 -11.470
60.816 -11.544
60.862 -11.349
60.921 -11.397
60.928 -11.327
60.967 -11.298
61.012 -11.164
61.406 -11.436
61.411 -11.086
61.458 -11.261
61.518 -11.425
61.533 -11.284
61.546 -11.301
61.602 -11.591
61.632 -11.229
61.650 -11.210
61.807 -11.565
61.824 -11.418
61.867 -11.205
61.934 -11.383
61.967 -11.383
62.049 -11.470
62.084 -11.354
62.148 -11.638
62.157 -11.375
62.291 -11.377
62.308 -11.101
62.437 -11.345
62.445 -11.446
62.522 -11.142
62.576 -11.236
62.590 -11.142
62.603 -11.269
62.728 -11.273
62.744 -11.229
62.762 -11.423
62.908 -11.513
62.924 -11.342
63.125 -11.374
63.134 -11.290
63.135 -11.073
63.329 -11.328
63.368 -11.342
63.433 -11.438
63.506 -11.493
63.618 -11.367
63.656 -11.363
63.665 -11.178
63.788 -11.385
63.824 -11.207
63.846 -11.358
63.904 -11.347
63.909 -11.227
63.956 -11.329
63.982 -11.327
64.092 -11.364
64.172 -11.315
64.400 -11.310
64.422 -11.271
64.467 -11.277
64.494 -11.326
64.552 -11.375
64.555 -11.416
64.688 -11.481
64.723 -11.090
64.739 -11.391
64.785 -11.197
64.790 -11.036
64.833 -11.250
64.854 -11.148
64.901 -11.301
64.993 -11.108
65.010 -11.222
65.037 -11.374
65.041 -11.260
65.181 -11.358
65.284 -11.230
65.326 -11.272
65.340 -11.088
65.418 -11.366
65.450 -11.258
65.482 -11.189
65.483 -11.313
65.522 -11.293
65.644 -11.425
65.712 -11.015
65.779 -11.199
65.815 -11.377
65.840 -11.373
65.857 -11.398
65.872 -11.205
65.896 -11.148
66.023 -11.368
66.059 -11.169
66.134 -11.074
66.152 -11.288
66.159 -11.429
66.199 -11.295
66.243 -11.362
66.274 -11.213
66.324 -11.135
66.342 -10.965
66.372 -11.239
66.511 -11.319
66.601 -11.476
66.622 -11.370
66.626 -11.241
66.650 -11.026
66.696 -11.055
66.715 -11.224
66.820 -11.189
67.161 -11.405
67.172 -11.213
67.190 -11.388
67.193 -11.283
67.297 -11.250
67.341 -11.016
67.369 -11.315
67.370 -11.386
67.398 -11.233
67.556 -11.297
67.564 -11.423
67.590 -11.204
67.794 -11.154
67.886 -11.327
67.952 -11.201
68.136 -11.263
68.259 -11.151
68.272 -11.270
68.384 -11.303
68.400 -11.334
68.487 -11.311
68.498 -11.184
68.547 -11.360
68.564 -11.437
68.565 -11.198
68.654 -11.280
68.720 -11.148
68.908 -11.431
68.911 -11.552
68.994 -11.177
69.056 -11.350
69.061 -11.478
69.211 -11.116
69.212 -11.283
69.213 -11.234
69.244 -11.414
69.257 -11.197
69.315 -11.349
69.362 -11.271
69.380 -11.312
69.383 -11.358
69.423 -11.301
69.612 -11.402
69.864 -11.142
69.867 -11.214
69.909 -11.373
70.054 -11.329
70.084 -11.117
70.102 -11.087
70.119 -11.291
70.181 -11.388
70.243 -11.318
70.249 -11.350
70.260 -11.119
70.276 -11.037
70.381 -11.320
70.432 -11.119
70.498 -11.418
70.515 -11.358
70.518 -11.084
70.534 -11.359
70.563 -11.463
70.611 -11.294
70.669 -11.410
70.698 -11.136
70.750 -11.167
70.768 -11.213
70.919 -11.390
70.922 -11.280
70.990 -11.338
70.991 -11.437
71.146 -11.164
71.326 -11.194
71.378 -11.004
71.471 -11.488
71.617 -11.336
71.667 -11.035
71.900 -11.384
71.997 -11.320
72.017 -11.306
72.025 -11.173
72.089 -11.231
72.154 -11.057
72.169 -11.445
72.235 -11.132
72.260 -11.369
72.376 -11.429
72.382 -11.343
72.386 -11.449
72.468 -11.312
72.514 -11.049
72.535 -11.093
72.574 -11.308
72.627 -11.357
72.684 -11.332
72.726 -11.447
72.803 -11.185
72.806 -11.103
72.815 -11.220
73.103 -11.255
73.163 -11.221
73.383 -11.008
73.390 -11.400
73.478 -11.432
73.520 -11.282
73.661 -11.258
73.698 -11.162
73.737 -11.285
73.757 -11.456
73.760 -11.186
73.762 -11.310
73.795 -11.195
73.822 -11.267
73.837 -11.407
73.885 -11.094
74.055 -11.098
74.197 -11.180
74.233 -11.310
74.323 -11.230
74.388 -11.253
74.493 -11.184
74.494 -11.155
74.559 -11.116
74.603 -11.323
74.667 -11.261
74.727 -11.449
74.729 -11.242
74.755 -11.351
74.821 -11.197
74.845 -11.337
74.852 -11.167
74.872 -11.331
74.945 -11.386
74.992 -11.372
75.031 -11.134
75.175 -11.272
75.206 -11.118
75.377 -11.358
75.385 -11.100
75.496 -11.204
75.509 -11.336
75.535 -11.151
75.538 -10.967
75.547 -11.350
75.585 -11.172
75.664 -11.353
75.986 -11.339
76.006 -11.416
76.007 -11.196
76.155 -11.213
76.337 -11.385
76.370 -11.076
76.423 -10.968
76.435 -11.017
76.479 -11.321
76.502 -11.041
76.517 -11.372
76.520 -11.254
76.690 -11.297
76.898 -11.076
76.959 -11.194
77.024 -11.447
77.124 -11.176
77.173 -11.290
77.185 -11.030
77.351 -11.066
77.468 -11.211
77.550 -11.227
77.631 -11.257
77.687 -11.418
77.696 -11.087
77.710 -11.428
77.767 -11.275
77.834 -11.092
77.903 -11.251
77.947 -11.261
77.974 -11.181
78.003 -11.202
78.018 -11.288
78.018 -10.974
78.118 -11.253
78.134 -11.268
78.155 -11.043
78.184 -11.201
78.296 -11.197
78.317 -11.318
78.329 -11.465
78.413 -11.283
78.451 -11.134
78.491 -11.254
78.583 -10.996
78.619 -11.146
78.681 -11.102
79.009 -11.140
79.041 -11.092
79.101 -11.222
79.138 -11.243
79.151 -11.105
79.164 -11.239
79.191 -11.090
79.265 -11.231
79.418 -11.327
79.469 -11.367
79.480 -11.150
79.483 -11.397
79.496 -11.390
79.516 -11.308
79.557 -11.150
79.565 -11.238
79.567 -11.116
79.568 -11.328
79.620 -11.217
79.647 -11.363
79.793 -11.127
79.856 -11.036
79.868 -11.222
79.889 -11.230
79.905 -11.402
79.975 -11.328
79.989 -11.156
80.031 -11.132
80.037 -11.029
80.046 -11.373
80.222 -11.390
80.231 -11.298
80.395 -11.199
80.401 -11.323
80.408 -10.974
80.477 -11.230
80.480 -11.398
80.577 -11.114
80.611 -11.139
80.617 -11.404
80.633 -11.301
80.710 -11.202
80.782 -11.096
80.805 -11.176
80.831 -11.118
80.876 -11.046
80.970 -11.217
81.075 -11.262
81.098 -11.083
81.121 -11.176
81.169 -11.200
81.220 -11.125
81.292 -11.120
81.429 -11.324
81.513 -11.326
81.541 -11.288
81.592 -11.042
81.600 -11.162
81.714 -11.277
81.726 -11.067
81.819 -11.165
81.869 -11.153
81.965 -11.351
82.101 -11.235
82.187 -11.149
82.243 -11.131
82.337 -11.215
82.337 -11.261
82.347 -11.202
82.363 -11.275
82.483 -11.292
82.495 -11.311
82.874 -11.301
82.878 -11.061
82.903 -11.160
83.036 -10.991
83.181 -11.366
83.192 -11.247
83.216 -10.867
83.240 -11.006
83.249 -11.090
83.339 -11.237
83.391 -11.086
83.454 -11.304
83.473 -11.220
83.495 -11.315
83.515 -11.302
83.523 -11.102
83.528 -11.061
83.536 -11.177
83.565 -11.181
83.597 -11.060
83.808 -11.310
83.863 -11.056
83.875 -11.174
84.069 -11.085
84.087 -11.306
84.137 -11.315
84.197 -11.200
84.227 -11.242
84.557 -11.155
84.571 -11.212
84.592 -11.122
84.719 -11.134
84.762 -10.941
84.913 -11.255
85.077 -11.005
85.086 -11.278
85.156 -10.907
85.298 -11.257
85.399 -11.218
85.437 -11.229
85.540 -11.086
85.617 -11.238
85.653 -11.336
85.670 -11.192
85.713 -11.077
85.893 -11.165
85.918 -11.156
85.967 -11.155
86.022 -10.930
86.041 -11.328
86.079 -11.086
86.139 -11.080
86.267 -11.156
86.287 -11.116
86.299 -11.238
86.304 -11.269
86.304 -11.143
86.328 -10.923
86.337 -11.312
86.442 -11.246
86.509 -11.169
86.530 -11.070
86.652 -10.993
86.832 -11.087
86.850 -11.210
86.887 -11.211
86.947 -10.971
87.001 -11.141
87.011 -11.198
87.225 -11.028
87.288 -11.165
87.419 -11.145
87.430 -11.124
87.446 -11.018
87.452 -11.154
87.462 -11.200
87.477 -11.014
87.527 -11.197
87.654 -11.038
87.668 -11.287
87.678 -11.195
87.701 -11.244
87.824 -11.282
87.863 -11.213
88.124 -11.158
88.195 -11.005
88.280 -11.334
88.320 -11.184
88.374 -11.162
88.490 -11.094
88.539 -11.308
88.589 -11.084
88.826 -11.194
89.042 -11.093
89.118 -11.148
89.501 -11.268
89.580 -11.157
89.626 -11.085
89.709 -11.175
89.751 -11.132
89.807 -11.177
89.901 -11.196
89.999 -11.192
90.031 -11.185
90.143 -11.111
90.210 -11.061
90.255 -10.967
90.271 -11.015
90.287 -11.339
90.361 -11.303
90.460 -11.071
90.460 -10.959
90.520 -11.231
90.529 -11.198
90.608 -10.908
90.689 -11.203
90.812 -11.022
91.214 -11.176
91.259 -10.962
91.451 -10.937
91.474 -11.244
91.512 -11.160
91.560 -11.122
91.847 -11.215
91.862 -11.190
91.923 -11.206
91.980 -11.335
91.986 -11.055
92.335 -11.163
92.343 -11.236
92.387 -10.950
92.571 -11.102
92.572 -10.972
92.672 -11.209
92.821 -11.016
92.904 -11.113
93.019 -11.175
93.142 -11.115
93.239 -11.256
93.292 -11.167
93.570 -10.983
93.596 -11.197
93.698 -11.143
93.736 -11.148
93.738 -10.982
93.883 -11.096
94.027 -11.193
94.058 -11.185
94.237 -11.168
94.244 -11.058
94.421 -11.191
94.531 -11.178
94.595 -11.177
94.650 -11.153
94.919 -11.103
94.968 -11.094
94.981 -11.103
95.183 -11.222
95.270 -11.097
95.352 -11.173
95.457 -11.041
95.499 -11.229
95.628 -11.194
95.641 -11.126
95.878 -11.211
95.891 -11.030
95.925 -11.142
96.007 -11.265
96.087 -11.210
96.192 -11.167
96.225 -11.018
96.238 -11.149
96.286 -11.130
96.369 -11.056
96.382 -11.299
96.863 -10.900
96.864 -10.964
96.870 -11.109
96.876 -11.216
96.904 -11.321
96.942 -11.236
97.011 -11.153
97.051 -11.062
97.053 -10.975
97.061 -11.102
97.078 -11.119
97.196 -10.977
97.485 -10.982
97.625 -11.037
97.730 -11.173
97.737 -11.084
97.821 -11.379
98.155 -11.112
98.192 -11.218
98.200 -11.071
98.212 -11.193
98.349 -11.223
98.358 -11.380
98.508 -11.112
98.756 -11.036
98.764 -11.188
98.784 -11.138
98.830 -11.085
99.012 -11.041
99.262 -11.028
99.269 -11.134
99.359 -11.141
99.669 -11.082
99.679 -11.170
99.714 -11.018
99.728 -11.142
99.798 -11.057
99.801 -10.998
99.801 -11.258
100.025 -11.150
100.076 -11.072
100.246 -11.047
100.253 -11.257
100.289 -11.035
100.336 -11.096
100.450 -11.171
100.512 -11.000
100.664 -11.122
100.789 -11.028
100.963 -11.081
101.370 -10.989
101.642 -10.914
101.651 -11.097
101.689 -11.080
101.692 -11.069
101.788 -11.153
101.827 -11.178
101.848 -11.160
101.876 -10.811
102.053 -10.995
102.131 -11.033
102.172 -10.895
102.271 -11.080
102.419 -11.033
102.622 -11.040
102.699 -11.201
102.820 -11.050
103.114 -11.206
103.212 -10.869
103.242 -10.970
103.291 -11.030
103.589 -11.161
103.601 -11.125
103.874 -10.961
104.091 -11.304
104.435 -10.873
104.461 -11.086
104.923 -11.189
105.319 -11.086
105.345 -10.876
105.423 -11.052
105.523 -11.110
105.565 -11.141
105.594 -10.975
106.438 -11.044
106.592 -11.085
106.598 -10.937
106.671 -11.169
106.683 -11.211
106.888 -11.201
107.273 -11.105
107.363 -11.002
107.556 -10.857
107.566 -10.991
107.829 -11.116
107.832 -11.052
107.935 -11.049
107.974 -10.825
108.227 -11.095
108.339 -11.045
108.449 -11.008
108.449 -11.056
108.683 -11.060
108.790 -11.032
108.891 -11.114
108.961 -10.973
109.073 -10.914
109.228 -11.041
109.367 -11.013
109.701 -11.093
109.786 -10.791
109.802 -10.903
109.879 -11.112
110.267 -11.060
110.390 -11.114
110.714 -11.023
110.888 -10.923
110.932 -10.989
110.959 -10.965
111.344 -10.918
111.442 -11.096
111.507 -10.988
111.510 -10.910
111.730 -11.004
112.111 -10.927
112.489 -11.175
112.560 -11.092
112.571 -11.125
112.851 -11.135
112.854 -11.148
113.183 -11.198
113.460 -10.996
113.479 -11.066
113.492 -10.907
113.507 -10.952
113.707 -11.047
113.736 -11.181
114.118 -11.001
114.129 -11.222
114.301 -11.014
114.807 -10.993
114.993 -10.996
115.347 -11.075
115.709 -11.049
115.766 -11.102
115.793 -11.071
116.027 -11.186
116.039 -11.092
116.044 -10.853
116.106 -10.879
116.305 -10.913
116.433 -10.924
117.011 -10.984
117.084 -10.851
117.273 -11.012
118.087 -10.941
118.155 -10.951
118.293 -10.996
118.396 -11.085
118.813 -10.868
119.294 -10.981
119.381 -11.039
119.421 -11.030
119.506 -11.039
119.734 -11.053
120.115 -10.968
120.236 -10.974
120.377 -10.968
120.634 -11.025
120.683 -10.871
120.694 -10.807
120.853 -11.008
120.930 -11.036
121.521 -11.003
122.168 -10.984
123.090 -10.916
123.300 -10.859
124.025 -10.943
124.849 -11.015
124.927 -10.961
124.983 -10.994
125.188 -11.007
125.415 -10.945
125.769 -10.855
125.843 -10.879
125.868 -10.994
125.909 -10.884
126.027 -10.850
126.044 -10.940
126.585 -11.138
126.955 -10.874
127.116 -10.989
127.645 -11.001
127.681 -10.948
127.925 -10.944
128.211 -10.917
128.293 -10.970
128.362 -10.914
128.364 -10.990
129.892 -10.955
130.083 -11.021
130.514 -10.950
130.718 -10.858
130.959 -10.929
133.942 -10.916
134.443 -11.069
134.558 -11.041
135.427 -10.951
135.461 -10.807
135.653 -10.959
135.786 -10.964
137.419 -10.955
138.073 -10.934
138.715 -11.002
139.018 -10.865
139.032 -10.750
139.473 -10.747
140.061 -10.857
141.621 -10.914
141.912 -10.722
142.489 -10.709
142.892 -10.928
143.378 -10.910
143.800 -10.818
145.375 -11.005
146.132 -10.780
146.237 -10.846
147.256 -10.991
147.601 -10.731
147.975 -10.881
148.651 -10.893
150.278 -10.943
151.112 -10.942
151.442 -10.884
153.215 -10.769
153.585 -10.864
154.863 -10.923
156.805 -10.840
157.537 -10.736
158.646 -10.773
159.686 -10.929
161.918 -10.875
162.146 -10.750
162.271 -10.935
162.287 -10.799
163.937 -10.904
165.148 -10.777
165.604 -10.830
167.460 -10.832
168.529 -10.813
169.823 -10.913
170.482 -10.738
172.020 -10.907
172.991 -10.869
174.204 -10.762
174.396 -10.797
174.703 -10.733
174.726 -10.823
175.499 -10.839
176.124 -10.699
181.378 -10.837
183.175 -10.804
184.573 -10.622
184.634 -10.770
184.681 -10.847
185.195 -10.834
187.538 -10.708
187.847 -10.676
189.303 -10.865
189.582 -10.832
193.103 -10.666
194.029 -10.683
197.617 -10.768
198.150 -10.754
206.499 -10.527
207.474 -10.857
208.211 -10.629
208.431 -10.843
208.832 -10.563
211.700 -10.602
214.243 -10.799
214.675 -10.774
216.306 -10.750
216.727 -10.621
216.758 -10.717
217.468 -10.700
219.855 -10.593
226.346 -10.715
226.726 -10.598
228.589 -10.748
234.604 -10.659
236.463 -10.677
237.197 -10.692
238.862 -10.548
242.016 -10.738
243.064 -10.596
250.536 -10.643
254.248 -10.557
256.735 -10.656
258.556 -10.630
260.549 -10.352
266.408 -10.677
277.428 -10.546
280.727 -10.684
281.677 -10.668
283.076 -10.465
283.846 -10.604
290.421 -10.540
291.249 -10.575
292.284 -10.571
301.150 -10.511
306.050 -10.490
311.541 -10.467
313.458 -10.541
336.137 -10.472
348.981 -10.435
349.018 -10.565
363.176 -10.231
364.721 -10.369
410.904 -10.391
423.378 -10.441
445.453 -10.420
453.225 -10.123
457.433 -10.225
459.440 -10.232
461.978 -10.307
473.792 -10.338
477.701 -10.163
540.535 -10.265
541.654 -10.466
551.983 -10.358
563.680 -10.211
586.438 -10.305
588.287 -10.206
707.892 -10.009
806.239 -10.004
849.718 -9.886
1302.304 -9.978
1668.291 -10.044
