# Ep lEiso
1.691 -11.066
3.118 -10.899
29.548 -11.382
34.597 -11.502
36.056 -11.854
39.081 -11.761
40.198 -11.355
41.182 -11.164
42.694 -12.053
42.754 -12.193
43.665 -11.843
44.810 -12.002
45.233 -11.502
46.105 -11.737
46.953 -11.957
47.303 -11.368
48.571 -11.798
48.742 -11.920
49.153 -11.413
49.262 -12.025
49.556 -11.722
49.605 -11.852
49.795 -11.169
50.107 -11.714
50.370 -11.711
50.764 -12.011
50.780 -11.931
51.030 -11.797
51.239 -11.713
51.396 -11.909
52.741 -11.784
52.794 -11.530
52.884 -11.968
53.231 -11.054
53.647 -11.541
53.691 -11.840
54.199 -11.068
54.462 -11.367
54.491 -11.884
54.898 -11.195
55.078 -11.968
55.224 -11.846
55.485 -11.463
55.532 -11.547
55.602 -11.898
55.780 -12.110
56.200 -11.834
56.797 -11.285
56.841 -11.605
56.875 -12.039
56.924 -11.645
57.018 -11.413
57.249 -11.950
57.343 -11.965
57.624 -11.456
57.662 -12.016
57.785 -11.922
58.572 -11.203
58.740 -11.979
59.285 -11.811
59.287 -11.762
59.583 -12.229
59.812 -12.171
60.196 -11.916
60.220 -11.465
60.489 -12.059
60.642 -11.507
61.137 -10.777
61.186 -11.316
61.360 -11.563
61.619 -11.878
61.621 -11.941
61.683 -11.570
61.797 -11.895
61.996 -11.484
62.129 -11.839
62.209 -11.884
62.552 -11.901
62.804 -11.756
62.815 -11.704
62.976 -11.926
63.029 -11.873
63.100 -11.955
63.258 -11.766
63.446 -11.829
63.529 -11.878
63.604 -11.975
64.011 -11.644
64.058 -11.942
64.126 -11.929
64.196 -11.863
64.362 -11.734
64.375 -11.742
64.395 -11.303
64.652 -11.317
64.718 -11.732
64.899 -11.406
65.298 -11.873
65.434 -11.953
65.440 -11.778
65.573 -11.779
65.587 -12.211
65.602 -11.864
65.623 -11.904
65.673 -11.513
65.747 -11.425
65.766 -11.867
65.937 -11.648
66.116 -11.716
66.173 -11.915
66.266 -11.895
66.275 -11.743
66.377 -11.837
66.508 -11.969
66.522 -11.782
66.608 -11.708
66.706 -11.359
67.568 -11.653
67.580 -11.191
67.688 -11.640
67.825 -12.063
67.860 -11.697
67.890 -11.739
68.019 -11.767
68.088 -11.811
68.128 -11.499
68.490 -11.755
68.529 -11.685
68.629 -11.476
68.782 -11.939
68.857 -11.774
69.047 -11.760
69.126 -11.857
69.273 -11.782
69.293 -11.912
69.601 -11.913
69.641 -11.922
69.938 -11.822
69.956 -12.091
70.133 -11.273
70.257 -11.525
70.288 -11.765
70.317 -11.612
70.599 -11.622
70.634 -11.502
70.676 -12.027
71.005 -11.860
71.044 -11.804
71.523 -11.884
71.545 -11.652
71.547 -11.051
72.010 -11.746
72.103 -11.782
72.258 -12.050
72.431 -11.852
72.699 -11.840
72.790 -11.827
72.811 -11.873
73.104 -11.885
73.189 -11.786
73.245 -11.803
73.384 -11.769
73.395 -11.268
73.509 -11.714
73.571 -11.707
73.836 -11.808
74.030 -11.659
74.595 -11.661
74.651 -11.550
74.763 -11.572
74.832 -11.719
74.976 -11.868
74.986 -11.497
75.319 -11.745
75.408 -11.080
75.450 -11.705
75.563 -11.391
75.577 -10.942
75.684 -11.547
75.735 -11.264
75.850 -11.694
76.076 -11.168
76.119 -11.485
76.183 -11.904
76.193 -11.593
76.537 -11.868
76.791 -11.530
76.894 -11.644
76.926 -11.155
77.118 -11.900
77.196 -11.616
77.276 -11.717
77.278 -11.760
77.377 -11.704
77.685 -11.485
77.859 -10.957
78.027 -11.442
78.119 -11.913
78.181 -11.558
78.226 -11.607
78.263 -11.698
78.323 -11.301
78.644 -11.634
78.736 -11.756
78.924 -11.091
78.970 -11.665
78.988 -11.720
79.088 -11.684
79.201 -11.862
79.278 -11.487
79.407 -11.626
79.451 -10.784
79.526 -11.525
79.879 -11.739
80.112 -11.904
80.166 -11.876
80.176 -11.647
80.238 -10.936
80.357 -11.012
80.405 -11.477
80.679 -11.834
81.564 -11.977
81.593 -11.442
81.640 -11.930
81.648 -11.637
81.918 -11.546
82.032 -10.892
82.107 -11.728
82.109 -11.925
82.181 -11.499
82.597 -11.676
82.618 -12.031
82.687 -11.517
83.227 -11.273
83.472 -11.030
83.649 -11.402
84.138 -11.578
84.468 -11.259
84.504 -11.599
84.804 -11.694
84.846 -11.782
85.083 -11.713
85.112 -11.347
85.244 -11.850
85.290 -11.770
85.294 -11.677
85.536 -11.615
85.714 -11.607
86.226 -11.592
86.234 -11.634
86.461 -11.300
86.631 -11.804
86.646 -12.179
87.058 -11.806
87.060 -11.609
87.064 -11.467
87.149 -11.617
87.186 -11.358
87.345 -11.801
87.475 -11.574
87.524 -11.693
87.534 -11.830
87.644 -11.663
88.168 -11.657
88.874 -11.711
88.881 -11.424
89.000 -11.890
89.408 -11.773
89.492 -11.171
89.543 -11.596
89.591 -11.666
89.765 -11.572
89.942 -11.747
89.959 -11.612
89.989 -11.192
90.034 -10.966
90.334 -11.664
90.477 -11.664
90.667 -11.210
90.713 -11.552
90.724 -11.104
90.769 -11.870
90.851 -11.388
90.990 -11.688
91.154 -11.704
91.238 -11.245
91.388 -11.594
91.437 -11.669
91.873 -11.665
91.883 -11.648
92.077 -11.814
92.081 -11.819
92.529 -11.529
93.054 -11.403
93.207 -10.862
93.476 -11.730
93.906 -11.811
94.054 -10.945
94.740 -11.502
95.028 -11.741
95.089 -11.699
95.109 -11.617
95.276 -11.482
95.447 -10.974
95.486 -11.664
95.658 -11.192
95.722 -11.548
96.026 -11.332
96.040 -11.808
96.053 -11.571
96.266 -11.718
96.387 -10.947
96.441 -11.646
96.545 -11.705
96.683 -11.852
96.835 -11.776
96.945 -11.661
97.148 -11.778
97.157 -11.101
97.180 -11.448
97.943 -11.549
98.102 -11.449
98.691 -10.806
98.709 -11.625
98.947 -11.496
99.059 -11.609
99.437 -11.533
99.536 -11.244
99.642 -11.614
99.694 -11.324
99.703 -11.476
99.709 -11.689
99.797 -11.341
99.869 -11.559
99.910 -11.020
100.042 -11.556
100.504 -11.180
100.937 -11.388
101.048 -11.753
101.330 -11.529
101.532 -11.592
101.863 -11.397
101.868 -11.317
102.071 -11.205
102.210 -11.793
102.411 -11.615
102.600 -11.833
102.608 -11.562
102.690 -11.633
102.902 -11.511
102.979 -11.825
103.001 -11.339
103.064 -11.807
103.297 -11.497
103.446 -11.774
103.569 -11.232
104.031 -11.623
104.130 -11.179
104.680 -11.646
104.709 -11.579
105.065 -11.425
105.105 -11.810
105.191 -11.272
105.199 -11.455
105.229 -11.851
105.351 -11.332
105.610 -11.434
106.658 -11.647
106.723 -11.253
106.728 -11.512
107.215 -11.444
107.816 -11.581
107.925 -11.027
108.102 -11.796
108.140 -10.849
108.287 -11.470
108.363 -11.415
108.413 -11.493
108.421 -11.549
108.986 -11.673
109.687 -11.009
109.890 -11.364
110.111 -11.712
110.444 -11.311
110.607 -11.654
110.646 -10.867
111.208 -11.431
111.611 -11.411
111.892 -11.471
112.166 -11.569
112.358 -11.485
112.391 -11.460
112.437 -11.305
112.632 -11.635
112.862 -11.106
113.096 -11.576
113.247 -11.610
113.339 -11.381
113.436 -11.446
113.486 -11.690
113.488 -10.793
113.832 -11.589
113.889 -11.632
113.963 -10.989
114.065 -11.442
114.459 -11.428
114.532 -11.424
114.572 -11.613
114.869 -11.677
114.999 -11.430
115.142 -11.594
115.461 -10.849
115.591 -11.280
115.805 -11.295
116.949 -11.261
117.065 -11.617
117.282 -11.501
117.412 -11.563
117.459 -11.157
117.508 -11.550
117.605 -11.112
117.870 -11.526
118.423 -11.810
118.603 -11.436
118.642 -11.553
118.652 -11.633
118.697 -11.582
118.767 -11.755
118.913 -11.533
118.942 -11.548
118.947 -11.186
118.950 -11.458
119.135 -11.486
119.231 -11.684
119.745 -11.590
119.969 -11.486
120.012 -11.499
120.085 -11.524
120.143 -11.478
120.398 -11.427
120.449 -11.298
120.608 -11.227
120.628 -10.917
120.662 -11.261
121.319 -11.428
121.353 -11.606
121.952 -11.495
121.973 -11.784
122.000 -11.564
122.250 -11.499
122.261 -11.576
122.613 -11.498
122.738 -11.217
122.759 -11.614
122.818 -11.625
123.094 -11.404
123.356 -11.608
123.443 -11.321
123.537 -11.491
123.700 -10.920
124.041 -11.439
124.421 -11.571
124.511 -11.022
124.598 -11.306
124.785 -11.379
124.981 -11.149
125.257 -11.459
125.774 -11.555
126.087 -11.393
126.193 -11.645
126.385 -10.882
126.413 -11.254
126.843 -11.608
126.887 -11.501
127.238 -11.449
127.424 -11.220
127.785 -11.608
128.296 -11.468
128.616 -11.200
128.827 -11.522
129.178 -11.402
129.179 -11.548
129.216 -11.361
129.278 -11.589
129.738 -11.646
129.787 -11.504
131.260 -11.544
131.275 -10.981
131.373 -11.284
131.890 -11.516
132.451 -11.422
132.496 -11.567
132.588 -11.501
132.681 -10.871
132.717 -11.534
133.066 -11.551
133.266 -11.121
133.514 -11.750
133.585 -11.514
133.672 -11.379
133.751 -11.432
133.780 -11.182
133.799 -11.069
133.832 -11.397
133.945 -11.410
134.070 -11.074
134.885 -11.363
135.090 -11.082
135.133 -11.411
135.884 -11.159
135.957 -11.346
136.159 -11.425
136.403 -11.476
136.524 -11.593
137.857 -11.345
137.913 -11.505
137.999 -11.493
138.510 -11.283
138.685 -11.638
139.294 -11.415
139.960 -10.911
139.995 -11.413
140.276 -11.496
140.850 -11.626
141.252 -11.514
141.398 -11.544
141.790 -11.132
142.081 -11.390
142.219 -11.189
142.283 -11.436
142.447 -11.302
143.178 -11.352
143.285 -11.325
143.493 -11.321
143.723 -11.343
143.802 -11.004
143.962 -11.117
144.216 -11.099
144.756 -11.316
144.841 -11.197
144.891 -11.556
144.910 -11.221
144.913 -11.276
145.013 -11.548
145.050 -11.461
145.495 -11.577
145.776 -11.347
145.863 -11.054
146.381 -10.823
147.137 -11.096
147.213 -11.461
147.371 -11.464
147.626 -10.999
147.851 -11.251
147.894 -11.421
148.788 -10.908
149.035 -11.321
149.551 -11.263
149.594 -11.401
149.657 -10.881
149.680 -11.289
149.718 -11.427
149.779 -10.871
149.975 -11.419
150.472 -11.437
150.526 -11.210
150.567 -11.416
150.655 -11.561
151.138 -11.364
151.291 -11.471
152.426 -11.312
152.738 -11.239
153.112 -11.344
153.290 -11.394
153.529 -11.331
154.040 -11.133
154.255 -11.257
154.476 -11.107
155.520 -11.437
156.472 -11.340
156.808 -11.307
158.444 -11.363
158.763 -11.339
158.946 -11.478
159.281 -11.389
159.452 -11.262
159.678 -11.395
160.056 -11.448
160.451 -11.438
160.581 -11.417
161.035 -11.195
161.303 -11.354
161.485 -10.766
161.550 -11.123
161.617 -11.054
161.913 -11.339
162.344 -11.072
162.346 -11.429
162.622 -11.549
162.662 -11.451
163.027 -11.302
163.404 -11.419
163.972 -10.918
165.832 -11.380
166.039 -11.464
166.927 -11.279
167.034 -11.196
167.208 -11.330
167.431 -11.331
168.758 -11.282
168.830 -11.417
169.088 -11.466
169.328 -11.038
169.353 -11.324
170.799 -11.332
170.832 -11.354
171.015 -10.668
171.779 -11.138
171.782 -10.981
172.201 -11.471
172.818 -11.298
173.161 -11.170
173.642 -11.364
174.152 -11.174
174.554 -11.300
174.774 -11.336
176.047 -11.079
176.175 -11.258
176.666 -11.254
176.854 -11.270
176.864 -10.740
177.563 -11.103
178.260 -11.409
178.413 -11.384
179.280 -11.328
179.314 -10.972
180.169 -11.361
180.700 -11.354
181.012 -11.351
181.277 -11.273
182.548 -11.107
182.755 -11.083
182.811 -11.112
183.671 -11.502
184.039 -11.184
184.391 -11.349
184.836 -10.930
185.018 -11.431
185.565 -11.425
185.619 -11.209
186.629 -11.256
186.685 -11.345
186.829 -11.268
187.181 -11.231
187.522 -11.167
187.969 -11.356
188.106 -10.887
188.163 -11.301
188.366 -11.242
188.721 -11.014
188.776 -11.093
190.824 -10.543
190.828 -10.743
190.854 -11.195
190.878 -11.531
190.998 -11.235
191.162 -10.976
191.454 -11.337
191.643 -11.057
191.653 -10.786
191.693 -11.269
191.783 -11.233
192.379 -11.304
193.841 -10.833
194.554 -11.169
195.087 -11.209
195.121 -11.147
195.547 -10.788
197.240 -11.246
197.427 -11.326
197.468 -11.122
197.528 -11.493
198.223 -11.276
198.267 -10.992
198.938 -11.255
200.017 -11.024
200.050 -11.172
200.139 -11.334
200.340 -11.173
201.132 -11.042
202.217 -11.003
202.248 -11.326
202.638 -11.348
203.985 -11.171
204.029 -11.343
204.179 -10.977
204.243 -11.353
204.545 -11.095
204.558 -10.917
204.561 -10.993
205.534 -11.277
205.753 -11.144
206.494 -11.178
206.522 -10.878
206.682 -11.145
206.885 -11.219
207.381 -11.448
207.651 -10.930
208.312 -11.302
208.855 -11.017
209.611 -11.179
211.377 -11.214
212.667 -10.966
212.717 -11.230
212.918 -11.180
212.933 -11.147
213.442 -11.401
213.647 -11.263
213.755 -11.422
213.907 -11.245
214.838 -10.922
215.252 -11.147
215.467 -11.302
215.992 -11.182
216.776 -11.039
217.814 -11.061
218.151 -10.655
218.685 -11.091
219.978 -11.168
220.412 -11.260
220.543 -10.850
220.760 -11.030
222.073 -11.036
222.127 -11.320
223.325 -11.075
224.282 -11.320
225.799 -10.555
225.913 -11.205
227.950 -10.938
229.690 -11.207
229.807 -11.163
230.150 -11.105
230.591 -11.282
230.776 -11.375
230.904 -10.869
234.619 -11.116
235.298 -11.210
235.325 -10.754
235.647 -11.137
235.700 -10.942
236.601 -11.037
238.299 -11.129
238.795 -10.953
239.847 -11.215
239.906 -11.026
241.112 -11.303
241.126 -11.105
241.583 -11.096
241.754 -11.167
242.873 -11.102
243.368 -11.075
243.855 -10.959
243.858 -11.110
244.892 -11.118
245.364 -11.106
245.811 -11.162
246.121 -11.050
246.618 -11.179
247.304 -11.050
247.921 -10.960
249.398 -11.056
249.773 -11.056
249.843 -11.057
250.185 -11.269
251.902 -11.099
252.448 -11.270
253.880 -10.971
254.650 -10.645
254.848 -10.859
254.964 -10.778
256.670 -10.979
257.104 -11.201
257.392 -10.846
257.403 -10.589
258.379 -10.892
260.066 -10.633
261.736 -11.242
262.052 -11.176
262.100 -11.285
263.340 -11.128
263.353 -10.641
264.810 -11.113
266.035 -11.109
266.119 -11.076
266.176 -10.539
266.244 -10.689
267.085 -11.010
267.186 -10.874
268.510 -10.967
268.548 -11.293
269.144 -10.906
270.902 -10.844
271.547 -11.076
272.907 -11.129
274.502 -11.044
274.757 -11.224
274.875 -11.120
275.905 -11.220
275.958 -11.196
275.983 -10.387
276.257 -10.865
277.133 -10.593
277.700 -10.631
280.250 -10.842
280.568 -10.907
281.405 -10.941
284.996 -10.709
285.293 -11.024
285.905 -11.015
286.359 -10.938
288.198 -11.005
290.320 -10.862
290.701 -11.058
290.879 -11.026
291.255 -11.059
292.260 -11.110
293.942 -10.827
294.474 -10.850
295.097 -10.833
296.229 -11.027
296.446 -10.851
296.497 -11.117
297.196 -10.972
297.536 -11.068
299.596 -10.953
301.767 -10.883
304.858 -10.643
305.562 -11.137
307.990 -11.039
310.753 -10.970
311.014 -10.783
311.202 -10.897
311.890 -10.940
312.649 -10.815
313.837 -11.052
314.086 -10.485
314.169 -10.889
314.304 -10.732
314.701 -10.620
314.757 -10.699
316.573 -11.033
318.024 -10.957
318.749 -10.861
321.137 -10.899
321.297 -10.711
322.400 -11.059
323.689 -10.595
324.060 -10.784
324.370 -11.043
324.381 -10.854
331.272 -10.713
332.030 -10.956
333.465 -10.889
334.143 -10.927
334.946 -11.126
344.868 -10.689
346.535 -11.241
346.916 -11.098
349.807 -10.853
349.921 -10.351
350.559 -10.885
351.002 -10.906
356.435 -10.918
358.612 -10.860
360.745 -11.108
361.754 -10.793
361.800 -11.075
363.269 -10.261
365.226 -10.650
369.923 -10.873
370.615 -10.594
371.988 -10.590
372.949 -10.931
374.105 -10.873
375.109 -10.791
379.381 -10.447
382.029 -10.457
382.394 -10.680
385.958 -10.656
387.165 -10.976
388.475 -10.813
390.839 -10.860
396.527 -11.043
399.445 -11.047
400.598 -10.849
406.802 -10.470
408.094 -10.797
412.564 -11.011
417.441 -10.740
419.232 -10.604
421.947 -10.860
424.490 -11.070
429.953 -10.898
430.512 -10.460
430.817 -10.798
430.856 -10.636
434.896 -10.911
437.859 -10.576
438.974 -10.766
443.518 -10.786
446.134 -10.726
449.300 -10.865
450.914 -10.471
454.678 -10.646
456.707 -10.963
458.730 -10.757
459.051 -10.711
459.563 -10.480
459.601 -10.807
460.891 -10.869
462.311 -10.453
476.724 -10.892
481.656 -10.778
485.490 -10.863
485.657 -10.661
485.785 -10.746
487.195 -10.901
493.623 -10.439
494.472 -10.694
498.466 -10.597
499.232 -10.608
508.889 -10.300
511.431 -10.371
519.012 -10.726
519.995 -10.681
535.397 -10.516
537.194 -10.568
538.554 -10.324
538.961 -10.772
539.701 -10.875
544.990 -10.262
549.681 -10.508
550.478 -10.924
553.488 -10.621
554.263 -10.385
554.321 -10.734
555.631 -10.681
560.034 -10.316
570.898 -10.814
571.363 -10.402
573.647 -10.337
582.009 -10.677
586.371 -10.748
588.094 -10.802
591.999 -10.332
599.400 -10.414
601.859 -10.521
619.392 -10.709
628.103 -10.466
633.938 -10.772
638.211 -10.335
642.888 -10.102
654.496 -10.728
671.511 -10.482
676.604 -10.379
678.072 -10.843
680.232 -10.244
681.421 -10.657
691.572 -10.468
692.850 -10.572
694.448 -10.559
708.137 -10.379
715.703 -10.312
724.181 -10.240
727.141 -10.474
751.041 -10.332
776.691 -10.263
776.777 -10.659
808.720 -9.670
812.205 -10.103
897.287 -10.305
913.208 -10.497
941.382 -10.487
951.302 -10.257
956.673 -9.902
959.234 -10.371
962.474 -10.170
977.552 -10.297
982.541 -10.357
1073.934 -10.080
1076.109 -9.764
1096.165 -10.486
1118.879 -10.063
1163.072 -10.364
1166.663 -10.081
1339.398 -9.723
1416.927 -9.866
1515.721 -9.597
2119.869 -9.981
2729.411 -10.230
