# Ep lEiso
1.003 -10.263
1.006 -10.344
1.024 -10.100
1.035 -10.129
1.041 -10.228
1.054 -10.184
1.062 -10.063
1.069 -10.006
1.080 -10.271
1.081 -10.312
1.088 -10.208
1.102 -10.256
1.107 -10.107
1.117 -10.176
1.127 -10.106
1.131 -10.067
1.149 -10.197
1.152 -10.114
1.159 -10.084
1.161 -10.267
1.166 -10.178
1.166 -10.217
1.170 -10.014
1.175 -10.138
1.179 -10.177
1.186 -10.268
1.186 -10.244
1.190 -10.205
1.194 -10.181
1.196 -10.240
1.221 -10.205
1.222 -10.130
1.224 -10.134
1.231 -9.988
1.240 -10.133
1.241 -10.222
1.252 -9.992
1.258 -10.081
1.258 -10.360
1.267 -10.030
1.271 -10.260
1.274 -10.224
1.280 -10.366
1.281 -10.381
1.282 -10.239
1.286 -10.303
1.295 -10.220
1.309 -10.057
1.310 -10.153
1.311 -10.327
1.312 -10.165
1.315 -10.097
1.320 -10.258
1.323 -10.263
1.330 -10.112
1.331 -10.279
1.334 -10.304
1.354 -10.040
1.358 -10.272
1.372 -10.224
1.372 -10.210
1.379 -10.351
1.385 -10.334
1.395 -10.259
1.395 -10.124
1.402 -10.303
1.407 -10.137
1.421 -9.919
1.422 -10.080
1.427 -10.154
1.434 -10.338
1.434 -10.342
1.436 -10.156
1.439 -10.276
1.445 -10.397
1.449 -10.237
1.451 -10.048
1.461 -10.153
1.468 -10.212
1.468 -10.196
1.473 -10.305
1.474 -10.247
1.476 -10.105
1.482 -10.215
1.490 -10.234
1.493 -10.249
1.497 -10.278
1.513 -10.178
1.515 -10.268
1.518 -10.264
1.521 -10.244
1.529 -10.114
1.529 -10.151
1.530 -10.075
1.541 -10.079
1.544 -10.204
1.552 -10.106
1.570 -10.076
1.576 -10.271
1.576 -10.218
1.582 -10.322
1.582 -10.350
1.583 -10.407
1.584 -10.257
1.586 -10.138
1.590 -10.111
1.590 -10.245
1.598 -10.179
1.606 -10.199
1.608 -10.393
1.612 -10.333
1.613 -10.393
1.617 -10.236
1.623 -10.276
1.624 -10.220
1.627 -10.197
1.632 -10.091
1.670 -10.316
1.671 -10.040
1.676 -10.178
1.682 -10.308
1.684 -10.196
1.685 -10.209
1.691 -10.440
1.694 -10.152
1.696 -10.137
1.712 -10.421
1.714 -10.303
1.719 -10.132
1.726 -10.275
1.729 -10.275
1.738 -10.346
1.742 -10.252
1.748 -10.229
1.749 -10.269
1.764 -10.271
1.765 -10.044
1.779 -10.245
1.780 -10.328
1.788 -10.076
1.794 -10.155
1.795 -10.076
1.796 -10.182
1.810 -10.185
1.811 -10.148
1.813 -10.311
1.829 -10.194
1.831 -10.242
1.853 -10.266
1.854 -10.194
1.854 -10.007
1.876 -10.223
1.881 -10.235
1.888 -10.318
1.896 -10.257
1.909 -10.253
1.913 -10.330
1.914 -10.083
1.928 -10.267
1.932 -10.168
1.934 -10.241
1.941 -10.292
1.941 -10.121
1.947 -10.360
1.950 -10.211
1.962 -10.243
1.971 -10.196
1.997 -10.196
2.000 -10.161
2.005 -10.169
2.008 -10.215
2.015 -10.262
2.016 -10.299
2.031 -10.362
2.035 -10.013
2.037 -10.283
2.042 -10.111
2.043 -9.969
2.048 -10.161
2.051 -10.071
2.056 -10.208
2.067 -10.248
2.069 -10.309
2.072 -10.277
2.073 -10.178
2.094 -10.269
2.111 -10.166
2.118 -10.203
2.120 -10.051
2.132 -10.286
2.138 -10.199
2.143 -10.231
2.143 -10.244
2.150 -10.228
2.170 -10.338
2.181 -10.281
2.192 -10.156
2.198 -10.300
2.202 -10.297
2.205 -10.318
2.208 -10.162
2.212 -10.116
2.233 -10.296
2.239 -10.135
2.251 -10.060
2.254 -10.232
2.256 -10.346
2.262 -10.239
2.270 -10.293
2.275 -10.174
2.283 -10.225
2.286 -9.976
2.291 -10.196
2.314 -10.262
2.329 -10.388
2.333 -10.304
2.334 -10.201
2.338 -10.030
2.345 -10.277
2.349 -10.189
2.367 -10.163
2.424 -10.337
2.426 -10.186
2.429 -10.324
2.430 -10.241
2.448 -10.217
2.455 -10.034
2.460 -10.269
2.460 -10.324
2.465 -10.205
2.492 -10.257
2.493 -10.355
2.498 -10.185
2.533 -10.348
2.549 -10.284
2.560 -10.187
2.592 -10.237
2.613 -10.154
2.615 -10.245
2.635 -10.271
2.637 -10.295
2.653 -10.278
2.654 -10.182
2.663 -10.316
2.666 -10.375
2.666 -10.271
2.682 -10.257
2.693 -10.257
2.726 -10.373
2.726 -10.464
2.741 -10.183
2.752 -10.313
2.752 -10.409
2.779 -10.356
2.779 -10.265
2.779 -10.229
2.784 -10.363
2.787 -10.202
2.797 -10.315
2.808 -10.257
2.812 -10.288
2.813 -10.322
2.822 -10.280
2.866 -10.355
2.924 -10.165
2.925 -10.344
2.935 -10.338
2.968 -10.309
2.975 -10.156
2.980 -10.265
2.983 -10.284
2.998 -10.356
3.012 -10.358
3.014 -10.331
3.016 -10.165
3.020 -10.107
3.044 -10.312
3.056 -10.168
3.072 -10.382
3.075 -10.339
3.076 -10.341
3.080 -10.340
3.087 -10.415
3.098 -10.293
3.111 -10.377
3.118 -10.178
3.130 -10.201
3.134 -10.328
3.169 -10.363
3.170 -10.283
3.186 -10.326
3.186 -10.398
3.222 -10.251
3.264 -10.218
3.276 -10.076
3.298 -10.439
3.332 -10.325
3.343 -10.324
3.397 -10.362
3.420 -10.375
3.425 -10.370
3.426 -10.412
3.441 -10.245
3.456 -10.289
3.460 -10.410
3.475 -10.384
3.481 -10.352
3.508 -10.398
3.509 -10.332
3.510 -10.414
3.529 -10.308
3.540 -10.356
3.545 -10.481
3.554 -10.356
3.566 -10.343
3.579 -10.375
3.589 -10.415
3.607 -10.324
3.608 -10.350
3.610 -10.235
3.689 -10.270
3.707 -10.445
3.772 -10.091
3.774 -10.392
3.800 -10.419
3.812 -10.306
3.853 -10.293
3.864 -10.346
3.876 -10.316
3.881 -10.445
3.882 -10.374
3.883 -10.335
3.893 -10.367
3.900 -10.305
3.905 -10.410
3.919 -10.306
3.969 -10.221
4.015 -10.277
4.027 -10.365
4.057 -10.315
4.079 -10.333
4.114 -10.291
4.114 -10.273
4.136 -10.249
4.150 -10.387
4.171 -10.348
4.191 -10.472
4.192 -10.338
4.201 -10.409
4.223 -10.446
4.231 -10.403
4.233 -10.294
4.240 -10.400
4.264 -10.438
4.279 -10.429
4.292 -10.280
4.340 -10.372
4.350 -10.277
4.406 -10.432
4.409 -10.273
4.446 -10.341
4.450 -10.422
4.459 -10.310
4.459 -10.419
4.462 -10.432
4.475 -10.325
4.501 -10.437
4.617 -10.437
4.625 -10.483
4.626 -10.352
4.686 -10.365
4.758 -10.472
4.772 -10.287
4.793 -10.444
4.798 -10.253
4.816 -10.437
4.825 -10.452
4.831 -10.468
4.832 -10.397
4.900 -10.426
4.982 -10.297
5.007 -10.370
5.033 -10.524
5.072 -10.363
5.091 -10.432
5.096 -10.465
5.161 -10.391
5.207 -10.391
5.240 -10.405
5.271 -10.426
5.293 -10.523
5.297 -10.329
5.302 -10.530
5.324 -10.443
5.351 -10.339
5.377 -10.434
5.395 -10.442
5.405 -10.397
5.416 -10.411
5.422 -10.460
5.422 -10.471
5.461 -10.441
5.467 -10.450
5.475 -10.464
5.486 -10.414
5.530 -10.413
5.538 -10.482
5.542 -10.566
5.577 -10.464
5.594 -10.380
5.613 -10.449
5.655 -10.484
5.672 -10.389
5.700 -10.537
5.850 -10.392
5.864 -10.364
5.892 -10.441
5.908 -10.454
5.914 -10.373
5.920 -10.452
5.933 -10.365
5.966 -10.449
6.036 -10.508
6.059 -10.533
6.064 -10.404
6.065 -10.551
6.071 -10.547
6.079 -10.499
6.098 -10.405
6.101 -10.458
6.102 -10.385
6.103 -10.512
6.126 -10.446
6.138 -10.534
6.203 -10.394
6.231 -10.450
6.237 -10.453
6.246 -10.458
6.253 -10.562
6.284 -10.519
6.290 -10.415
6.309 -10.401
6.312 -10.513
6.316 -10.547
6.394 -10.561
6.399 -10.505
6.470 -10.464
6.473 -10.523
6.476 -10.478
6.506 -10.467
6.507 -10.570
6.549 -10.469
6.564 -10.412
6.567 -10.577
6.574 -10.513
6.607 -10.558
6.641 -10.547
6.653 -10.438
6.666 -10.511
6.689 -10.359
6.737 -10.468
6.790 -10.499
6.802 -10.387
6.813 -10.446
6.838 -10.462
6.863 -10.416
6.900 -10.414
6.968 -10.547
7.009 -10.550
7.023 -10.629
7.048 -10.371
7.052 -10.448
7.108 -10.524
7.114 -10.571
7.160 -10.454
7.184 -10.448
7.232 -10.577
7.299 -10.505
7.341 -10.452
7.368 -10.463
7.415 -10.497
7.415 -10.528
7.419 -10.489
7.428 -10.537
7.486 -10.638
7.492 -10.564
7.671 -10.573
7.673 -10.423
7.685 -10.487
7.752 -10.445
7.831 -10.631
7.837 -10.560
7.850 -10.330
7.863 -10.416
7.868 -10.468
7.916 -10.564
7.944 -10.476
7.979 -10.613
7.989 -10.564
8.001 -10.622
8.012 -10.616
8.016 -10.496
8.018 -10.472
8.023 -10.543
8.039 -10.547
8.056 -10.477
8.170 -10.640
8.198 -10.492
8.204 -10.563
8.305 -10.518
8.314 -10.495
8.340 -10.530
8.371 -10.593
8.386 -10.514
8.557 -10.582
8.564 -10.618
8.575 -10.563
8.640 -10.576
8.662 -10.457
8.740 -10.661
8.826 -10.509
8.831 -10.578
8.871 -10.445
8.953 -10.545
9.011 -10.545
9.031 -10.653
9.088 -10.558
9.129 -10.618
9.149 -10.725
9.158 -10.629
9.182 -10.551
9.280 -10.610
9.294 -10.604
9.320 -10.603
9.350 -10.448
9.360 -10.722
9.381 -10.555
9.414 -10.551
9.484 -10.603
9.495 -10.575
9.501 -10.661
9.504 -10.581
9.504 -10.594
9.517 -10.439
9.522 -10.713
9.579 -10.667
9.616 -10.612
9.627 -10.541
9.694 -10.486
9.792 -10.553
9.801 -10.642
9.822 -10.643
9.855 -10.529
9.884 -10.591
9.889 -10.633
10.014 -10.509
10.049 -10.613
10.122 -10.601
10.128 -10.585
10.137 -10.504
10.140 -10.608
10.146 -10.643
10.154 -10.749
10.182 -10.643
10.253 -10.523
10.260 -10.716
10.266 -10.645
10.279 -10.683
10.347 -10.715
10.369 -10.663
10.515 -10.625
10.554 -10.607
10.601 -10.769
10.624 -10.650
10.654 -10.634
10.718 -10.582
10.745 -10.756
10.773 -10.576
10.905 -10.671
11.028 -10.593
11.074 -10.641
11.295 -10.755
11.338 -10.665
11.363 -10.605
11.408 -10.683
11.431 -10.648
11.462 -10.688
11.513 -10.706
11.567 -10.706
11.584 -10.578
11.645 -10.639
11.682 -10.597
11.706 -10.515
11.715 -10.621
11.724 -10.843
11.764 -10.814
11.818 -10.611
11.818 -10.717
11.851 -10.755
11.856 -10.726
11.899 -10.467
11.943 -10.610
12.010 -10.573
12.240 -10.714
12.265 -10.741
12.375 -10.483
12.388 -10.780
12.409 -10.700
12.437 -10.662
12.600 -10.754
12.609 -10.729
12.641 -10.745
12.670 -10.877
12.673 -10.778
12.851 -10.703
12.855 -10.779
12.878 -10.835
12.972 -10.637
12.973 -10.751
13.025 -10.752
13.102 -10.764
13.145 -10.648
13.206 -10.716
13.270 -10.649
13.320 -10.808
13.348 -10.707
13.492 -10.614
13.506 -10.742
13.559 -10.778
13.579 -10.793
13.580 -10.488
13.655 -10.623
13.730 -10.739
13.747 -10.730
13.840 -10.838
13.844 -10.573
13.936 -10.794
13.993 -10.731
14.026 -10.735
14.055 -10.709
14.191 -10.665
14.214 -10.659
14.220 -10.671
14.312 -10.825
14.352 -10.685
14.389 -10.779
14.437 -10.637
14.457 -10.853
14.515 -10.821
14.521 -10.746
14.630 -10.856
14.636 -10.659
14.651 -10.783
14.689 -10.921
14.726 -10.867
14.774 -10.827
14.788 -10.670
14.794 -10.809
14.816 -10.789
14.853 -10.712
14.859 -10.971
15.076 -10.549
15.076 -10.618
15.079 -10.775
15.082 -10.891
15.094 -10.789
15.112 -10.914
15.142 -10.825
15.160 -10.727
15.161 -10.632
15.165 -10.770
15.173 -10.789
15.226 -10.636
15.356 -10.648
15.419 -10.707
15.467 -10.860
15.470 -10.761
15.508 -11.090
15.656 -10.798
15.672 -10.918
15.676 -10.753
15.681 -10.890
15.741 -10.926
15.745 -11.105
15.803 -10.803
15.897 -10.716
15.900 -10.892
15.907 -10.834
15.925 -10.773
15.994 -10.724
16.088 -10.709
16.090 -10.834
16.124 -10.843
16.241 -10.775
16.245 -10.880
16.258 -10.699
16.263 -10.847
16.290 -10.746
16.291 -10.918
16.291 -10.988
16.373 -10.865
16.392 -10.774
16.454 -10.750
16.457 -11.002
16.470 -10.737
16.487 -10.812
16.529 -10.906
16.552 -10.703
16.608 -10.855
16.653 -10.746
16.717 -10.816
16.866 -10.719
16.966 -10.752
16.969 -10.857
16.983 -10.837
16.984 -10.824
17.018 -10.926
17.032 -10.957
17.039 -10.935
17.050 -10.938
17.112 -10.735
17.140 -10.782
17.155 -10.890
17.190 -10.842
17.243 -10.784
17.314 -10.794
17.336 -10.996
17.372 -10.807
17.460 -11.008
17.489 -10.577
17.498 -10.707
17.513 -10.783
17.600 -10.955
17.604 -10.908
17.683 -10.804
17.746 -11.150
17.846 -10.719
17.854 -10.864
17.988 -11.008
18.103 -10.870
18.111 -10.580
18.133 -10.827
18.162 -10.911
18.174 -11.059
18.182 -11.129
18.423 -10.851
18.467 -10.915
18.468 -10.705
18.489 -11.037
18.493 -11.097
18.551 -11.091
18.660 -10.962
18.686 -10.814
18.740 -11.069
18.743 -10.800
18.805 -10.982
18.806 -10.888
18.829 -10.884
18.838 -10.552
18.896 -10.952
18.921 -10.877
18.946 -10.821
18.946 -10.894
18.999 -10.900
19.024 -11.045
19.047 -10.983
19.062 -10.766
19.088 -10.933
19.123 -10.870
19.154 -10.826
19.229 -10.953
19.249 -10.469
19.252 -10.937
19.270 -10.984
19.357 -10.901
19.385 -10.989
19.458 -10.841
19.497 -10.681
19.507 -10.792
19.513 -10.752
19.599 -10.764
19.621 -10.986
19.636 -10.809
19.636 -10.680
19.686 -10.842
19.771 -10.728
19.855 -11.144
19.871 -11.005
19.874 -11.061
19.936 -11.080
19.937 -11.103
20.011 -10.978
20.072 -10.834
20.077 -10.961
20.080 -10.672
20.083 -11.114
20.125 -10.930
20.130 -11.176
20.197 -10.869
20.199 -11.092
20.229 -10.901
20.318 -10.892
20.350 -10.906
20.412 -11.042
20.475 -11.005
20.486 -11.088
20.490 -11.040
20.531 -11.224
20.533 -11.077
20.534 -10.702
20.545 -10.743
20.580 -10.799
20.602 -10.817
20.703 -10.914
20.716 -10.697
20.749 -10.962
20.892 -10.865
20.904 -10.887
20.928 -10.861
20.946 -11.112
21.019 -10.835
21.104 -10.999
21.119 -11.073
21.126 -11.061
21.141 -11.074
21.182 -11.094
21.249 -10.988
21.270 -10.997
21.295 -10.991
21.340 -11.066
21.349 -10.868
21.351 -10.785
21.379 -11.046
21.393 -11.083
21.475 -11.041
21.563 -11.015
21.687 -10.924
21.716 -10.847
21.814 -10.959
21.926 -11.057
21.937 -10.983
21.944 -11.028
21.973 -11.046
22.003 -10.960
22.052 -10.834
22.062 -10.867
22.066 -11.027
22.071 -10.875
22.087 -10.827
22.090 -10.952
22.164 -11.229
22.215 -10.909
22.237 -11.049
22.310 -11.063
22.315 -10.993
22.344 -10.993
22.379 -10.960
22.389 -11.025
22.397 -10.956
22.398 -11.049
22.584 -11.005
22.604 -11.089
22.643 -11.006
22.662 -10.893
22.684 -11.150
22.956 -11.004
23.003 -11.197
23.013 -11.164
23.094 -11.223
23.097 -10.889
23.115 -11.076
23.127 -11.083
23.280 -11.090
23.341 -11.071
23.402 -11.159
23.431 -10.988
23.432 -10.863
23.474 -10.865
23.530 -11.010
23.665 -11.106
23.685 -10.900
23.726 -10.889
23.754 -11.126
23.788 -11.108
23.817 -11.012
23.927 -10.976
23.981 -10.981
23.988 -11.051
24.061 -10.932
24.085 -10.933
24.112 -11.095
24.160 -11.111
24.278 -11.171
24.339 -11.174
24.363 -11.112
24.493 -10.994
24.521 -11.098
24.617 -11.168
24.721 -11.084
24.759 -10.972
24.819 -11.316
24.875 -11.191
24.997 -11.139
25.009 -11.000
25.016 -11.207
25.017 -11.056
25.107 -11.178
25.172 -11.039
25.198 -11.100
25.304 -11.108
25.365 -11.090
25.439 -11.209
25.476 -11.010
25.564 -11.267
25.611 -11.169
25.660 -11.048
25.668 -11.090
25.681 -11.016
25.681 -11.120
25.713 -11.141
25.739 -10.979
25.956 -11.156
26.030 -11.121
26.088 -10.906
26.091 -11.328
26.093 -11.178
26.114 -11.164
26.214 -11.016
26.228 -11.249
26.293 -11.214
26.305 -11.174
26.463 -11.300
26.504 -11.000
26.627 -11.220
26.643 -11.193
26.905 -10.857
26.937 -11.276
26.962 -10.993
26.969 -11.263
26.983 -10.913
27.078 -10.974
27.163 -11.233
27.177 -11.203
27.232 -11.180
27.246 -11.018
27.247 -11.139
27.270 -11.255
27.350 -11.298
27.549 -11.176
27.558 -11.030
27.606 -11.224
27.758 -11.132
27.806 -11.284
27.824 -11.181
27.866 -11.008
27.947 -11.252
27.973 -11.082
28.163 -11.162
28.257 -11.069
28.320 -11.195
28.367 -11.169
28.422 -10.841
28.573 -11.244
28.795 -11.090
28.861 -11.277
28.880 -11.257
28.908 -11.224
28.923 -11.174
29.056 -11.091
29.072 -11.283
29.093 -11.135
29.271 -11.053
29.370 -11.203
29.499 -11.003
29.548 -11.130
29.948 -11.361
30.155 -11.148
30.155 -11.327
30.383 -10.946
30.408 -11.134
31.175 -11.251
31.336 -11.322
31.619 -11.313
31.719 -10.955
31.774 -11.082
31.799 -11.093
31.832 -11.185
31.984 -11.076
32.034 -11.021
32.868 -11.201
32.880 -11.441
32.985 -11.321
33.105 -11.156
33.338 -11.284
33.356 -11.339
34.687 -11.035
35.470 -11.104
35.816 -11.007
39.950 -11.246
41.345 -11.386
