# Ep lEiso
1.006 -10.896
1.012 -10.730
1.050 -10.742
1.072 -10.932
1.084 -10.786
1.111 -10.768
1.128 -11.037
1.143 -10.751
1.166 -10.899
1.166 -11.059
1.183 -10.728
1.210 -10.880
1.221 -10.826
1.242 -10.630
1.263 -10.839
1.271 -10.842
1.308 -10.697
1.314 -10.816
1.328 -10.583
1.332 -10.922
1.342 -10.859
1.344 -10.762
1.350 -10.887
1.361 -10.982
1.370 -10.757
1.384 -10.927
1.384 -10.850
1.393 -10.752
1.400 -10.760
1.406 -10.837
1.456 -10.730
1.458 -10.602
1.462 -10.905
1.478 -10.820
1.496 -10.711
1.498 -10.785
1.521 -10.769
1.532 -11.005
1.534 -10.828
1.552 -10.717
1.560 -10.909
1.566 -10.793
1.578 -11.125
1.580 -10.925
1.583 -10.843
1.591 -10.915
1.612 -10.783
1.657 -10.861
1.660 -10.911
1.663 -10.983
1.667 -11.003
1.675 -10.672
1.693 -10.903
1.701 -10.918
1.724 -10.583
1.727 -10.970
1.737 -10.883
1.800 -10.847
1.814 -10.948
1.858 -10.795
1.858 -10.749
1.882 -10.957
1.901 -10.954
1.932 -10.906
1.933 -10.974
1.957 -10.789
1.970 -10.835
2.015 -10.764
2.020 -10.841
2.035 -10.574
2.059 -10.872
2.059 -10.932
2.065 -10.873
2.075 -10.888
2.093 -11.004
2.105 -10.835
2.112 -10.878
2.143 -10.894
2.166 -10.756
2.167 -10.707
2.182 -10.917
2.186 -10.867
2.193 -10.945
2.207 -10.766
2.224 -10.826
2.232 -10.872
2.238 -10.964
2.276 -10.651
2.280 -10.932
2.287 -10.920
2.294 -10.857
2.310 -10.735
2.311 -10.743
2.313 -10.950
2.339 -10.960
2.345 -10.734
2.363 -10.891
2.402 -10.867
2.415 -10.943
2.416 -10.778
2.429 -10.778
2.431 -10.938
2.433 -10.859
2.436 -10.897
2.444 -11.024
2.454 -10.795
2.457 -10.863
2.482 -11.021
2.508 -10.720
2.516 -10.910
2.529 -10.891
2.531 -10.747
2.545 -10.836
2.564 -10.962
2.566 -10.785
2.578 -10.715
2.593 -10.956
2.719 -10.827
2.721 -10.832
2.737 -10.774
2.758 -11.065
2.763 -10.718
2.767 -10.811
2.787 -10.788
2.797 -10.830
2.803 -10.960
2.858 -10.856
2.864 -10.720
2.879 -10.677
2.902 -10.860
2.913 -10.811
2.942 -10.801
2.954 -10.894
2.976 -10.826
2.979 -10.799
3.026 -10.956
3.032 -10.966
3.076 -10.876
3.079 -11.132
3.106 -10.788
3.124 -10.937
3.129 -10.829
3.134 -10.685
3.177 -10.831
3.182 -10.667
3.189 -10.998
3.240 -10.922
3.246 -10.870
3.320 -10.947
3.323 -10.727
3.324 -10.866
3.395 -10.817
3.409 -10.852
3.433 -11.107
3.460 -10.920
3.508 -10.909
3.528 -10.896
3.532 -10.939
3.596 -10.951
3.614 -10.857
3.626 -10.873
3.656 -10.841
3.658 -11.110
3.683 -10.854
3.696 -10.783
3.753 -10.879
3.795 -10.858
3.916 -10.738
3.928 -10.838
3.952 -10.825
3.967 -10.794
3.998 -10.935
4.000 -11.047
4.072 -10.818
4.091 -10.919
4.100 -10.853
4.124 -10.908
4.127 -10.929
4.150 -10.806
4.161 -10.829
4.187 -10.775
4.236 -10.894
4.246 -11.077
4.260 -10.980
4.262 -10.685
4.338 -10.954
4.394 -11.091
4.417 -10.749
4.424 -11.033
4.466 -10.996
4.483 -10.853
4.501 -10.826
4.502 -10.866
4.523 -10.816
4.591 -10.949
4.630 -10.971
4.667 -10.865
4.687 -11.028
4.701 -11.018
4.710 -10.928
4.719 -10.825
4.732 -10.709
4.810 -11.010
4.837 -10.889
4.893 -10.983
4.906 -10.812
4.912 -10.864
4.941 -10.833
4.975 -11.006
4.997 -10.941
5.035 -10.789
5.049 -10.920
5.071 -10.697
5.175 -10.911
5.244 -11.073
5.260 -11.048
5.263 -10.831
5.281 -10.980
5.316 -10.964
5.330 -11.013
5.411 -11.019
5.672 -11.171
5.680 -10.665
5.694 -11.128
5.697 -10.850
5.776 -10.769
5.809 -10.923
5.831 -10.945
5.832 -11.132
5.853 -10.729
5.974 -10.905
5.980 -11.242
6.001 -10.756
6.159 -11.160
6.230 -11.001
6.282 -10.663
6.459 -10.836
6.582 -10.799
6.596 -10.861
6.708 -10.954
6.724 -11.038
6.813 -10.978
6.823 -10.867
6.873 -11.113
6.890 -11.039
6.891 -10.951
6.981 -10.899
7.047 -10.897
7.238 -10.896
7.241 -10.937
7.324 -11.060
7.387 -10.997
7.393 -11.458
7.545 -10.880
7.546 -10.921
7.547 -10.787
7.578 -10.930
7.592 -10.958
7.651 -11.107
7.698 -10.892
7.716 -11.006
7.720 -11.136
7.760 -10.978
7.952 -10.978
8.256 -10.851
8.259 -10.759
8.313 -11.201
8.498 -11.095
8.536 -10.918
8.559 -10.931
8.581 -10.999
8.660 -10.915
8.740 -11.086
8.748 -10.959
8.761 -10.864
8.781 -10.949
8.917 -11.010
8.981 -11.010
9.066 -11.169
9.087 -10.904
9.092 -11.023
9.112 -11.205
9.149 -10.830
9.211 -11.033
9.284 -11.048
9.322 -10.613
9.389 -10.944
9.411 -11.015
9.605 -11.011
9.609 -10.995
9.695 -11.152
9.697 -11.157
9.895 -10.882
10.171 -11.047
10.252 -10.904
10.395 -11.073
10.622 -11.149
10.700 -11.146
11.060 -11.282
11.211 -11.107
11.242 -11.067
11.254 -10.989
11.352 -10.861
11.454 -11.018
11.477 -11.034
11.580 -10.875
11.617 -11.243
11.797 -11.408
11.806 -11.170
11.813 -11.465
11.941 -11.085
12.024 -11.039
12.062 -11.017
12.133 -11.073
12.228 -11.212
12.332 -11.140
12.407 -11.464
12.545 -11.142
12.552 -11.233
12.567 -10.829
13.085 -10.925
13.193 -10.830
13.588 -10.930
13.599 -11.337
13.759 -11.429
13.834 -11.000
14.093 -10.936
14.166 -11.136
14.245 -11.016
14.283 -11.507
14.289 -10.886
14.294 -11.088
14.359 -11.209
14.412 -10.968
14.442 -11.369
14.538 -10.968
14.875 -11.138
15.189 -10.825
15.270 -11.172
15.473 -10.964
15.620 -11.028
15.856 -10.848
15.860 -10.772
16.005 -11.147
16.104 -11.230
16.253 -11.061
16.394 -11.267
16.399 -11.011
16.459 -11.305
16.616 -10.968
16.672 -11.268
16.689 -10.807
16.735 -11.252
16.907 -11.403
17.016 -11.363
17.107 -11.123
17.445 -11.093
17.516 -11.240
17.915 -11.329
17.936 -11.050
18.194 -10.905
18.223 -11.270
18.285 -10.760
18.291 -11.251
18.312 -11.310
18.398 -10.837
18.580 -11.327
19.316 -11.308
19.362 -11.524
19.366 -11.015
19.702 -11.271
20.116 -11.457
20.191 -11.669
20.312 -11.321
20.338 -10.796
20.434 -11.283
20.484 -11.350
20.517 -11.427
20.522 -11.092
20.887 -11.623
21.333 -11.294
21.463 -10.920
21.603 -11.644
21.815 -11.581
21.919 -11.195
21.943 -11.349
22.296 -10.986
22.531 -10.971
22.693 -11.030
22.851 -11.126
22.961 -11.583
22.980 -11.024
23.006 -11.615
23.118 -11.193
23.251 -11.281
23.385 -11.141
23.472 -11.174
23.525 -11.828
23.581 -11.020
23.610 -11.252
23.611 -11.305
23.803 -11.157
23.835 -11.198
23.875 -11.264
23.932 -11.482
24.150 -11.005
24.190 -11.335
24.212 -11.738
24.369 -11.272
24.436 -11.057
24.510 -11.234
24.675 -11.441
24.742 -11.001
24.853 -11.733
25.437 -11.175
25.495 -11.057
25.602 -11.448
25.666 -11.524
25.690 -11.146
25.714 -11.525
25.762 -11.122
25.893 -11.550
26.160 -11.866
26.243 -11.978
26.261 -11.373
26.266 -11.047
26.287 -11.488
26.319 -11.815
26.386 -11.371
26.400 -11.618
26.402 -11.277
26.403 -11.166
26.489 -11.560
26.533 -11.241
26.771 -11.306
26.875 -11.053
26.894 -11.572
26.928 -11.596
26.955 -11.553
27.068 -11.871
27.091 -11.387
27.160 -11.040
27.169 -11.031
27.184 -11.354
27.472 -11.518
27.487 -11.786
27.749 -11.588
27.758 -11.858
27.770 -10.875
27.874 -11.248
27.878 -11.720
28.024 -11.286
28.076 -11.070
28.085 -12.080
28.109 -11.801
28.224 -11.536
28.333 -11.259
28.369 -11.473
28.408 -11.324
28.475 -11.138
28.617 -11.591
28.775 -11.709
28.811 -11.261
28.845 -11.496
28.917 -11.257
28.993 -11.379
29.101 -11.373
29.302 -11.868
29.421 -11.875
29.460 -11.785
29.532 -11.202
29.542 -11.487
29.703 -11.759
29.719 -11.259
29.850 -11.492
29.919 -11.464
30.054 -11.936
30.244 -11.658
30.364 -11.453
30.443 -11.410
30.574 -11.610
30.574 -11.723
30.588 -11.579
30.611 -11.755
30.776 -11.801
30.792 -11.848
31.286 -11.850
31.291 -11.291
31.324 -11.526
31.498 -11.150
31.686 -12.019
31.701 -11.750
31.732 -10.892
31.763 -11.209
31.775 -11.325
31.892 -11.739
31.960 -11.404
32.043 -11.895
32.067 -11.712
32.096 -11.922
32.122 -11.896
32.131 -11.453
32.138 -11.273
32.149 -11.621
32.185 -11.632
32.226 -11.369
32.494 -11.928
32.561 -11.379
32.575 -11.636
32.811 -11.441
32.833 -11.354
32.894 -11.560
32.967 -11.691
33.003 -11.783
33.402 -11.317
33.419 -11.718
33.445 -11.520
33.596 -11.545
33.648 -11.114
33.828 -11.816
34.026 -11.254
34.036 -11.868
34.119 -11.032
34.289 -11.244
34.408 -11.735
34.451 -11.759
34.566 -11.433
34.652 -11.638
34.693 -12.004
34.711 -11.676
34.760 -11.411
34.961 -11.612
34.990 -11.592
35.045 -11.589
35.106 -11.067
35.127 -11.990
35.169 -11.429
35.237 -11.416
35.380 -11.591
35.402 -11.497
35.416 -11.783
35.421 -11.855
35.422 -11.560
35.448 -11.046
35.458 -11.955
35.575 -11.802
35.650 -11.621
35.673 -11.388
35.810 -11.206
36.010 -11.427
36.030 -11.718
36.072 -11.721
36.139 -11.151
36.199 -11.554
36.210 -11.689
36.447 -11.286
36.512 -11.614
36.649 -11.571
36.660 -11.681
36.677 -11.268
36.683 -11.785
36.693 -11.702
36.709 -11.261
36.761 -11.697
36.893 -11.323
36.907 -11.134
36.918 -11.697
36.941 -11.812
37.069 -11.904
37.110 -11.743
37.382 -11.621
37.456 -11.265
37.544 -12.036
37.586 -11.686
37.642 -11.637
37.763 -11.482
37.814 -11.981
37.866 -11.462
38.113 -11.725
38.339 -11.537
38.419 -11.625
38.809 -11.904
38.885 -11.653
38.928 -11.764
39.009 -11.711
39.050 -11.625
39.103 -11.735
39.194 -11.791
39.288 -11.801
39.319 -11.504
39.428 -11.661
39.493 -11.562
39.537 -11.375
39.552 -11.470
39.568 -11.568
39.640 -11.759
39.736 -11.582
39.736 -11.359
39.794 -11.899
39.803 -11.834
39.880 -11.258
39.959 -11.571
40.079 -11.483
40.474 -11.791
40.518 -11.365
40.707 -11.316
40.730 -11.672
40.767 -11.760
40.815 -11.683
41.099 -11.867
41.115 -11.818
41.170 -11.849
41.222 -12.106
41.227 -11.551
41.540 -11.765
41.547 -11.910
41.587 -11.341
41.752 -11.643
41.753 -11.385
41.844 -11.852
41.979 -11.413
42.054 -11.633
42.159 -11.800
42.271 -11.638
42.359 -11.621
42.408 -11.778
42.663 -11.561
42.688 -11.859
42.776 -11.712
42.807 -11.727
42.809 -11.273
42.925 -11.585
43.042 -11.850
43.068 -11.829
43.214 -11.783
43.220 -11.478
43.364 -11.845
43.453 -11.808
43.506 -11.807
43.552 -11.741
43.768 -11.602
43.803 -11.582
43.813 -11.607
43.960 -11.944
44.024 -11.601
44.084 -11.814
44.161 -11.457
44.193 -11.886
44.287 -11.882
44.297 -11.697
44.472 -11.939
44.482 -11.445
44.507 -11.751
44.568 -11.548
44.628 -11.667
44.706 -11.829
44.730 -11.428
44.740 -11.783
44.776 -11.733
44.838 -11.538
44.848 -11.606
45.210 -11.140
45.211 -11.311
45.215 -11.699
45.220 -11.986
45.241 -11.733
45.270 -11.512
45.322 -11.822
45.352 -11.582
45.354 -11.350
45.360 -11.688
45.374 -11.734
45.463 -11.362
45.684 -11.389
45.792 -11.540
45.874 -11.902
45.879 -11.667
45.944 -11.361
46.204 -11.757
46.232 -12.035
46.239 -11.651
46.248 -11.968
46.356 -11.784
46.363 -11.542
46.468 -11.768
46.636 -11.572
46.641 -11.700
46.655 -11.838
46.687 -11.701
46.810 -11.590
46.983 -11.561
46.988 -11.815
47.050 -11.826
47.265 -11.681
47.272 -11.863
47.296 -11.549
47.306 -11.801
47.354 -11.627
47.356 -11.511
47.357 -11.561
47.513 -11.801
47.549 -11.656
47.671 -11.611
47.675 -12.007
47.701 -11.588
47.735 -11.704
47.816 -11.848
47.860 -11.524
47.968 -11.758
48.057 -11.579
48.181 -11.683
48.479 -11.522
48.679 -11.573
48.686 -11.733
48.714 -11.704
48.716 -11.684
48.787 -11.838
48.815 -11.884
48.830 -11.852
48.851 -11.228
48.981 -11.565
49.038 -11.635
49.068 -11.397
49.143 -11.456
49.256 -11.642
49.407 -11.657
49.455 -11.428
49.533 -11.675
49.720 -11.944
49.783 -11.371
49.802 -11.343
49.833 -11.645
50.023 -11.870
50.031 -11.536
50.208 -11.536
50.353 -12.113
50.584 -11.395
50.601 -11.751
50.910 -11.925
51.175 -11.757
51.193 -11.412
51.245 -11.703
51.312 -11.799
51.340 -11.849
51.360 -11.577
51.959 -11.674
52.068 -11.744
52.073 -11.481
52.125 -11.892
52.133 -11.967
52.278 -11.949
52.552 -11.770
52.616 -11.577
52.753 -11.300
52.760 -11.554
52.928 -11.789
52.930 -11.668
52.994 -11.663
53.018 -11.239
53.174 -11.750
53.243 -11.654
53.311 -11.585
53.311 -11.676
53.456 -11.683
53.522 -11.630
53.584 -11.785
53.627 -11.520
53.697 -11.408
53.792 -11.647
53.878 -11.595
54.085 -11.746
54.137 -11.177
54.147 -11.388
54.194 -11.781
54.434 -11.684
54.517 -11.785
54.735 -11.614
54.853 -11.427
54.883 -11.551
54.901 -11.504
55.161 -11.416
55.227 -11.752
55.271 -11.548
55.272 -11.401
55.421 -11.577
55.678 -11.434
55.933 -11.900
55.981 -11.744
55.988 -11.806
56.177 -11.824
56.179 -11.849
56.401 -11.943
56.608 -11.564
56.622 -11.694
56.632 -11.397
56.644 -11.480
56.786 -11.659
56.803 -11.912
57.028 -11.580
57.034 -11.991
57.135 -11.606
57.434 -11.575
57.543 -11.582
57.751 -11.733
57.964 -11.689
57.998 -11.786
58.014 -11.730
58.151 -11.942
58.158 -11.772
58.162 -11.339
58.198 -11.387
58.315 -11.452
58.391 -11.473
58.731 -11.589
58.775 -11.353
58.903 -11.640
59.448 -11.509
59.493 -11.527
59.586 -11.482
59.655 -11.772
59.934 -11.373
60.256 -11.582
60.314 -11.689
60.341 -11.672
60.398 -11.690
60.551 -11.717
60.806 -11.555
60.887 -11.568
60.981 -11.557
61.153 -11.665
61.186 -11.783
61.194 -11.247
61.300 -11.633
61.352 -11.687
61.681 -11.620
62.067 -11.583
62.615 -11.452
62.740 -11.343
63.171 -11.506
63.661 -11.643
63.707 -11.541
63.740 -11.603
63.862 -11.628
63.997 -11.511
64.208 -11.339
64.252 -11.384
64.267 -11.603
64.291 -11.395
64.361 -11.330
64.371 -11.501
64.693 -11.875
64.913 -11.376
65.023 -11.593
65.401 -11.616
65.426 -11.517
65.600 -11.509
65.805 -11.459
65.863 -11.558
65.912 -11.453
65.914 -11.595
67.005 -11.530
67.125 -11.655
67.352 -11.532
67.459 -11.367
67.586 -11.744
69.188 -11.532
69.516 -11.802
69.590 -11.755
70.158 -11.607
70.181 -11.357
70.306 -11.622
70.393 -11.631
71.460 -11.631
71.888 -11.600
72.307 -11.722
72.505 -11.474
72.514 -11.293
72.802 -11.293
73.187 -11.486
74.134 -11.593
74.308 -11.266
74.653 -11.244
74.894 -11.619
75.185 -11.588
75.437 -11.432
76.379 -11.365
76.831 -11.368
76.894 -11.481
77.503 -11.284
77.709 -11.283
77.933 -11.545
78.337 -11.567
79.310 -11.657
79.808 -11.657
80.005 -11.482
81.360 -11.355
81.654 -11.522
82.671 -11.627
83.781 -11.484
84.188 -11.300
84.806 -11.367
85.384 -11.647
86.627 -11.554
86.754 -11.330
86.824 -11.662
86.832 -11.419
87.751 -11.610
88.639 -11.382
88.987 -11.478
90.403 -11.483
91.218 -11.450
92.205 -11.516
92.708 -11.317
93.881 -11.402
94.513 -11.557
95.144 -11.366
95.244 -11.429
95.404 -11.314
95.415 -11.476
95.817 -11.506
96.142 -11.255
99.425 -11.301
100.743 -11.452
101.767 -11.127
101.812 -11.394
101.847 -11.532
102.223 -11.509
103.941 -11.284
104.168 -11.228
105.235 -11.568
105.440 -11.509
108.021 -11.215
108.701 -11.248
111.083 -11.405
111.462 -11.383
117.404 -10.998
118.098 -11.576
118.622 -11.180
118.779 -11.553
119.065 -11.066
121.105 -11.139
122.915 -11.175
123.222 -11.442
124.384 -11.402
124.683 -11.180
124.705 -11.345
125.210 -11.318
127.318 -11.144
133.479 -11.151
133.744 -11.195
135.039 -11.109
139.224 -11.321
140.517 -11.352
141.028 -11.376
142.185 -11.180
144.379 -11.218
145.108 -11.263
151.731 -11.331
155.579 -11.221
158.156 -11.113
160.043 -11.155
162.109 -10.975
167.236 -11.298
174.751 -11.178
177.352 -11.130
178.326 -11.319
179.759 -11.069
180.548 -11.238
187.284 -11.145
188.132 -11.186
189.193 -11.179
198.276 -11.086
203.295 -11.048
208.921 -11.008
210.885 -11.101
232.059 -11.008
244.456 -10.963
244.492 -11.124
258.157 -10.718
259.648 -10.885
308.649 -10.910
319.268 -10.968
338.062 -10.946
344.679 -10.627
348.261 -10.737
349.970 -10.895
352.131 -10.825
365.858 -10.856
371.842 -10.670
435.094 -10.776
435.939 -10.988
443.736 -10.876
452.566 -10.722
469.746 -10.824
471.142 -10.720
602.898 -10.514
670.216 -10.546
720.159 -10.424
1253.258 -10.537
1487.821 -10.654
