# Ep lEiso
1.130 -10.369
1.285 -10.228
2.441 -10.257
3.612 -10.422
4.453 -10.315
7.120 -10.330
9.540 -10.582
12.345 -10.365
17.889 -10.538
18.103 -10.654
21.594 -10.418
25.686 -10.461
26.922 -10.684
28.577 -10.939
30.068 -10.791
30.485 -10.679
32.294 -11.033
32.581 -10.796
33.075 -10.708
33.194 -11.233
33.515 -10.976
33.569 -11.088
33.777 -10.501
34.118 -10.861
34.405 -10.973
34.836 -11.238
34.854 -10.707
35.126 -11.054
35.355 -10.981
35.480 -11.161
36.573 -11.128
36.624 -10.910
36.711 -10.930
37.044 -10.524
37.444 -10.970
37.486 -11.231
37.952 -10.590
38.136 -10.848
38.157 -11.651
38.442 -10.700
38.568 -11.365
38.670 -11.259
38.853 -10.931
38.886 -11.003
38.935 -11.304
39.059 -10.821
39.353 -11.249
39.811 -10.781
39.847 -11.056
39.875 -11.430
39.915 -11.091
39.992 -10.893
40.182 -11.358
40.254 -11.372
40.434 -10.935
40.459 -11.416
40.538 -11.485
41.041 -10.721
41.148 -11.388
41.497 -11.246
41.498 -11.204
41.687 -11.606
41.834 -11.558
42.080 -11.340
42.095 -10.952
42.277 -11.462
42.387 -10.986
42.681 -10.358
42.709 -10.822
42.812 -11.035
42.963 -11.305
42.964 -11.359
43.001 -11.040
43.067 -11.319
43.184 -10.966
43.262 -11.271
43.309 -11.310
43.510 -11.325
43.657 -11.200
43.664 -11.155
43.758 -11.346
43.790 -11.300
43.831 -11.371
43.924 -11.209
44.034 -11.263
44.082 -11.305
44.127 -11.388
44.367 -11.104
44.397 -11.360
44.434 -11.348
44.472 -11.292
44.563 -10.922
44.570 -11.027
44.581 -10.811
44.721 -10.822
44.757 -11.179
44.856 -10.899
45.074 -10.815
45.148 -11.369
45.152 -11.219
45.224 -11.405
45.232 -11.591
45.240 -11.293
45.251 -11.328
45.279 -10.991
45.320 -10.916
45.330 -11.296
45.423 -11.107
45.521 -11.165
45.552 -11.337
45.603 -11.319
45.608 -11.189
45.664 -11.270
45.735 -11.383
45.743 -11.223
45.789 -11.159
45.843 -10.859
46.309 -11.495
46.315 -10.718
46.370 -11.106
46.440 -11.472
46.458 -11.158
46.473 -11.194
46.538 -11.220
46.574 -11.033
46.594 -10.991
46.779 -11.216
46.798 -11.157
46.849 -10.979
46.927 -11.378
46.965 -11.238
47.062 -11.576
47.103 -11.313
47.178 -11.250
47.188 -11.362
47.345 -11.367
47.365 -10.736
47.517 -11.294
47.526 -11.525
47.616 -10.825
47.679 -11.043
47.695 -11.250
47.710 -11.119
47.856 -11.128
47.873 -11.025
47.893 -11.476
48.051 -11.332
48.070 -11.285
48.300 -11.353
48.311 -11.154
48.312 -10.637
48.534 -11.234
48.578 -11.266
48.653 -11.496
48.736 -11.326
48.864 -11.316
48.908 -11.304
48.918 -11.343
49.059 -11.354
49.099 -11.269
49.126 -11.283
49.192 -11.254
49.197 -10.824
49.251 -11.207
49.280 -11.201
49.402 -11.288
49.489 -11.160
49.740 -11.161
49.765 -11.066
49.815 -11.085
49.845 -11.211
49.910 -11.339
49.914 -11.441
50.062 -11.233
50.102 -10.662
50.120 -11.199
50.171 -10.930
50.177 -10.543
50.225 -11.064
50.248 -10.822
50.301 -11.194
50.403 -10.746
50.423 -11.019
50.453 -11.380
50.457 -11.113
50.614 -11.356
50.728 -11.070
50.773 -11.170
50.787 -10.751
50.871 -11.394
50.905 -11.152
50.940 -11.240
50.941 -11.277
50.984 -11.231
51.118 -11.049
51.194 -10.598
51.267 -11.017
51.307 -11.423
51.334 -11.119
51.354 -11.161
51.370 -11.029
51.396 -10.899
51.536 -11.136
51.576 -11.294
51.658 -10.725
51.678 -11.219
51.686 -11.045
51.730 -11.236
51.779 -11.390
51.812 -11.045
51.868 -11.190
51.887 -10.467
51.919 -11.104
52.068 -11.292
52.166 -11.434
52.189 -11.411
52.193 -11.214
52.219 -10.602
52.269 -10.668
52.290 -11.068
52.405 -10.985
52.777 -11.497
52.789 -11.038
52.809 -11.112
52.812 -11.205
52.926 -11.127
52.973 -10.564
53.003 -11.281
53.004 -11.198
53.033 -11.082
53.203 -11.226
53.211 -11.530
53.239 -11.000
53.460 -10.865
53.559 -11.281
53.631 -10.968
53.829 -11.109
53.961 -10.830
53.975 -11.123
54.095 -11.204
54.112 -11.280
54.205 -10.486
54.216 -10.910
54.269 -11.344
54.287 -11.535
54.288 -11.196
54.384 -11.147
54.454 -11.143
54.656 -11.138
54.659 -11.174
54.748 -10.887
54.814 -11.321
54.820 -11.642
54.979 -11.322
54.980 -11.152
54.981 -11.031
55.014 -11.159
55.028 -10.937
55.090 -11.318
55.140 -11.122
55.158 -11.225
55.162 -11.343
55.205 -11.199
55.406 -11.194
55.674 -11.240
55.677 -10.994
55.721 -11.394
55.875 -11.298
55.907 -10.784
55.926 -11.150
55.944 -11.212
56.009 -11.135
56.076 -11.290
56.082 -11.175
56.093 -10.815
56.110 -10.622
56.222 -11.305
56.275 -10.825
56.346 -10.831
56.362 -11.395
56.367 -10.740
56.383 -11.398
56.414 -10.985
56.465 -11.242
56.525 -11.256
56.556 -10.862
56.612 -11.162
56.630 -11.226
56.790 -11.222
56.793 -11.208
56.864 -11.350
56.865 -11.354
57.028 -11.106
57.218 -10.997
57.274 -10.532
57.370 -11.278
57.524 -11.347
57.577 -10.603
57.821 -11.104
57.923 -11.309
57.944 -11.273
57.952 -11.202
58.019 -11.086
58.088 -11.228
58.103 -11.243
58.173 -10.837
58.198 -11.143
58.320 -10.958
58.326 -11.366
58.331 -11.163
58.416 -11.290
58.464 -10.627
58.486 -11.227
58.527 -11.278
58.582 -11.404
58.642 -11.340
58.686 -11.241
58.766 -11.340
58.770 -10.759
58.779 -11.057
59.079 -11.144
59.142 -11.058
59.371 -10.509
59.378 -10.825
59.470 -10.948
59.514 -11.213
59.660 -11.152
59.698 -10.903
59.740 -11.222
59.760 -10.972
59.763 -11.103
59.766 -11.285
59.800 -10.987
59.827 -11.174
59.843 -10.711
59.894 -11.168
60.070 -10.823
60.235 -11.003
60.278 -11.315
60.385 -11.123
60.462 -11.178
60.586 -11.010
60.588 -10.941
60.661 -10.845
60.707 -11.351
60.774 -11.197
60.836 -11.384
60.838 -11.152
60.865 -11.418
60.934 -11.113
60.959 -11.384
60.966 -10.967
60.987 -11.370
61.062 -11.108
61.111 -11.349
61.151 -10.885
61.300 -11.226
61.332 -10.844
61.508 -11.246
61.518 -10.797
61.632 -11.056
61.645 -11.387
61.673 -10.924
61.675 -10.463
61.685 -11.422
61.723 -10.976
61.805 -11.063
62.137 -11.246
62.158 -10.908
62.159 -11.130
62.312 -11.075
62.499 -11.345
62.533 -10.725
62.588 -10.448
62.600 -10.575
62.646 -11.110
62.669 -10.634
62.685 -11.132
62.688 -11.180
62.862 -11.290
63.076 -10.720
63.138 -11.024
63.206 -11.324
63.308 -10.979
63.358 -11.274
63.370 -10.597
63.540 -11.084
63.661 -11.070
63.745 -11.124
63.827 -11.211
63.884 -11.140
63.894 -10.786
63.908 -10.986
63.966 -11.271
64.035 -10.818
64.106 -11.224
64.152 -11.254
64.179 -11.059
64.209 -11.115
64.224 -11.325
64.224 -10.555
64.326 -11.239
64.342 -11.276
64.363 -10.724
64.393 -11.113
64.508 -11.101
64.529 -11.098
64.540 -10.912
64.627 -11.315
64.665 -10.945
64.707 -11.244
64.801 -10.603
64.839 -10.974
64.902 -10.987
65.234 -10.956
65.267 -10.833
65.329 -11.157
65.366 -11.207
65.379 -10.858
65.393 -11.195
65.421 -10.816
65.497 -11.166
65.654 -11.400
65.705 -11.075
65.716 -10.948
65.719 -11.243
65.732 -11.199
65.752 -11.346
65.794 -10.940
65.802 -11.165
65.803 -10.854
65.804 -11.394
65.857 -11.108
65.884 -11.277
66.032 -10.869
66.097 -11.101
66.109 -11.112
66.131 -11.134
66.147 -11.094
66.219 -11.052
66.233 -10.942
66.277 -10.882
66.282 -10.616
66.291 -10.912
66.472 -11.062
66.481 -11.216
66.646 -11.126
66.652 -11.375
66.659 -11.186
66.728 -11.132
66.731 -11.199
66.828 -11.136
66.863 -10.895
66.869 -11.237
66.886 -11.247
66.964 -11.060
67.037 -11.238
67.062 -10.992
67.088 -11.139
67.134 -10.650
67.230 -11.100
67.337 -11.216
67.361 -10.745
67.385 -10.990
67.434 -11.053
67.485 -10.856
67.558 -11.124
67.695 -11.209
67.778 -11.071
67.806 -11.288
67.857 -10.633
67.865 -10.953
67.982 -11.259
67.994 -11.168
68.089 -10.959
68.140 -10.928
68.238 -11.263
68.377 -11.145
68.464 -10.916
68.521 -11.193
68.617 -11.091
68.617 -11.217
68.627 -11.057
68.644 -11.253
68.764 -11.304
68.776 -11.182
69.155 -11.358
69.159 -10.738
69.184 -10.998
69.320 -11.200
69.467 -10.815
69.479 -11.246
69.503 -10.299
69.527 -10.649
69.537 -11.218
69.628 -11.234
69.681 -10.865
69.746 -11.406
69.764 -11.204
69.787 -11.089
69.808 -11.134
69.815 -10.920
69.820 -10.822
69.829 -11.105
69.858 -11.116
69.891 -10.827
70.105 -11.079
70.159 -10.922
70.170 -11.121
70.359 -10.907
70.378 -11.068
70.428 -11.136
70.490 -11.181
70.520 -11.282
70.855 -11.073
70.869 -11.210
70.891 -10.994
71.020 -11.021
71.064 -10.553
71.217 -11.137
71.384 -10.706
71.393 -11.138
71.464 -10.465
71.608 -11.323
71.709 -11.228
71.746 -11.254
71.844 -10.901
71.918 -11.124
71.955 -10.950
71.972 -11.163
72.015 -10.875
72.198 -11.087
72.224 -11.065
72.274 -11.060
72.329 -10.495
72.348 -10.788
72.387 -10.884
72.448 -10.869
72.578 -11.054
72.598 -10.952
72.610 -11.261
72.615 -10.973
72.616 -11.020
72.640 -10.464
72.649 -11.178
72.756 -11.277
72.823 -11.080
72.844 -10.827
72.969 -10.628
73.151 -10.862
73.169 -11.175
73.207 -11.178
73.268 -10.777
73.323 -10.994
73.333 -11.140
73.548 -10.697
73.607 -11.052
73.732 -11.002
73.742 -11.120
73.757 -10.673
73.763 -11.023
73.773 -11.143
73.788 -10.664
73.839 -11.137
73.967 -10.732
73.982 -10.959
73.992 -11.137
74.015 -11.262
74.140 -11.095
74.179 -11.187
74.445 -11.054
74.516 -10.991
74.602 -11.082
74.643 -11.126
74.698 -11.072
74.816 -10.903
74.865 -11.010
74.916 -10.882
75.156 -11.168
75.375 -11.086
75.452 -11.058
75.828 -11.110
75.901 -11.090
75.944 -10.907
76.028 -11.134
76.071 -11.025
76.128 -11.140
76.223 -11.186
76.322 -11.178
76.355 -11.161
76.469 -10.971
76.537 -10.843
76.582 -10.603
76.599 -10.909
76.615 -10.850
76.690 -11.096
76.790 -10.868
76.791 -11.174
76.851 -11.277
76.860 -11.194
76.940 -10.448
77.023 -11.207
77.147 -10.738
77.555 -11.138
77.601 -11.211
77.796 -10.512
77.819 -10.982
77.857 -11.097
77.906 -10.996
78.197 -11.240
78.213 -11.175
78.269 -11.217
78.322 -10.850
78.328 -11.096
78.661 -11.102
78.669 -11.297
78.714 -10.531
78.901 -10.933
78.902 -10.585
79.004 -11.218
79.155 -10.698
79.239 -10.957
79.357 -11.123
79.482 -10.958
79.580 -10.939
79.634 -11.096
79.916 -10.873
79.943 -11.172
80.046 -11.023
80.085 -11.037
80.087 -10.582
80.234 -10.893
80.380 -11.156
80.412 -11.134
80.594 -11.085
80.601 -10.779
80.781 -11.145
80.892 -11.106
80.958 -11.104
81.013 -11.036
81.280 -10.893
81.323 -10.872
81.335 -10.897
81.515 -11.231
81.599 -10.887
81.683 -11.101
81.790 -10.743
81.834 -11.173
81.965 -11.170
81.978 -10.984
82.220 -11.227
82.233 -11.104
82.268 -11.038
82.352 -11.007
82.434 -10.953
82.541 -11.116
82.574 -10.713
82.587 -11.070
82.636 -11.020
82.721 -10.824
82.734 -10.892
83.225 -10.425
83.226 -10.596
83.232 -10.985
83.238 -11.274
83.267 -11.020
83.306 -10.798
83.376 -11.109
83.417 -10.869
83.419 -10.636
83.427 -10.975
83.445 -11.020
83.565 -11.083
83.859 -10.681
84.003 -10.971
84.110 -11.189
84.117 -10.954
84.203 -10.646
84.544 -11.044
84.582 -11.112
84.590 -10.937
84.602 -11.256
84.742 -11.071
84.751 -10.828
84.886 -11.054
85.103 -10.858
85.110 -10.986
85.128 -11.125
85.168 -10.987
85.354 -10.874
85.611 -10.840
85.618 -11.117
85.710 -11.136
86.029 -10.983
86.039 -11.212
86.075 -10.816
86.090 -11.139
86.161 -10.917
86.164 -10.764
86.165 -10.830
86.395 -11.073
86.447 -10.959
86.622 -10.987
86.629 -10.730
86.667 -10.959
86.715 -11.022
86.832 -11.218
86.896 -10.773
87.052 -11.092
87.181 -10.847
87.359 -10.986
87.777 -10.746
88.057 -10.801
88.066 -11.028
88.106 -10.985
88.108 -10.957
88.208 -11.176
88.247 -11.057
88.268 -11.194
88.298 -10.285
88.479 -10.764
88.560 -10.863
88.601 -10.505
88.704 -10.988
88.856 -10.866
89.058 -10.885
89.124 -10.536
89.228 -10.911
89.479 -10.978
89.572 -10.440
89.602 -10.396
89.654 -10.861
89.963 -10.869
89.976 -11.113
90.258 -10.906
90.484 -11.119
90.841 -10.465
90.868 -11.024
91.348 -10.799
91.758 -11.034
91.785 -10.484
91.866 -10.948
91.970 -11.101
92.013 -11.182
92.044 -10.747
92.919 -10.968
93.079 -11.050
93.085 -10.658
93.161 -10.507
93.174 -10.821
93.386 -10.905
93.785 -10.988
93.879 -10.838
94.079 -11.066
94.090 -10.814
94.319 -11.145
94.322 -10.975
94.408 -10.968
94.441 -10.370
94.653 -10.977
94.747 -10.955
94.856 -10.856
94.856 -10.985
95.102 -10.993
95.214 -10.984
95.320 -11.032
95.394 -10.756
95.512 -11.047
95.675 -10.936
95.821 -10.859
96.172 -10.944
96.261 -10.246
96.278 -10.944
96.359 -11.127
96.767 -10.982
96.897 -11.129
97.237 -10.873
97.420 -10.594
97.467 -10.777
97.494 -10.708
97.899 -10.882
98.002 -11.073
98.071 -10.768
98.073 -10.547
98.305 -10.808
98.706 -10.587
99.103 -11.112
99.178 -11.055
99.189 -11.149
99.483 -10.839
99.487 -10.596
99.833 -11.002
100.124 -10.999
100.144 -10.971
100.157 -10.510
100.173 -10.638
100.373 -10.915
100.397 -10.799
100.712 -10.788
100.720 -11.159
100.862 -10.827
101.314 -10.775
101.512 -10.974
101.890 -11.020
102.275 -10.948
102.337 -11.103
102.366 -11.014
102.615 -11.100
102.627 -11.079
102.633 -10.384
102.700 -10.795
102.911 -10.561
103.048 -10.595
103.665 -10.777
103.742 -10.833
103.944 -10.862
104.812 -10.665
104.884 -10.936
105.032 -10.928
105.142 -10.862
105.586 -10.920
106.100 -10.798
106.192 -10.967
106.235 -10.940
106.326 -10.968
106.569 -11.012
106.975 -10.770
107.104 -10.790
107.254 -10.775
107.528 -10.943
107.581 -10.729
107.593 -10.312
107.762 -10.896
107.844 -10.979
108.342 -10.881
108.867 -10.821
109.824 -10.615
110.052 -10.446
110.839 -10.956
111.735 -10.897
111.819 -10.736
111.880 -10.834
112.103 -10.871
112.349 -10.764
112.734 -10.410
112.815 -10.480
112.841 -10.827
112.885 -10.497
113.014 -10.393
113.032 -10.664
113.621 -10.952
114.022 -10.887
114.197 -10.805
114.772 -10.838
114.811 -10.676
115.076 -10.975
115.387 -10.577
115.476 -10.740
115.551 -10.962
115.553 -10.800
117.213 -10.681
117.395 -10.890
117.741 -10.833
117.904 -10.866
118.098 -10.981
121.172 -10.876
121.728 -10.475
121.856 -11.013
122.821 -10.803
122.859 -10.372
123.072 -10.831
123.220 -10.848
125.034 -10.859
125.761 -10.809
126.473 -11.023
126.810 -10.751
126.825 -10.291
127.316 -10.295
127.969 -10.629
129.537 -10.820
129.768 -10.266
130.226 -10.234
130.547 -10.870
130.948 -10.821
131.424 -10.750
133.203 -10.458
134.059 -10.468
134.176 -10.660
135.327 -10.641
135.717 -10.831
136.140 -10.777
136.903 -10.819
138.740 -10.980
139.682 -10.934
140.055 -10.815
142.058 -10.493
142.475 -10.775
143.918 -10.961
145.493 -10.730
146.072 -10.614
147.209 -10.542
148.406 -10.747
150.979 -10.865
151.242 -10.489
151.386 -10.780
151.404 -10.640
153.307 -10.876
154.702 -10.587
155.227 -10.750
157.367 -10.767
158.599 -10.715
160.090 -10.833
160.850 -10.494
162.623 -10.644
163.578 -10.444
164.531 -10.739
164.682 -10.699
164.923 -10.500
164.941 -10.781
165.549 -10.668
166.040 -10.401
172.021 -10.480
174.120 -10.748
175.752 -10.819
175.823 -10.646
175.878 -10.718
176.478 -10.851
179.213 -10.450
179.575 -10.669
181.275 -10.584
181.601 -10.593
185.711 -10.324
186.793 -10.384
190.019 -10.686
190.438 -10.647
199.231 -10.504
200.383 -10.548
201.255 -10.338
201.515 -10.724
201.990 -10.638
205.381 -10.286
208.388 -10.498
208.899 -10.532
210.828 -10.596
211.325 -10.519
211.362 -10.693
212.202 -10.647
215.025 -10.334
221.989 -10.325
222.288 -10.409
223.752 -10.236
228.900 -10.544
231.124 -10.706
232.003 -10.753
233.994 -10.344
237.767 -10.412
239.021 -10.505
247.961 -10.668
252.403 -10.448
255.378 -10.378
257.557 -10.326
259.942 -10.110
265.861 -10.543
274.537 -10.453
277.888 -10.353
279.050 -10.594
280.759 -10.223
281.700 -10.615
289.733 -10.430
290.744 -10.529
292.008 -10.517
302.841 -10.336
308.827 -10.356
315.535 -10.190
317.878 -10.422
336.789 -10.270
348.802 -10.200
348.851 -10.378
367.181 -10.294
369.181 -10.309
418.002 -10.225
427.137 -10.393
445.258 -10.306
456.438 -10.170
462.490 -10.216
465.377 -10.263
469.029 -10.089
486.023 -10.191
491.645 -10.239
551.075 -10.089
551.869 -9.727
559.195 -10.343
567.491 -9.982
583.633 -10.248
584.945 -10.000
732.112 -9.609
800.088 -9.717
859.752 -9.850
1425.686 -9.830
1676.800 -10.025
