# Ep lEiso
1.038 -11.170
1.083 -11.258
1.333 -10.994
1.483 -11.025
1.562 -11.131
1.770 -11.242
1.955 -10.953
2.118 -11.119
2.368 -11.228
2.378 -11.223
2.554 -11.110
2.945 -11.167
3.119 -11.006
3.479 -11.089
3.829 -11.211
3.974 -11.289
4.850 -11.131
4.995 -11.365
5.345 -11.344
5.438 -11.224
5.688 -11.118
5.730 -11.166
5.934 -11.283
6.305 -11.124
6.616 -11.127
7.083 -11.248
7.102 -11.217
7.397 -11.171
7.645 -11.142
7.831 -11.491
10.127 -11.455
10.236 -11.479
10.444 -11.379
11.348 -11.326
12.433 -11.324
12.547 -11.483
14.051 -11.061
14.894 -11.345
14.988 -11.439
16.323 -11.241
16.996 -11.324
17.536 -11.274
18.508 -11.460
18.684 -11.480
18.945 -11.295
19.628 -11.376
21.283 -11.552
23.799 -11.234
23.994 -11.211
24.140 -11.477
24.357 -11.237
24.768 -11.672
25.784 -11.426
26.130 -11.471
27.072 -11.279
27.201 -11.670
27.614 -11.793
29.972 -11.270
30.380 -11.511
31.705 -11.585
31.709 -11.839
32.428 -12.287
32.836 -12.238
33.492 -12.011
33.532 -11.608
34.018 -12.139
34.311 -11.482
35.258 -11.013
35.351 -11.486
35.665 -11.705
36.018 -12.242
36.022 -12.250
36.107 -11.723
36.262 -12.066
36.535 -11.662
36.716 -11.962
36.825 -11.443
37.295 -11.746
37.639 -11.912
37.654 -11.870
37.875 -12.162
37.948 -11.473
38.045 -11.641
38.261 -11.931
38.518 -11.984
38.624 -12.024
38.702 -12.100
39.126 -11.868
39.179 -12.090
39.256 -12.083
39.334 -12.037
39.520 -11.731
39.535 -11.821
39.557 -11.640
39.845 -11.665
39.919 -11.965
40.122 -11.743
40.569 -11.699
40.722 -11.729
40.728 -12.028
40.877 -12.265
40.893 -12.326
40.910 -12.092
40.933 -12.120
40.989 -11.859
41.073 -11.805
41.093 -12.101
41.286 -11.962
41.470 -12.012
41.521 -12.142
41.603 -12.299
41.612 -11.942
41.702 -12.091
41.817 -12.177
41.830 -12.056
41.905 -12.008
41.993 -11.782
42.766 -12.258
42.777 -11.684
42.877 -11.970
43.004 -12.240
43.037 -12.009
43.064 -12.036
43.183 -12.055
43.247 -11.918
43.285 -11.888
43.620 -12.053
43.655 -12.227
43.748 -11.881
43.889 -12.170
43.959 -12.170
44.118 -12.311
44.180 -12.122
44.293 -12.077
44.309 -11.918
44.546 -12.161
44.577 -11.713
44.806 -12.108
44.819 -12.271
44.956 -11.779
45.051 -11.933
45.075 -11.781
45.098 -11.986
45.320 -11.993
45.348 -11.921
45.381 -12.234
45.641 -12.010
45.672 -12.101
46.050 -12.148
46.068 -12.012
46.070 -11.660
46.435 -12.067
46.503 -11.877
46.610 -12.243
46.730 -11.912
46.914 -12.122
46.976 -12.114
46.991 -11.811
47.193 -12.147
47.251 -11.853
47.289 -12.100
47.384 -12.081
47.391 -11.883
47.469 -12.050
47.511 -12.046
47.691 -12.103
47.824 -12.019
48.209 -12.021
48.247 -11.959
48.323 -11.972
48.370 -12.054
48.469 -12.136
48.475 -12.201
48.702 -12.309
48.757 -11.703
48.782 -12.172
48.852 -11.874
48.861 -11.628
48.927 -11.960
48.959 -11.806
49.032 -12.043
49.175 -11.760
49.202 -11.933
49.243 -12.161
49.249 -11.992
49.467 -12.146
49.627 -11.966
49.692 -12.029
49.712 -11.767
49.834 -12.169
49.883 -12.018
49.934 -11.922
49.935 -12.096
49.998 -12.067
50.193 -11.954
50.302 -11.677
50.409 -11.936
50.467 -12.185
50.506 -11.998
50.534 -12.215
50.558 -11.944
50.596 -11.864
50.795 -12.010
50.849 -11.893
50.959 -11.760
50.986 -12.060
50.997 -11.954
51.055 -12.071
51.122 -12.164
51.167 -11.955
51.242 -11.845
51.268 -11.606
51.313 -11.991
51.520 -12.104
51.656 -12.325
51.688 -12.176
51.694 -11.994
51.730 -11.691
51.800 -11.731
51.828 -11.970
51.988 -11.921
52.506 -12.225
52.522 -11.954
52.550 -12.201
52.555 -12.053
52.706 -12.007
52.769 -11.677
52.810 -12.099
52.811 -12.198
52.851 -11.983
53.080 -12.073
53.092 -12.252
53.130 -11.942
53.428 -11.871
53.563 -12.116
53.660 -11.936
53.928 -12.024
54.108 -11.865
54.128 -12.035
54.291 -12.081
54.314 -12.124
54.438 -12.087
54.453 -11.902
54.523 -12.156
54.547 -12.269
54.549 -11.917
54.676 -12.034
54.770 -11.831
55.038 -12.254
55.042 -12.255
55.161 -11.854
55.250 -12.122
55.257 -12.324
55.472 -11.739
55.473 -12.008
55.475 -11.930
55.519 -12.219
55.538 -11.867
55.621 -12.110
55.688 -11.980
55.714 -12.046
55.719 -12.123
55.776 -12.027
56.041 -12.193
56.397 -11.778
56.400 -11.895
56.460 -12.154
56.665 -12.091
56.707 -11.762
56.732 -11.717
56.756 -12.036
56.843 -12.191
56.931 -12.086
56.940 -12.136
56.955 -11.784
56.977 -11.661
57.126 -12.095
57.196 -11.792
57.289 -12.242
57.312 -12.152
57.317 -11.739
57.339 -12.154
57.379 -11.893
57.447 -12.055
57.526 -12.064
57.567 -11.817
57.640 -11.864
57.664 -11.933
57.875 -12.200
57.880 -12.034
57.974 -12.122
57.976 -12.271
58.191 -11.860
58.442 -11.904
58.514 -11.620
58.642 -12.347
58.844 -12.119
58.914 -11.667
59.235 -12.191
59.370 -12.095
59.398 -12.073
59.408 -11.874
59.496 -11.961
59.586 -11.700
59.607 -12.281
59.698 -11.813
59.731 -12.168
59.892 -12.256
59.899 -12.128
59.906 -12.287
60.017 -12.083
60.081 -11.690
60.109 -11.755
60.164 -12.076
60.236 -12.150
60.315 -12.112
60.372 -12.284
60.478 -11.893
60.482 -11.771
60.494 -11.946
60.888 -11.997
60.970 -11.947
61.271 -11.631
61.280 -12.213
61.401 -12.260
61.458 -12.037
61.650 -12.002
61.700 -11.860
61.754 -12.042
61.781 -12.296
61.785 -11.895
61.788 -12.079
61.833 -11.908
61.869 -12.015
61.890 -12.222
61.956 -11.760
62.188 -11.831
62.404 -11.933
62.460 -12.109
62.600 -12.001
62.701 -12.032
62.865 -11.938
62.867 -11.899
62.967 -11.845
63.036 -12.128
63.135 -12.042
63.228 -12.146
63.232 -12.017
63.272 -12.165
63.376 -11.956
63.413 -12.146
63.424 -11.915
63.455 -12.138
63.569 -12.214
63.642 -12.194
63.702 -11.870
63.927 -12.058
63.974 -11.848
64.240 -12.175
64.254 -11.824
64.426 -11.965
64.445 -12.145
64.487 -11.894
64.491 -11.643
64.506 -12.164
64.564 -11.922
64.687 -12.169
65.187 -12.151
65.218 -12.257
65.221 -11.953
65.451 -12.100
65.733 -12.190
65.785 -11.700
65.868 -11.529
65.886 -11.608
65.955 -12.089
65.991 -11.645
66.015 -12.169
66.019 -11.982
66.283 -12.049
66.607 -11.702
66.702 -11.888
66.804 -12.285
66.959 -11.861
67.033 -12.039
67.049 -11.626
67.276 -11.689
67.435 -11.917
67.547 -11.949
67.656 -12.001
67.732 -12.246
67.746 -11.749
67.764 -12.263
67.842 -12.036
67.934 -11.769
68.027 -12.008
68.088 -12.026
68.125 -11.911
68.163 -11.944
68.184 -12.068
68.184 -11.616
68.319 -12.017
68.341 -12.039
68.369 -11.716
68.409 -11.943
68.562 -11.937
68.590 -12.110
68.606 -12.322
68.721 -12.061
68.772 -11.847
68.828 -12.019
68.952 -11.650
69.003 -11.864
69.087 -11.801
69.531 -11.856
69.575 -11.787
69.657 -11.973
69.706 -12.004
69.724 -11.806
69.743 -11.998
69.779 -11.784
69.880 -11.985
70.091 -12.123
70.159 -12.180
70.174 -11.871
70.178 -12.223
70.195 -12.213
70.222 -12.096
70.278 -11.870
70.289 -11.996
70.291 -11.822
70.292 -12.125
70.364 -11.966
70.400 -12.174
70.598 -11.837
70.684 -11.708
70.700 -11.973
70.729 -11.985
70.751 -12.229
70.847 -12.125
70.865 -11.878
70.924 -11.845
70.931 -11.698
70.944 -12.188
71.186 -12.213
71.198 -12.081
71.421 -11.941
71.429 -12.118
71.439 -11.619
71.532 -11.984
71.536 -12.223
71.667 -11.819
71.714 -11.855
71.722 -12.233
71.744 -12.086
71.847 -11.945
71.945 -11.793
71.977 -11.908
72.013 -11.826
72.075 -11.722
72.205 -11.967
72.348 -12.030
72.381 -11.775
72.413 -11.907
72.479 -11.942
72.549 -11.835
72.647 -11.828
72.832 -12.118
72.946 -12.121
72.985 -12.068
73.054 -11.717
73.065 -11.889
73.221 -12.052
73.237 -11.752
73.364 -11.892
73.432 -11.876
73.563 -12.156
73.750 -11.988
73.869 -11.859
73.948 -11.828
74.078 -11.944
74.078 -12.013
74.092 -11.924
74.115 -12.031
74.280 -12.054
74.297 -12.083
74.807 -12.068
74.812 -11.698
74.847 -11.854
75.032 -11.607
75.232 -12.177
75.248 -12.001
75.280 -11.441
75.313 -11.648
75.326 -11.772
75.451 -11.994
75.522 -11.776
75.610 -12.095
75.636 -11.976
75.667 -12.112
75.695 -12.095
75.705 -11.809
75.712 -11.752
75.724 -11.918
75.764 -11.924
75.808 -11.755
76.102 -12.114
76.177 -11.763
76.193 -11.927
76.459 -11.804
76.483 -11.749
76.552 -11.879
76.634 -11.962
76.675 -12.020
77.126 -11.900
77.145 -11.978
77.175 -11.855
77.348 -11.871
77.407 -11.605
77.619 -12.038
77.855 -11.694
77.867 -12.069
77.966 -11.559
78.169 -12.041
78.312 -11.988
78.363 -12.002
78.502 -11.806
78.605 -11.929
78.654 -12.149
78.676 -11.952
78.734 -11.793
78.977 -11.914
79.011 -11.902
79.078 -11.900
79.151 -11.591
79.177 -12.138
79.230 -11.805
79.316 -11.798
79.498 -11.902
79.526 -11.846
79.543 -12.015
79.550 -11.858
79.551 -11.883
79.584 -11.581
79.597 -12.116
79.747 -12.025
79.842 -11.919
79.871 -11.783
80.046 -11.677
80.301 -11.807
80.326 -11.976
80.379 -11.977
80.465 -11.647
80.541 -11.881
80.556 -11.959
80.857 -11.726
80.941 -11.916
81.115 -11.891
81.129 -11.862
81.151 -11.717
81.158 -11.903
81.171 -11.966
81.192 -11.712
81.263 -11.962
81.442 -11.741
81.461 -12.084
81.476 -11.957
81.508 -12.024
81.681 -12.075
81.736 -11.979
82.106 -11.899
82.206 -11.682
82.326 -12.145
82.382 -11.932
82.459 -11.901
82.623 -11.802
82.691 -12.108
82.762 -11.786
83.096 -11.942
83.401 -11.791
83.508 -11.870
84.074 -12.048
84.184 -11.888
84.247 -11.783
84.363 -11.913
84.423 -11.851
84.501 -11.917
84.632 -11.943
84.769 -11.939
84.814 -11.929
84.971 -11.820
85.064 -11.748
85.127 -11.612
85.149 -11.681
85.173 -12.151
85.275 -11.892
85.414 -11.763
85.414 -11.600
85.498 -11.994
85.510 -11.947
85.620 -11.528
85.734 -11.954
85.906 -11.692
86.486 -11.915
86.555 -11.955
86.850 -11.570
86.886 -12.012
86.943 -11.892
87.017 -11.837
87.458 -11.970
87.483 -11.935
87.568 -11.957
87.648 -12.144
87.656 -11.741
88.137 -11.896
88.148 -12.002
88.209 -11.590
88.463 -11.808
88.464 -11.621
88.603 -11.961
88.809 -11.685
88.923 -11.824
89.082 -11.913
89.252 -11.827
89.386 -12.029
89.459 -11.901
89.875 -11.632
89.916 -11.940
90.073 -11.860
90.133 -11.867
90.136 -11.625
90.360 -11.788
90.582 -11.927
90.631 -11.915
90.908 -12.041
90.919 -11.722
91.192 -11.917
91.361 -11.895
91.461 -11.893
91.545 -11.856
91.951 -11.775
92.017 -11.762
92.035 -11.776
92.310 -11.958
92.427 -11.767
92.540 -11.884
92.682 -11.684
92.740 -11.971
92.915 -11.917
92.932 -11.814
93.254 -11.946
93.272 -11.928
93.318 -11.839
93.431 -12.028
93.549 -11.945
93.712 -11.881
93.762 -11.656
93.783 -11.855
93.857 -11.827
93.987 -11.718
94.007 -12.084
94.755 -11.500
94.757 -11.594
94.766 -11.808
94.775 -11.967
94.819 -12.122
94.879 -11.997
94.986 -11.876
95.048 -11.745
95.051 -11.617
95.063 -11.803
95.091 -11.828
95.274 -11.624
95.723 -11.640
95.942 -11.723
96.105 -11.919
96.116 -11.792
96.246 -12.212
96.766 -11.840
96.823 -11.989
96.836 -11.784
96.854 -11.953
97.068 -11.997
97.081 -12.215
97.287 -11.846
97.619 -11.743
97.629 -11.951
97.656 -11.883
97.718 -11.811
97.961 -11.753
98.319 -11.735
98.330 -11.880
98.471 -11.889
98.956 -11.807
98.971 -11.927
99.025 -11.718
99.048 -11.888
99.157 -11.771
99.162 -11.690
99.163 -11.725
99.513 -11.897
99.592 -11.790
99.859 -11.755
99.869 -12.044
99.926 -11.738
99.999 -11.822
100.178 -11.925
100.275 -11.688
100.513 -11.856
100.708 -11.725
100.980 -11.798
101.616 -11.667
102.042 -11.694
102.056 -11.815
102.116 -11.792
102.120 -11.777
102.271 -11.893
102.332 -11.928
102.364 -11.903
102.409 -11.414
102.685 -11.670
102.807 -11.723
102.871 -11.530
103.026 -11.789
103.258 -11.722
103.566 -11.731
103.666 -11.957
103.831 -11.744
104.292 -11.966
104.446 -11.493
104.492 -11.636
104.570 -11.719
105.037 -11.905
105.056 -11.854
105.483 -11.629
105.823 -12.105
106.363 -11.513
106.404 -11.806
107.129 -11.949
107.748 -11.811
107.789 -11.528
107.912 -11.767
108.069 -11.846
108.134 -11.887
108.180 -11.664
109.502 -11.763
109.744 -11.819
109.754 -11.622
109.868 -11.930
109.887 -11.986
110.208 -11.973
110.852 -11.846
111.028 -11.711
111.400 -11.520
111.421 -11.696
111.848 -11.858
111.853 -11.773
112.015 -11.769
112.075 -11.473
112.471 -11.827
112.647 -11.759
112.819 -11.709
112.820 -11.773
113.186 -11.776
113.353 -11.737
113.512 -11.846
113.621 -11.657
113.797 -11.576
114.040 -11.745
114.258 -11.706
114.781 -11.812
114.914 -11.400
114.939 -11.553
115.060 -11.836
115.668 -11.762
115.861 -11.834
116.368 -11.706
116.641 -11.567
116.711 -11.657
116.752 -11.623
117.356 -11.553
117.509 -11.801
117.612 -11.650
117.615 -11.540
117.961 -11.669
118.558 -11.557
119.182 -11.904
119.324 -11.785
119.345 -11.832
119.903 -11.841
119.909 -11.861
120.563 -11.930
121.114 -11.626
121.151 -11.729
121.177 -11.493
121.208 -11.853
121.585 -11.697
121.631 -11.899
122.226 -11.626
122.243 -11.960
122.511 -11.644
123.301 -11.610
123.591 -11.612
124.142 -11.733
124.706 -11.691
124.796 -11.774
124.838 -11.725
125.202 -11.906
125.221 -11.758
125.230 -11.382
125.327 -11.423
125.636 -11.474
125.837 -11.491
126.738 -11.582
126.850 -11.369
127.146 -11.626
128.416 -11.506
128.520 -11.522
128.737 -11.775
128.897 -11.741
129.586 -11.643
130.564 -11.577
130.739 -11.672
130.821 -11.657
130.994 -11.673
131.457 -11.698
132.232 -11.565
132.477 -11.577
132.763 -11.570
133.285 -11.662
133.384 -11.759
133.408 -11.321
133.730 -11.677
133.886 -11.682
134.835 -11.631
135.835 -11.602
137.258 -11.499
137.582 -11.413
138.700 -11.542
139.972 -11.649
140.092 -11.570
140.179 -11.618
140.496 -11.637
140.845 -11.546
141.392 -11.414
141.507 -11.449
141.545 -11.618
141.608 -11.457
141.790 -11.506
141.816 -11.539
142.729 -11.826
143.492 -11.434
143.823 -11.602
144.915 -11.612
144.988 -11.533
145.492 -11.523
146.082 -11.478
146.252 -11.557
146.393 -11.666
146.398 -11.586
149.549 -11.511
149.895 -11.614
150.551 -11.505
150.862 -11.681
151.229 -11.682
155.766 -11.684
156.527 -11.712
156.702 -11.670
158.024 -11.738
158.076 -11.308
158.367 -11.546
158.570 -11.555
161.839 -11.562
163.200 -11.538
164.533 -11.646
165.164 -11.449
165.192 -11.632
166.111 -11.288
167.333 -11.454
170.269 -11.550
170.702 -11.289
171.560 -11.277
172.160 -11.575
172.883 -11.553
173.510 -11.433
175.855 -11.391
176.982 -11.398
177.137 -11.483
178.653 -11.674
179.166 -11.344
179.724 -11.537
180.962 -11.553
184.339 -11.610
186.070 -11.607
186.755 -11.531
190.438 -11.379
191.205 -11.499
193.858 -11.571
196.753 -11.462
197.817 -11.326
199.429 -11.372
200.938 -11.573
204.181 -11.500
204.513 -11.336
204.694 -11.578
204.717 -11.401
207.115 -11.536
209.266 -11.369
210.204 -11.439
214.024 -11.535
216.223 -11.419
218.885 -11.551
220.241 -11.322
223.406 -11.544
225.111 -11.496
226.812 -11.358
227.082 -11.404
227.513 -11.321
227.545 -11.437
228.629 -11.459
229.506 -11.278
236.874 -11.463
239.396 -11.422
241.356 -11.189
241.442 -11.380
241.507 -11.480
242.228 -11.463
245.726 -11.301
246.350 -11.260
249.285 -11.503
249.849 -11.460
256.946 -11.237
258.814 -11.259
264.385 -11.476
265.108 -11.357
276.427 -11.079
277.748 -11.505
278.748 -11.214
279.046 -11.489
279.590 -11.131
283.478 -11.186
286.925 -11.442
287.510 -11.410
289.723 -11.382
290.292 -11.220
290.335 -11.341
291.298 -11.321
294.534 -11.191
305.954 -11.350
306.468 -11.206
308.989 -11.132
317.131 -11.290
319.647 -11.314
320.640 -11.332
322.893 -11.163
327.162 -11.188
328.580 -11.225
338.693 -11.287
343.717 -11.192
347.083 -11.306
349.547 -11.278
352.245 -10.971
358.941 -11.333
370.212 -11.179
375.106 -11.340
376.517 -11.320
378.593 -11.075
379.736 -11.243
389.492 -11.159
390.720 -11.201
392.256 -11.195
405.411 -11.110
412.682 -11.075
420.829 -11.036
423.675 -11.139
446.642 -11.281
458.511 -11.023
458.547 -11.208
474.274 -10.744
477.028 -11.069
544.267 -11.003
556.849 -11.088
579.115 -11.075
586.955 -10.640
591.199 -10.794
593.223 -11.014
595.784 -10.918
607.700 -10.973
611.643 -11.071
697.320 -10.895
698.639 -11.197
710.807 -11.040
724.587 -10.826
751.397 -10.977
753.576 -10.829
860.919 -10.607
1009.016 -10.656
1074.490 -10.510
1678.144 -10.679
1846.514 -10.891
