# Ep lEiso
1.007 120.466
1.015 120.275
1.062 120.835
1.090 120.760
1.104 120.526
1.138 120.280
1.159 120.899
1.177 121.028
1.206 120.296
1.207 120.306
1.227 120.546
1.262 120.304
1.274 120.773
1.301 120.605
1.326 120.763
1.337 120.854
1.383 120.541
1.390 120.734
1.408 120.800
1.413 120.372
1.425 120.578
1.427 120.487
1.435 120.959
1.449 120.666
1.460 120.573
1.477 120.359
1.478 120.782
1.490 120.503
1.503 120.558
1.512 120.419
1.603 120.034
1.607 120.657
1.614 120.167
1.642 120.982
1.675 120.638
1.679 119.944
1.719 120.959
1.740 120.747
1.743 120.098
1.775 120.861
1.790 120.321
1.801 120.405
1.822 120.072
1.826 120.035
1.831 120.364
1.845 120.214
1.879 120.217
1.931 120.772
1.935 120.548
1.938 120.144
1.943 120.519
1.952 120.677
1.973 120.298
1.982 120.286
2.008 120.633
2.012 120.244
2.024 120.186
2.097 120.789
2.118 120.244
2.188 120.347
2.188 120.383
2.227 120.027
2.256 120.059
2.306 120.241
2.309 120.591
2.346 120.119
2.368 120.557
2.440 121.160
2.447 120.713
2.472 120.507
2.509 120.237
2.509 120.184
2.519 120.500
2.535 120.219
2.564 120.573
2.583 120.262
2.595 120.220
2.644 120.505
2.681 120.324
2.682 120.372
2.706 120.166
2.713 120.214
2.724 120.136
2.746 120.309
2.774 120.247
2.786 120.199
2.796 120.105
2.860 120.417
2.870 120.130
2.884 120.143
2.898 120.206
2.933 120.621
2.936 120.503
2.940 120.745
2.993 120.733
3.007 120.332
3.044 120.647
3.127 120.197
3.155 120.119
3.157 120.287
3.184 120.079
3.187 119.871
3.190 120.205
3.194 120.166
3.205 120.544
3.220 120.628
3.224 120.202
3.260 120.413
3.297 120.348
3.309 120.156
3.328 120.176
3.330 120.322
3.351 120.231
3.378 120.104
3.381 120.284
3.399 120.355
3.419 120.691
3.601 119.978
3.604 120.240
3.627 120.415
3.657 120.004
3.664 120.357
3.671 120.316
3.699 120.287
3.716 120.243
3.727 120.110
3.827 120.205
3.837 120.005
3.865 120.539
3.907 120.086
3.928 120.084
3.980 119.856
4.002 120.150
4.042 120.216
4.048 120.089
4.133 120.074
4.144 120.064
4.226 120.147
4.231 119.887
4.280 120.232
4.314 120.420
4.322 120.187
4.330 120.333
4.410 120.315
4.420 120.430
4.432 119.923
4.525 120.075
4.536 120.127
4.671 120.037
4.678 120.261
4.679 119.996
4.839 120.158
4.872 120.120
4.925 119.858
4.986 120.044
5.078 120.049
5.110 120.059
5.117 120.015
5.219 119.996
5.248 120.089
5.267 120.071
5.315 120.101
5.319 120.311
5.358 120.151
5.379 120.156
5.470 120.052
5.537 120.192
5.732 120.177
5.755 120.075
5.801 120.086
5.829 120.116
5.889 119.970
5.893 119.856
6.030 120.082
6.066 119.978
6.083 120.118
6.130 119.986
6.136 119.965
6.180 120.087
6.201 120.063
6.250 120.116
6.345 119.990
6.363 119.804
6.391 119.901
6.395 120.200
6.540 119.921
6.647 119.777
6.690 120.123
6.704 119.833
6.785 119.868
6.818 120.139
6.855 120.037
6.856 119.996
6.905 120.042
7.057 119.894
7.143 119.863
7.226 120.253
7.271 119.794
7.302 119.801
7.324 119.890
7.342 119.994
7.372 120.109
7.530 120.034
7.576 119.912
7.669 119.814
7.691 119.987
7.700 119.933
7.749 119.963
7.805 119.785
7.843 119.850
7.906 120.001
7.928 119.868
7.965 120.093
8.159 119.869
8.288 119.700
8.319 119.725
8.324 119.946
8.358 119.793
8.424 119.808
8.451 120.101
8.603 119.747
9.092 119.579
9.108 120.093
9.134 120.008
9.139 119.903
9.295 119.984
9.361 119.826
9.405 119.804
9.406 119.897
9.448 120.023
9.688 119.841
9.700 119.498
9.740 119.992
10.053 119.578
10.194 119.737
10.296 120.079
10.566 119.891
10.747 120.043
10.767 119.857
10.933 119.755
10.956 119.669
11.086 119.723
11.102 119.836
11.174 119.582
11.199 119.657
11.201 119.746
11.334 119.793
11.430 119.791
11.677 119.786
11.681 119.745
11.789 119.616
11.871 119.679
11.878 119.211
12.075 119.561
12.077 119.751
12.078 119.887
12.119 119.741
12.137 119.990
12.213 119.559
12.275 119.776
12.298 119.659
12.303 119.527
12.355 119.686
12.589 119.683
12.871 119.624
12.873 119.428
12.921 119.450
13.083 119.554
13.116 119.732
13.136 119.719
13.155 119.649
13.224 119.733
13.294 119.558
13.300 119.687
13.312 119.783
13.330 119.696
13.448 119.632
13.504 119.630
13.573 119.466
13.588 119.432
13.591 119.613
13.606 119.428
13.633 119.520
13.678 119.599
13.731 119.581
13.758 120.021
13.807 119.682
13.823 119.609
13.964 119.606
13.968 119.622
14.030 119.459
14.032 119.455
14.176 119.726
14.344 119.551
14.393 119.693
14.478 119.518
14.599 119.429
14.639 119.428
14.820 119.677
14.896 119.439
14.912 119.477
14.918 119.556
14.968 119.681
15.019 119.515
15.031 119.498
15.082 119.653
15.101 119.602
15.192 119.800
15.196 119.341
15.200 119.569
15.264 119.499
15.300 119.751
15.316 119.484
15.346 119.424
15.387 119.278
15.432 119.347
15.459 119.458
15.510 119.615
15.513 119.253
15.518 119.663
15.709 119.566
15.749 119.662
15.894 119.561
15.899 119.487
15.957 119.054
15.985 119.489
16.078 119.557
16.102 119.355
16.128 119.479
16.141 119.164
16.143 119.612
16.144 119.407
16.166 119.286
16.183 119.532
16.193 119.125
16.225 119.535
16.328 119.367
16.419 119.687
16.442 119.334
16.501 119.546
16.543 119.482
16.611 119.666
16.612 119.743
16.654 119.849
16.683 119.279
16.724 119.448
16.763 119.236
16.765 119.497
16.781 119.197
16.824 119.536
16.840 119.231
16.844 119.699
16.857 119.246
16.905 119.537
16.935 119.265
16.960 119.783
17.052 119.396
17.070 119.824
17.167 119.374
17.172 119.439
17.236 119.587
17.243 119.216
17.258 119.734
17.260 119.558
17.265 119.177
17.286 119.660
17.331 119.167
17.514 119.373
17.525 119.753
17.526 119.503
17.610 119.565
17.712 119.263
17.731 119.456
17.760 119.214
17.766 119.747
17.789 119.523
17.800 119.574
17.808 119.498
17.809 119.443
17.896 119.313
18.001 119.223
18.032 119.600
18.065 119.262
18.116 119.645
18.140 119.312
18.146 119.455
18.230 119.518
18.288 119.529
18.329 119.465
18.369 119.365
18.397 119.442
18.402 119.466
18.408 119.615
18.434 119.295
18.466 119.803
18.497 119.348
18.518 119.314
18.530 119.533
18.543 119.470
18.550 119.235
18.550 119.181
18.596 119.331
18.603 119.289
18.613 119.425
18.626 119.473
18.677 119.486
18.687 119.490
18.692 119.308
18.730 119.246
18.747 119.484
18.766 119.326
18.807 119.163
18.824 119.629
18.852 119.253
18.998 119.646
19.012 119.301
19.037 119.410
19.052 119.349
19.058 119.739
19.063 119.360
19.075 119.782
19.106 119.380
19.171 119.100
19.192 119.458
19.196 119.345
19.198 119.268
19.203 119.316
19.211 119.149
19.228 119.361
19.232 119.346
19.232 119.381
19.233 119.089
19.254 119.404
19.265 119.212
19.326 119.181
19.352 119.394
19.357 119.382
19.366 119.356
19.372 119.400
19.401 119.445
19.407 119.568
19.425 119.633
19.427 119.499
19.431 119.599
19.503 119.424
19.507 119.251
19.571 119.352
19.573 119.072
19.576 119.285
19.602 119.345
19.604 119.270
19.641 119.341
19.654 119.611
19.656 119.228
19.663 119.216
19.692 119.426
19.720 119.227
19.729 119.503
19.739 119.338
19.756 119.886
19.793 119.382
19.833 119.251
19.842 119.779
19.851 119.505
19.870 119.434
19.889 119.637
19.917 119.354
19.968 119.259
19.999 119.413
20.009 119.170
20.027 119.283
20.030 119.546
20.071 119.203
20.076 119.305
20.109 119.355
20.127 119.574
20.162 119.199
20.211 119.331
20.242 119.587
20.263 119.277
20.296 119.391
20.296 119.250
20.300 119.429
20.306 119.210
20.349 119.153
20.353 119.290
20.483 119.081
20.484 119.776
20.493 119.482
20.538 119.250
20.587 119.332
20.591 119.191
20.599 119.254
20.607 119.067
20.610 119.220
20.640 119.198
20.658 119.609
20.679 119.000
20.686 119.226
20.693 119.354
20.700 119.302
20.703 119.542
20.704 119.502
20.707 119.334
20.717 119.320
20.728 119.643
20.799 119.354
20.816 119.531
20.820 119.308
20.882 119.547
20.887 119.367
20.903 119.291
20.922 119.240
20.932 119.127
21.037 119.361
21.041 119.207
21.048 119.450
21.088 119.419
21.102 119.076
21.149 119.290
21.201 119.773
21.203 119.289
21.225 119.208
21.270 119.081
21.301 119.187
21.312 119.158
21.343 119.554
21.365 119.305
21.376 119.497
21.381 119.259
21.393 119.388
21.446 119.337
21.454 119.361
21.468 119.364
21.484 119.341
21.490 119.374
21.501 119.559
21.518 119.106
21.556 119.362
21.562 119.476
21.565 119.130
21.566 119.453
21.567 119.400
21.574 119.137
21.576 119.221
21.607 119.107
21.627 119.326
21.633 119.608
21.668 119.519
21.721 119.561
21.726 119.208
21.737 119.205
21.754 119.560
21.770 119.407
21.773 119.243
21.835 119.113
21.852 119.334
21.887 119.386
21.890 119.253
21.894 119.754
21.896 119.361
21.899 119.227
21.903 119.764
21.916 119.234
21.950 119.082
21.954 119.433
21.957 119.233
21.963 119.094
21.996 119.281
22.007 119.177
22.077 119.327
22.096 119.397
22.119 119.295
22.130 119.246
22.145 119.306
22.176 119.496
22.189 119.376
22.202 119.520
22.266 119.199
22.324 119.290
22.344 119.322
22.444 119.264
22.463 119.280
22.474 119.141
22.495 119.220
22.505 119.337
22.519 119.204
22.542 119.144
22.566 119.144
22.574 119.161
22.602 119.370
22.618 119.513
22.629 119.192
22.633 119.439
22.637 119.505
22.655 119.229
22.679 119.486
22.679 119.142
22.694 119.026
22.696 119.120
22.716 119.263
22.736 119.105
22.766 119.631
22.865 119.182
22.876 119.101
22.923 119.277
22.929 119.357
22.938 119.228
22.950 119.342
23.021 119.068
23.025 119.141
23.038 119.094
23.051 119.505
23.052 119.230
23.130 119.219
23.131 119.001
23.141 119.083
23.182 119.425
23.182 119.105
23.205 119.108
23.238 119.273
23.256 119.396
23.282 119.208
23.309 119.391
23.331 119.410
23.342 119.234
23.404 119.478
23.410 119.142
23.433 119.308
23.442 119.291
23.442 119.407
23.472 119.450
23.500 119.153
23.506 119.177
23.541 119.228
23.543 119.156
23.577 119.158
23.599 119.199
23.611 119.201
23.622 119.275
23.674 119.431
23.682 119.454
23.684 119.425
23.719 119.047
23.734 119.352
23.749 119.193
23.767 119.595
23.774 119.112
23.796 119.099
23.799 119.305
23.840 119.002
23.842 119.336
23.848 119.214
23.862 119.249
23.876 119.309
23.895 119.126
23.900 119.578
23.903 119.178
23.911 119.234
23.925 119.453
23.928 119.377
24.012 119.901
24.012 119.515
24.013 119.273
24.014 118.949
24.019 119.234
24.026 119.483
24.038 119.134
24.045 119.404
24.045 119.546
24.046 119.285
24.049 119.234
24.070 119.163
24.121 119.134
24.146 119.288
24.164 119.044
24.165 119.308
24.180 119.014
24.239 119.207
24.246 119.130
24.247 119.326
24.249 118.969
24.274 119.176
24.275 119.449
24.299 119.195
24.336 119.415
24.338 119.272
24.341 119.116
24.348 119.271
24.376 119.395
24.414 119.430
24.415 119.119
24.429 119.097
24.476 119.264
24.478 119.007
24.483 119.450
24.485 119.088
24.496 119.336
24.497 119.508
24.497 119.434
24.531 119.158
24.539 119.286
24.566 119.251
24.567 118.951
24.572 119.282
24.579 119.211
24.597 118.989
24.607 119.488
24.630 119.128
24.650 119.401
24.677 119.243
24.740 119.205
24.783 119.441
24.785 119.187
24.791 119.235
24.791 119.266
24.806 119.020
24.812 119.153
24.815 118.999
24.820 118.992
24.847 119.478
24.860 119.365
24.866 119.109
24.882 119.223
24.906 119.359
24.937 119.335
24.947 119.262
24.963 119.304
25.002 119.226
25.015 119.135
25.019 119.530
25.026 119.356
25.065 119.347
25.067 119.073
25.103 119.306
25.133 119.067
25.179 119.491
25.183 119.173
25.245 119.425
25.299 119.162
25.302 119.203
25.313 119.259
25.327 119.086
25.332 118.996
25.336 119.484
25.453 119.268
25.474 119.144
25.475 119.583
25.485 119.213
25.487 119.401
25.515 119.307
25.569 119.214
25.581 119.381
25.608 119.126
25.610 119.409
25.640 119.038
25.641 119.229
25.652 119.236
25.657 119.166
25.686 119.099
25.699 119.251
25.711 119.361
25.711 119.216
25.739 119.205
25.751 119.215
25.763 119.042
25.771 119.266
25.784 119.141
25.802 119.263
25.818 119.348
25.857 119.102
25.867 119.273
25.868 119.133
25.877 119.044
25.923 119.203
25.937 119.036
25.974 119.320
25.995 119.461
26.000 119.426
26.003 119.032
26.049 119.305
26.061 119.089
26.069 119.431
26.069 119.539
26.096 119.383
26.142 119.148
26.187 119.037
26.196 119.100
26.197 118.994
26.231 119.339
26.232 118.918
26.272 119.153
26.305 119.412
26.307 119.185
26.309 119.050
26.311 118.912
26.334 119.246
26.337 119.376
26.373 119.386
26.374 118.969
26.390 119.340
26.439 119.396
26.457 119.170
26.493 119.116
26.529 119.194
26.535 119.020
26.537 119.120
26.561 119.021
26.562 119.045
26.563 119.049
26.569 119.363
26.589 119.623
26.602 119.585
26.659 119.376
26.667 119.313
26.686 119.278
26.767 119.493
26.774 119.189
26.788 119.196
26.798 119.017
26.840 119.202
26.888 119.334
26.897 119.145
26.901 119.175
26.909 119.142
26.934 119.089
26.975 119.354
26.988 119.329
27.003 119.344
27.030 119.151
27.036 119.390
27.037 119.063
27.054 119.200
27.062 119.106
27.112 119.208
27.165 119.267
27.241 119.485
27.258 119.006
27.317 119.389
27.384 119.145
27.390 119.324
27.395 119.213
27.412 119.169
27.430 119.286
27.459 119.053
27.465 119.234
27.467 119.209
27.471 119.360
27.482 119.467
27.483 119.391
27.531 119.429
27.564 119.135
27.579 119.226
27.626 119.186
27.629 119.367
27.651 119.381
27.676 119.475
27.684 119.292
27.690 119.042
27.690 119.224
27.826 119.348
27.841 119.112
27.870 119.175
27.883 119.137
27.899 119.405
28.096 119.349
28.130 119.556
28.139 118.952
28.203 119.183
28.205 119.667
28.220 119.151
28.229 119.130
28.350 119.110
28.399 119.163
28.446 118.920
28.468 119.223
28.469 119.090
28.502 119.257
28.546 119.355
28.650 119.133
28.665 119.401
28.696 119.403
28.717 119.073
28.743 119.127
28.765 119.205
28.849 119.529
28.890 119.516
28.897 119.301
28.960 119.320
28.981 119.106
29.004 119.166
29.045 119.117
29.146 118.934
29.197 118.927
29.217 119.117
29.326 119.474
29.349 119.157
29.428 118.946
29.514 119.202
29.545 119.331
29.593 119.409
29.638 118.875
29.734 119.035
29.744 119.456
29.749 119.130
29.750 119.286
29.830 119.017
29.894 119.337
29.918 119.152
30.015 119.128
30.071 119.182
30.139 119.046
30.173 119.423
30.254 119.250
30.297 118.943
30.340 119.140
30.347 119.183
30.358 119.406
30.359 119.091
30.387 119.216
30.409 119.428
30.596 118.986
30.660 119.090
30.710 119.003
30.713 119.197
30.714 119.115
30.733 118.963
30.816 119.401
30.827 119.154
30.892 119.242
30.905 119.230
31.066 119.515
31.109 119.443
31.236 119.092
31.252 119.134
31.510 119.275
31.540 119.223
31.563 119.457
31.570 119.024
31.582 118.924
31.671 119.509
31.749 119.266
31.762 119.227
31.813 119.152
31.826 119.379
31.827 119.043
31.849 119.093
31.922 119.439
32.108 118.948
32.119 119.344
32.172 119.404
32.343 119.067
32.395 118.994
32.416 118.939
32.463 119.394
32.553 119.308
32.583 119.200
32.795 118.996
32.900 119.232
32.971 119.304
33.022 119.358
33.079 119.594
33.219 119.095
33.425 119.178
33.487 119.073
33.504 119.010
33.531 119.424
33.545 118.982
33.705 119.175
33.728 119.062
33.758 119.074
34.008 119.258
34.146 119.226
34.301 119.401
34.355 119.137
34.792 119.278
35.017 119.340
35.018 119.139
35.267 119.211
35.294 119.192
36.337 119.231
36.546 119.032
36.915 119.034
37.044 119.255
37.115 119.198
37.148 119.142
37.191 119.334
37.388 119.207
37.453 119.148
38.655 119.271
38.672 119.677
38.834 118.982
39.017 119.380
39.373 119.072
39.402 119.349
41.456 119.692
42.813 119.546
43.413 119.379
52.011 119.299
57.437 119.079
