# Ep lEiso
69.302 -9.082
76.392 -8.970
84.906 -8.769
89.562 -8.795
90.574 -8.936
92.880 -8.852
94.314 -8.659
95.580 -8.563
97.523 -8.948
97.600 -8.798
98.970 -8.843
101.348 -8.898
102.226 -8.667
103.542 -8.763
104.601 -8.853
105.039 -8.851
106.939 -8.767
107.240 -8.821
107.968 -8.590
108.161 -8.864
108.681 -8.725
108.768 -8.783
109.104 -8.475
109.657 -8.717
110.122 -8.714
110.819 -8.845
110.848 -8.809
111.289 -8.747
111.659 -8.708
111.937 -8.794
114.524 -8.724
114.646 -8.609
114.851 -8.804
115.640 -8.389
116.510 -8.858
116.587 -8.736
117.484 -8.386
117.948 -8.519
118.001 -8.750
118.718 -8.439
119.037 -8.784
119.294 -8.728
119.755 -8.555
119.839 -8.592
119.962 -8.749
120.277 -8.843
121.017 -8.781
122.172 -8.467
122.264 -8.611
122.333 -8.805
122.435 -8.628
122.629 -8.524
123.108 -8.765
123.302 -8.771
123.884 -8.543
123.964 -8.793
124.219 -8.751
125.847 -8.427
126.195 -8.775
127.324 -8.698
127.327 -8.677
127.940 -8.772
128.415 -8.769
129.210 -8.744
129.259 -8.542
129.804 -8.806
130.119 -8.558
131.141 -8.226
131.242 -8.468
131.601 -8.577
132.133 -8.716
132.138 -8.744
132.267 -8.577
132.501 -8.722
132.912 -8.536
133.185 -8.694
133.350 -8.714
134.058 -8.719
134.577 -8.652
134.599 -8.628
134.931 -8.726
135.041 -8.702
135.188 -8.738
135.513 -8.652
135.900 -8.679
136.071 -8.700
136.227 -8.743
137.073 -8.592
137.178 -8.725
137.331 -8.718
137.486 -8.688
137.859 -8.629
137.887 -8.632
137.932 -8.435
138.506 -8.439
138.653 -8.625
139.057 -8.477
139.948 -8.683
140.253 -8.718
140.266 -8.640
140.564 -8.735
140.594 -8.582
140.628 -8.676
140.675 -8.694
140.787 -8.518
140.953 -8.645
140.995 -8.677
141.378 -8.577
141.777 -8.606
141.905 -8.695
142.112 -8.685
142.133 -8.617
142.355 -8.658
142.635 -8.716
142.665 -8.632
142.849 -8.599
143.061 -8.442
144.937 -8.767
144.965 -8.362
145.207 -8.563
145.515 -8.753
145.594 -8.589
145.660 -8.608
145.949 -8.621
146.105 -8.640
146.195 -8.501
147.008 -8.616
147.094 -8.584
147.319 -8.491
147.662 -8.698
147.830 -8.624
148.257 -8.618
148.435 -8.661
148.765 -8.628
148.811 -8.615
149.502 -8.687
149.592 -8.691
150.258 -8.646
150.298 -8.766
150.696 -8.400
150.974 -8.513
151.044 -8.621
151.110 -8.552
151.755 -8.555
151.837 -8.501
151.932 -8.697
152.689 -8.659
152.781 -8.633
153.882 -8.666
153.933 -8.562
153.938 -8.292
154.997 -8.600
155.209 -8.616
155.562 -8.735
155.958 -8.645
156.569 -8.638
156.776 -8.631
156.823 -8.651
157.493 -8.623
157.686 -8.609
157.810 -8.617
158.125 -8.600
158.149 -8.376
158.407 -8.575
158.545 -8.571
159.144 -8.615
159.581 -8.546
160.856 -8.543
160.983 -8.590
161.236 -8.583
161.391 -8.567
161.718 -8.633
161.738 -8.467
162.491 -8.575
162.692 -8.277
162.785 -8.557
163.041 -8.415
163.072 -8.213
163.316 -8.567
163.434 -8.358
163.701 -8.551
164.223 -8.315
164.323 -8.458
164.473 -8.646
164.497 -8.506
165.294 -8.631
165.881 -8.479
166.123 -8.531
166.198 -8.311
166.650 -8.587
166.831 -8.518
167.020 -8.563
167.026 -8.582
167.258 -8.557
167.981 -8.458
168.387 -8.221
168.781 -8.438
168.997 -8.590
169.143 -8.489
169.248 -8.511
169.335 -8.551
169.476 -8.373
170.229 -8.521
170.445 -8.575
170.885 -8.276
170.993 -8.533
171.036 -8.557
171.270 -8.541
171.535 -8.620
171.714 -8.451
172.016 -8.513
172.119 -8.135
172.296 -8.467
173.122 -8.561
173.666 -8.633
173.793 -8.620
173.816 -8.517
173.961 -8.198
174.239 -8.231
174.352 -8.439
174.991 -8.596
177.065 -8.651
177.133 -8.411
177.246 -8.450
177.266 -8.498
177.909 -8.456
178.179 -8.162
178.357 -8.536
178.361 -8.493
178.533 -8.433
179.519 -8.510
179.568 -8.669
179.733 -8.393
181.015 -8.325
181.595 -8.543
182.013 -8.381
183.165 -8.457
183.940 -8.312
184.026 -8.464
184.732 -8.505
184.832 -8.544
185.386 -8.129
185.453 -8.350
185.763 -8.576
185.870 -8.540
185.879 -8.498
186.446 -8.471
186.868 -8.468
188.097 -8.462
188.115 -8.481
188.657 -8.329
189.063 -8.505
189.098 -8.500
190.079 -8.552
190.085 -8.464
190.093 -8.400
190.296 -8.467
190.384 -8.350
190.764 -8.548
191.071 -8.445
191.186 -8.499
191.211 -8.560
191.472 -8.484
192.710 -8.478
194.372 -8.498
194.388 -8.449
194.667 -8.578
195.623 -8.484
195.819 -8.256
195.940 -8.446
196.056 -8.478
196.475 -8.436
196.899 -8.515
196.941 -8.455
197.012 -8.267
197.120 -8.165
197.837 -8.475
198.178 -8.474
198.632 -8.268
198.741 -8.313
198.767 -8.220
198.874 -8.522
199.069 -8.346
199.399 -8.479
199.787 -8.484
199.986 -8.278
200.343 -8.433
200.459 -8.466
201.488 -8.459
201.511 -8.452
201.968 -8.524
201.977 -8.526
203.028 -8.392
204.255 -8.464
204.622 -8.087
205.266 -8.476
206.290 -8.513
206.642 -8.124
208.265 -8.386
208.943 -8.493
209.086 -8.474
209.138 -8.437
209.583 -8.376
210.041 -8.149
210.145 -8.458
210.607 -8.246
210.776 -8.406
211.588 -8.309
211.626 -8.523
211.660 -8.416
212.237 -8.444
212.567 -8.134
212.716 -8.447
212.997 -8.472
213.374 -8.537
213.786 -8.332
214.084 -8.449
214.634 -8.304
214.659 -8.195
214.721 -8.351
216.775 -8.389
217.202 -8.342
218.770 -8.050
218.819 -8.418
219.465 -8.362
219.771 -8.413
220.795 -8.377
221.061 -8.246
221.349 -8.411
221.491 -8.281
221.513 -8.349
221.530 -8.444
221.769 -8.287
221.962 -8.384
222.071 -8.142
222.425 -8.381
223.660 -8.207
224.810 -8.296
225.109 -8.459
225.871 -8.357
226.420 -8.384
227.306 -8.294
227.319 -8.258
227.862 -8.207
228.233 -8.470
228.773 -8.389
229.278 -8.485
229.298 -8.364
229.514 -8.396
230.075 -8.342
230.277 -8.483
230.337 -8.265
230.503 -8.475
231.129 -8.338
231.530 -8.464
231.861 -8.222
233.097 -8.400
233.360 -8.200
234.819 -8.410
234.894 -8.176
235.844 -8.309
235.951 -8.481
236.184 -8.239
236.206 -7.998
236.287 -8.376
236.610 -8.263
237.295 -8.305
240.072 -8.385
240.247 -8.209
240.260 -8.325
241.550 -8.296
243.132 -8.361
243.420 -8.114
243.885 -7.969
243.986 -8.035
244.378 -8.314
244.581 -8.066
244.714 -8.326
244.737 -8.351
246.227 -8.408
248.054 -8.106
248.590 -8.261
249.170 -8.412
250.046 -8.225
250.476 -8.376
250.578 -8.022
252.054 -8.276
253.092 -8.269
253.821 -8.297
254.537 -8.342
255.035 -8.305
255.121 -8.120
255.241 -8.224
255.750 -8.373
256.354 -8.134
256.969 -8.342
257.367 -8.355
257.608 -8.252
257.861 -8.280
257.995 -8.389
257.999 -7.987
258.886 -8.344
259.031 -8.364
259.218 -8.075
259.478 -8.278
260.487 -8.272
260.674 -8.270
260.776 -8.173
261.537 -8.384
261.872 -8.270
262.241 -8.340
263.065 -8.000
263.400 -8.193
263.955 -8.200
266.902 -8.185
267.194 -8.344
267.739 -8.285
268.068 -8.308
268.186 -8.126
268.308 -8.302
268.553 -8.105
269.224 -8.291
270.626 -8.418
271.084 -8.251
271.183 -8.303
271.209 -8.339
271.325 -8.316
271.504 -8.394
271.865 -8.294
271.930 -8.301
271.942 -8.139
271.949 -8.261
272.363 -8.273
272.577 -8.362
273.732 -8.320
274.237 -8.261
274.333 -8.266
274.497 -8.278
274.628 -8.257
275.183 -8.235
275.293 -8.178
275.634 -8.146
275.677 -8.008
275.750 -8.162
277.164 -8.240
277.239 -8.321
278.535 -8.274
278.582 -8.404
278.640 -7.930
279.185 -8.277
279.208 -8.312
279.975 -8.272
280.249 -8.144
280.294 -8.322
280.424 -8.326
281.029 -8.227
281.604 -8.320
281.794 -8.191
282.001 -8.268
282.360 -8.013
283.114 -8.247
283.951 -8.308
284.144 -8.063
284.327 -8.190
284.716 -8.223
285.123 -8.120
285.699 -8.260
286.785 -8.305
287.443 -8.233
287.665 -8.346
288.069 -8.004
288.128 -8.171
289.040 -8.315
289.132 -8.274
289.877 -8.244
290.271 -8.138
291.041 -8.308
292.133 -8.246
292.820 -8.127
293.272 -8.271
294.025 -8.218
294.025 -8.284
294.107 -8.200
294.240 -8.302
295.199 -8.329
295.297 -8.265
298.276 -8.286
298.306 -8.034
298.507 -8.170
299.565 -8.070
300.710 -8.074
300.803 -8.299
300.990 -7.805
301.180 -7.987
301.254 -8.284
301.973 -8.291
302.388 -8.096
302.903 -8.376
303.050 -8.269
303.232 -8.208
303.395 -8.231
303.455 -8.119
303.494 -8.068
303.564 -8.215
303.797 -8.219
304.057 -8.068
305.751 -8.190
306.177 -8.062
306.264 -8.209
307.783 -8.097
307.924 -8.181
308.316 -8.216
308.789 -8.240
309.023 -8.292
311.608 -8.184
311.717 -8.255
311.884 -8.142
312.897 -8.153
313.244 -7.907
314.451 -8.207
315.774 -7.978
315.842 -8.202
316.401 -7.849
317.540 -8.293
318.337 -8.240
318.631 -8.253
319.430 -8.069
320.023 -8.185
320.305 -8.095
320.435 -8.206
320.769 -8.146
322.167 -8.170
322.364 -8.159
322.746 -8.157
323.170 -7.863
323.317 -8.016
323.611 -8.067
324.079 -8.060
325.072 -8.158
325.228 -8.105
325.320 -8.266
325.357 -8.116
325.361 -8.141
325.546 -7.851
325.614 -8.224
326.443 -8.276
326.978 -8.172
327.144 -8.041
328.127 -7.936
329.566 -8.056
329.710 -8.220
330.010 -8.220
330.494 -7.898
330.923 -8.124
331.005 -8.200
332.704 -7.967
333.174 -8.152
334.155 -8.124
334.237 -8.186
334.357 -7.953
334.400 -8.136
334.472 -8.198
334.589 -7.948
334.960 -8.193
335.939 -7.982
336.047 -8.100
336.127 -8.193
336.301 -8.258
337.256 -8.171
337.557 -8.219
339.585 -8.150
340.133 -8.117
340.791 -8.165
341.103 -8.187
341.523 -8.159
342.421 -8.071
342.798 -8.127
343.187 -8.060
345.021 -8.209
346.746 -8.162
347.363 -8.145
350.371 -8.159
350.957 -8.146
351.294 -8.050
351.910 -8.165
352.226 -8.108
352.640 -8.166
353.336 -8.187
354.063 -8.180
354.300 -8.170
355.135 -8.068
355.629 -7.999
355.963 -7.872
356.083 -8.032
356.206 -8.001
356.750 -8.127
357.486 -8.005
357.488 -8.165
357.931 -8.217
357.996 -8.173
358.616 -7.784
359.254 -8.159
360.218 -7.935
363.373 -8.144
363.724 -7.852
365.230 -7.817
365.412 -8.062
365.705 -8.122
366.084 -8.123
368.334 -8.197
368.457 -8.163
368.894 -8.185
369.301 -7.993
369.343 -8.121
371.797 -8.126
371.852 -8.228
372.162 -7.829
373.506 -8.040
373.513 -7.858
374.272 -8.190
375.390 -7.920
376.012 -8.056
376.884 -8.143
377.810 -8.058
378.537 -8.049
378.937 -8.131
381.028 -8.018
381.227 -8.098
381.990 -8.097
382.282 -8.105
382.297 -7.867
383.384 -8.031
384.468 -8.169
384.706 -8.158
386.053 -8.134
386.106 -7.974
387.434 -8.150
388.260 -8.147
388.744 -8.147
389.156 -8.112
391.191 -8.038
391.541 -8.026
391.635 -8.039
393.083 -8.212
393.702 -8.031
394.295 -8.141
395.044 -7.952
395.350 -8.176
396.271 -8.172
396.362 -8.075
398.062 -8.198
398.156 -8.042
398.399 -8.098
398.992 -7.990
399.565 -8.051
400.317 -8.135
400.548 -7.924
400.645 -8.110
400.986 -8.083
401.583 -7.979
401.676 -8.015
405.123 -7.763
405.130 -7.852
405.174 -8.055
405.215 -8.205
405.416 -8.072
405.692 -7.956
406.184 -8.117
406.470 -7.991
406.485 -7.869
406.542 -8.046
406.668 -8.070
407.511 -7.873
409.579 -7.886
410.588 -8.035
411.342 -8.147
411.390 -8.024
412.031 -7.863
414.672 -8.067
414.964 -8.103
415.028 -8.012
415.121 -8.178
416.204 -8.080
416.274 -7.953
417.319 -8.070
419.003 -7.966
419.054 -8.033
419.193 -8.105
419.506 -8.033
420.741 -7.974
422.433 -7.956
422.482 -8.101
423.089 -8.110
425.190 -8.031
425.259 -8.150
425.493 -7.944
425.592 -8.112
426.063 -7.996
426.084 -7.916
426.089 -7.951
427.606 -8.078
427.947 -8.018
429.103 -8.033
429.147 -7.898
429.395 -8.018
429.711 -8.051
430.486 -8.153
430.907 -7.921
431.937 -8.087
432.784 -7.959
433.962 -8.032
436.718 -7.907
438.723 -7.937
438.795 -8.055
439.086 -8.033
439.107 -8.018
439.843 -8.133
440.139 -8.071
440.295 -8.143
440.514 -7.669
441.859 -7.920
442.458 -7.972
442.767 -7.785
443.526 -8.038
444.658 -7.975
446.158 -7.986
446.645 -7.804
447.415 -8.000
449.284 -8.037
449.910 -7.756
450.099 -7.895
450.413 -7.976
452.310 -7.980
452.388 -7.887
454.119 -8.000
455.502 -8.111
457.692 -7.769
457.856 -8.061
460.799 -7.944
463.312 -8.067
463.481 -7.780
463.977 -8.021
464.615 -8.040
464.881 -8.144
465.066 -7.917
470.716 -8.012
471.848 -8.066
471.893 -7.862
472.430 -7.781
472.519 -7.876
474.022 -7.984
476.851 -8.020
477.517 -7.941
478.932 -7.739
479.010 -7.924
480.632 -8.092
480.650 -8.003
481.265 -7.998
481.495 -7.686
482.999 -7.848
483.664 -7.985
484.319 -7.932
484.323 -8.000
485.714 -8.001
486.348 -7.960
486.948 -8.019
487.365 -7.875
488.033 -7.789
488.955 -7.966
489.784 -7.924
491.770 -7.964
492.274 -7.600
492.368 -7.963
492.828 -8.058
495.135 -7.978
495.869 -8.054
497.795 -7.917
498.829 -7.769
499.095 -7.864
499.251 -7.828
501.544 -7.821
502.128 -8.013
502.516 -7.853
502.530 -7.738
503.842 -7.872
506.109 -7.752
508.576 -8.023
509.083 -7.993
509.160 -8.042
511.149 -8.055
511.171 -8.075
513.508 -7.964
515.475 -7.841
515.609 -7.947
515.700 -7.706
515.810 -7.773
517.158 -7.917
517.320 -7.856
519.446 -7.849
519.506 -8.043
520.462 -7.869
523.284 -7.841
524.319 -7.944
526.289 -7.968
528.303 -7.929
528.625 -8.010
528.774 -7.963
530.074 -8.008
530.141 -7.997
530.172 -7.634
530.518 -7.674
531.623 -7.726
532.339 -7.743
535.557 -7.837
535.959 -7.866
537.016 -7.881
541.548 -7.776
541.923 -7.792
542.695 -7.861
543.268 -7.996
545.589 -7.908
548.268 -7.843
548.749 -7.931
548.973 -7.917
549.448 -7.932
550.717 -7.954
552.840 -7.827
553.511 -7.837
554.297 -7.829
555.836 -7.916
556.176 -8.009
556.257 -7.587
557.354 -7.891
557.888 -7.934
561.122 -7.882
564.530 -7.849
569.381 -7.740
570.487 -7.652
574.298 -7.777
578.635 -7.885
579.044 -7.801
579.339 -7.852
580.419 -7.871
581.610 -7.814
583.476 -7.630
583.867 -7.666
583.996 -7.847
584.209 -7.675
584.831 -7.726
584.920 -7.762
587.770 -7.742
589.715 -7.652
590.561 -7.834
593.346 -7.850
593.533 -7.766
594.819 -7.758
596.322 -7.713
596.755 -7.798
597.116 -7.914
597.129 -7.829
605.167 -7.765
606.050 -7.874
607.724 -7.844
608.515 -7.618
609.452 -7.950
622.619 -7.752
625.163 -7.990
625.745 -7.948
630.157 -7.820
630.332 -7.607
631.305 -7.832
631.982 -7.841
640.274 -7.841
643.597 -7.815
646.853 -7.912
648.394 -7.786
648.463 -7.575
650.706 -7.578
653.693 -7.728
660.862 -7.810
661.919 -7.570
664.014 -7.556
665.481 -7.828
667.246 -7.806
668.778 -7.695
674.504 -7.652
677.256 -7.656
677.634 -7.733
681.337 -7.902
682.591 -7.602
683.953 -7.776
686.409 -7.790
692.320 -7.846
696.160 -7.845
697.833 -7.780
706.827 -7.655
708.701 -7.758
715.181 -7.823
722.252 -7.733
724.850 -7.620
728.786 -7.661
732.473 -7.831
740.394 -7.773
741.204 -7.637
741.647 -7.839
741.703 -7.691
747.560 -7.806
751.856 -7.668
753.474 -7.726
760.062 -7.805
763.854 -7.709
768.446 -7.819
770.785 -7.628
776.242 -7.813
779.184 -7.772
782.118 -7.657
782.583 -7.695
783.326 -7.625
783.381 -7.723
785.251 -7.741
786.762 -7.803
802.341 -7.741
808.927 -7.704
814.047 -7.503
814.271 -7.667
814.442 -7.752
816.325 -7.737
824.909 -7.595
826.043 -7.807
831.376 -7.771
832.400 -7.734
845.297 -7.837
848.691 -7.564
858.815 -7.753
860.128 -7.728
880.698 -7.415
883.098 -7.783
884.914 -7.533
885.457 -7.769
886.445 -7.462
893.509 -7.510
899.773 -7.731
900.838 -7.704
904.857 -7.681
905.893 -7.541
905.970 -7.645
907.720 -7.629
913.600 -7.775
928.884 -7.660
929.928 -7.537
935.050 -7.698
951.593 -7.616
956.705 -7.638
958.724 -7.655
963.301 -7.510
971.974 -7.709
974.856 -7.567
995.405 -7.627
1005.614 -7.548
1012.452 -7.649
1017.460 -7.627
1022.942 -7.358
1036.546 -7.681
1056.487 -7.552
1062.456 -7.697
1064.176 -7.681
1066.708 -7.466
1068.101 -7.615
1079.999 -7.546
1081.496 -7.584
1083.369 -7.580
1099.413 -7.513
1109.701 -7.485
1128.757 -7.447
1135.411 -7.533
1189.126 -7.632
1216.884 -7.414
1216.966 -7.563
1247.565 -7.189
1250.903 -7.443
1332.403 -7.384
1347.653 -7.584
1399.007 -7.418
1420.585 -7.124
1432.268 -7.353
1437.840 -7.368
1444.887 -7.304
1477.687 -7.333
1488.539 -7.394
1603.242 -7.268
1604.775 -7.454
1618.915 -7.356
1634.927 -7.223
1666.082 -7.311
1668.614 -7.353
1938.486 -7.009
2092.876 -7.017
2161.132 -7.292
2986.110 -6.973
3603.000 -7.137
