# Ep lEiso
1.007 117.362
1.016 117.283
1.063 117.516
1.091 117.487
1.106 117.391
1.141 117.292
1.162 117.546
1.181 117.600
1.210 117.301
1.211 117.305
1.231 117.404
1.266 117.357
1.279 117.498
1.306 117.431
1.332 117.367
1.343 117.270
1.390 117.408
1.397 117.372
1.415 117.245
1.420 117.340
1.433 117.424
1.435 117.387
1.443 117.579
1.457 117.460
1.469 117.423
1.486 117.337
1.486 117.359
1.497 117.396
1.506 117.418
1.513 117.363
1.579 117.212
1.583 117.196
1.591 117.265
1.621 117.297
1.656 117.294
1.660 117.172
1.704 117.500
1.726 117.500
1.729 117.234
1.763 117.384
1.779 117.325
1.791 117.359
1.814 117.221
1.818 117.206
1.824 117.342
1.839 117.280
1.875 117.281
1.931 117.401
1.936 117.418
1.939 117.249
1.944 117.406
1.953 117.146
1.977 117.313
1.986 117.308
2.014 117.454
2.018 117.290
2.030 117.265
2.110 117.520
2.126 117.290
2.181 117.334
2.181 117.349
2.211 117.207
2.234 117.222
2.273 117.294
2.275 117.428
2.304 117.168
2.321 117.413
2.393 117.629
2.401 117.467
2.429 117.393
2.471 117.208
2.471 117.204
2.482 117.389
2.500 117.269
2.533 117.147
2.554 117.307
2.567 117.293
2.623 117.388
2.664 117.328
2.666 117.344
2.692 117.235
2.701 117.293
2.713 117.248
2.738 117.323
2.769 117.304
2.782 117.289
2.795 117.260
2.862 117.356
2.870 117.268
2.882 117.271
2.894 117.291
2.924 117.418
2.926 117.382
2.930 117.456
2.975 117.451
2.987 117.327
3.019 117.423
3.089 117.283
3.113 117.259
3.114 117.310
3.138 117.208
3.140 117.181
3.143 117.125
3.147 117.272
3.155 117.388
3.169 117.414
3.172 117.283
3.202 117.347
3.234 117.326
3.244 117.137
3.260 117.196
3.262 117.136
3.280 117.289
3.303 117.250
3.305 117.305
3.323 117.326
3.348 117.427
3.561 117.187
3.564 117.327
3.592 117.319
3.627 117.189
3.636 117.297
3.643 117.283
3.676 117.056
3.694 117.334
3.704 117.348
3.797 117.064
3.807 117.282
3.832 117.341
3.871 117.200
3.890 117.247
3.939 117.125
3.959 117.215
3.997 116.988
4.002 117.311
4.081 117.298
4.091 117.182
4.167 117.205
4.171 117.124
4.216 117.363
4.248 117.285
4.256 117.265
4.264 117.258
4.337 117.249
4.346 117.284
4.357 117.127
4.443 117.233
4.454 117.186
4.609 117.159
4.617 117.229
4.617 117.409
4.778 117.201
4.811 117.190
4.864 117.109
4.925 117.282
5.018 117.172
5.049 117.176
5.057 117.336
5.159 117.159
5.188 117.255
5.207 117.184
5.255 117.194
5.259 117.300
5.298 116.987
5.319 117.213
5.410 117.182
5.477 117.228
5.672 117.227
5.691 117.261
5.729 117.254
5.753 117.209
5.803 117.164
5.806 117.127
5.940 117.062
5.980 117.164
5.998 117.137
6.048 117.305
6.054 117.158
6.101 117.255
6.124 117.343
6.176 117.205
6.278 117.161
6.298 116.985
6.327 117.130
6.332 117.230
6.487 117.133
6.602 117.238
6.648 117.199
6.663 117.100
6.750 117.109
6.785 117.202
6.821 117.261
6.822 117.152
6.867 117.169
7.006 117.046
7.085 117.107
7.161 117.245
7.202 117.082
7.230 117.203
7.251 117.061
7.268 117.238
7.295 117.289
7.455 117.192
7.506 117.270
7.611 117.095
7.636 117.159
7.647 117.025
7.702 117.152
7.766 117.089
7.808 116.967
7.880 117.171
7.905 117.235
7.947 117.207
8.144 117.129
8.274 116.974
8.304 117.079
8.309 116.980
8.344 117.105
8.410 117.113
8.437 117.224
8.589 117.093
9.090 117.035
9.109 117.235
9.141 117.050
9.146 117.160
9.325 117.184
9.400 117.166
9.450 117.107
9.451 117.030
9.499 117.194
9.773 117.108
9.787 116.964
9.833 117.211
10.190 116.950
10.351 117.040
10.467 117.188
10.788 117.097
11.037 117.238
11.064 117.088
11.291 117.046
11.323 117.007
11.501 117.036
11.522 117.200
11.622 116.973
11.656 116.873
11.659 117.183
11.841 117.076
11.974 117.079
12.358 116.875
12.364 116.714
12.533 117.216
12.666 116.984
12.678 116.811
13.015 116.908
13.017 117.075
13.020 117.141
13.089 116.894
13.120 117.192
13.250 116.984
13.355 117.091
13.395 117.035
13.403 116.971
13.493 117.050
13.918 116.908
14.491 117.118
14.496 116.928
14.595 116.940
14.933 116.994
15.002 117.285
15.044 117.078
15.083 117.043
15.227 116.905
15.373 116.902
15.387 116.953
15.412 117.268
15.449 116.902
15.695 116.624
15.812 117.037
15.968 116.856
16.005 116.938
16.014 116.934
16.051 116.936
16.118 116.794
16.231 117.025
16.358 116.855
16.424 117.237
16.540 116.660
16.578 117.121
16.914 116.800
16.922 117.005
17.071 116.906
17.074 116.753
17.418 117.046
17.818 117.102
17.935 117.008
18.125 116.584
18.414 116.847
18.513 116.849
18.971 116.760
19.163 116.732
19.203 116.742
19.218 116.645
19.344 117.034
19.473 116.931
19.502 116.649
19.633 116.710
19.680 116.785
19.882 116.657
19.891 116.817
19.899 116.617
20.036 116.864
20.114 116.575
20.149 116.419
20.215 116.860
20.304 116.752
20.401 116.797
20.471 116.549
20.601 116.780
20.606 116.710
20.621 117.018
21.105 116.920
21.205 116.994
21.538 116.906
21.548 116.549
21.673 116.463
21.732 116.844
21.932 116.905
21.983 117.160
22.039 116.835
22.067 116.379
22.071 116.958
22.074 116.769
22.121 116.657
22.158 116.884
22.179 116.506
22.248 116.888
22.488 116.731
22.711 117.049
22.769 116.703
22.907 116.910
22.995 116.833
23.138 116.982
23.140 117.054
23.228 117.131
23.288 116.605
23.375 116.744
23.456 116.551
23.459 116.773
23.494 116.514
23.584 116.852
23.617 116.531
23.627 116.910
23.653 116.539
23.752 116.407
23.816 116.432
23.868 116.922
24.063 116.603
24.105 116.894
24.329 116.409
24.340 116.877
24.468 116.689
24.482 116.448
24.513 116.785
24.516 117.121
24.527 116.422
24.570 116.747
24.661 116.416
25.031 116.440
25.054 116.299
25.056 116.705
25.225 116.471
25.432 116.355
25.470 116.929
25.531 117.131
25.544 117.038
25.595 116.843
25.620 116.995
25.636 116.377
25.638 116.598
25.807 116.511
26.013 116.906
26.073 116.688
26.138 116.227
26.236 116.712
26.284 116.505
26.295 116.972
26.458 116.897
26.573 116.632
26.653 116.592
26.732 116.531
26.786 116.253
26.796 116.811
26.809 116.234
26.860 116.487
26.919 116.788
26.979 116.518
27.017 116.498
27.041 116.629
27.065 116.591
27.078 116.450
27.079 116.966
27.164 116.508
27.178 116.483
27.196 116.855
27.221 116.593
27.318 116.601
27.336 116.399
27.346 116.152
27.418 116.456
27.450 116.707
27.486 116.504
27.564 116.941
27.596 116.688
27.648 116.994
27.925 116.702
27.951 116.786
27.997 116.559
28.025 116.522
28.035 116.764
28.046 116.530
28.067 116.792
28.124 116.545
28.242 116.374
28.281 116.303
28.289 116.688
28.291 116.248
28.301 116.261
28.316 116.406
28.347 116.689
28.354 116.531
28.355 116.750
28.355 116.370
28.395 116.569
28.416 116.307
28.526 116.733
28.574 116.897
28.583 116.561
28.599 116.546
28.611 116.233
28.664 116.366
28.674 116.682
28.707 116.909
28.711 116.915
28.718 116.284
28.851 116.250
28.858 116.420
28.977 116.551
28.981 116.372
28.986 117.026
29.034 116.547
29.036 116.231
29.102 116.766
29.126 116.719
29.130 116.217
29.141 116.411
29.194 116.276
29.243 116.314
29.260 116.650
29.278 116.429
29.309 116.900
29.373 116.571
29.445 116.485
29.462 116.832
29.477 116.652
29.510 116.605
29.545 116.751
29.594 116.762
29.686 116.361
29.742 116.355
29.761 116.111
29.795 116.921
29.800 116.681
29.875 116.337
29.882 116.875
29.942 116.678
29.973 116.702
30.034 116.302
30.120 116.538
30.174 116.713
30.209 116.305
30.269 116.579
30.269 116.482
30.275 116.605
30.285 116.454
30.360 116.136
30.368 116.256
30.598 116.371
30.601 116.857
30.616 116.653
30.696 116.979
30.780 116.218
30.787 116.453
30.801 117.204
30.815 116.926
30.820 116.759
30.873 116.459
30.903 116.212
30.940 116.319
30.951 116.480
30.964 116.294
30.976 116.317
30.980 116.707
30.983 116.785
30.988 116.559
31.005 116.549
31.024 116.780
31.146 116.281
31.177 116.300
31.184 116.539
31.292 116.710
31.302 116.278
31.330 116.260
31.363 116.484
31.380 116.401
31.559 116.584
31.566 116.471
31.578 116.652
31.646 116.635
31.670 117.030
31.751 116.394
31.841 116.919
31.845 116.353
31.883 117.129
31.960 116.403
32.013 116.285
32.033 116.467
32.085 116.767
32.123 116.436
32.141 116.225
32.149 116.529
32.171 116.771
32.261 116.569
32.274 116.586
32.298 116.584
32.326 117.060
32.335 116.207
32.354 116.721
32.384 116.373
32.448 116.556
32.458 116.640
32.464 116.377
32.466 116.311
32.467 116.581
32.478 117.049
32.483 116.217
32.535 116.348
32.569 116.508
32.579 116.718
32.640 116.873
32.729 116.677
32.738 116.407
32.756 116.404
32.786 116.940
32.812 116.561
32.817 116.433
32.922 116.825
32.951 116.505
33.011 116.549
33.016 116.598
33.023 116.851
33.026 116.335
33.030 116.418
33.037 116.860
33.060 116.423
33.118 116.804
33.125 116.200
33.130 116.422
33.140 116.305
33.196 116.205
33.214 116.365
33.332 116.459
33.365 116.504
33.403 116.070
33.421 116.379
33.446 116.418
33.499 116.537
33.521 116.448
33.544 116.539
33.651 116.529
33.748 116.489
33.783 116.467
33.950 116.352
33.983 116.366
34.002 116.496
34.036 116.335
34.054 116.412
34.077 116.330
34.115 116.298
34.156 116.303
34.169 116.571
34.215 116.451
34.243 116.541
34.262 116.711
34.268 116.624
34.275 116.536
34.305 116.362
34.346 116.523
34.346 116.727
34.371 116.234
34.375 116.293
34.407 116.819
34.441 116.534
34.491 116.614
34.657 116.332
34.676 116.554
34.755 116.771
34.765 116.442
34.780 116.361
34.800 116.432
34.918 116.261
34.925 116.307
34.948 116.277
34.969 116.037
34.972 116.556
35.101 116.356
35.104 116.220
35.120 116.753
35.189 116.471
35.189 116.713
35.226 116.271
35.282 116.630
35.312 116.449
35.355 116.333
35.401 116.446
35.437 116.183
35.457 116.350
35.561 116.527
35.570 116.301
35.608 116.419
35.623 116.410
35.624 116.771
35.678 116.509
35.731 116.297
35.743 116.309
35.810 116.323
35.813 116.507
35.879 116.285
35.920 116.308
35.944 116.308
35.965 116.545
36.064 116.432
36.080 116.444
36.084 116.428
36.151 116.227
36.180 116.532
36.207 116.304
36.242 116.518
36.256 116.208
36.299 116.264
36.303 116.374
36.382 116.230
36.386 116.524
36.397 116.342
36.425 116.140
36.452 116.228
36.487 116.295
36.498 116.534
36.502 116.323
36.518 116.353
36.546 116.469
36.550 116.428
36.712 116.704
36.712 116.603
36.714 116.373
36.716 116.202
36.725 116.353
36.738 116.484
36.761 116.300
36.774 116.445
36.775 116.587
36.778 116.551
36.783 116.353
36.819 116.576
36.904 116.556
36.946 116.466
36.977 116.253
36.979 116.391
37.004 116.572
37.103 116.339
37.114 116.175
37.116 116.401
37.120 116.214
37.161 116.166
37.163 115.926
37.203 116.332
37.266 116.447
37.268 116.372
37.274 116.291
37.286 116.601
37.332 116.436
37.397 116.454
37.399 116.553
37.422 116.281
37.502 116.368
37.505 116.235
37.513 116.465
37.517 116.277
37.535 116.405
37.536 116.494
37.536 116.456
37.594 116.263
37.608 116.379
37.652 116.415
37.654 116.098
37.663 116.433
37.675 116.341
37.705 116.226
37.721 116.484
37.761 116.298
37.794 116.439
37.839 116.357
37.947 116.493
38.019 116.602
38.021 116.328
38.031 116.353
38.032 116.369
38.058 116.242
38.068 116.204
38.073 116.231
38.081 116.755
38.128 116.478
38.149 116.420
38.160 116.626
38.186 116.577
38.226 116.417
38.279 116.404
38.296 116.604
38.323 116.388
38.389 116.152
38.411 116.657
38.418 116.682
38.429 116.415
38.496 116.215
38.499 116.513
38.561 116.514
38.610 115.997
38.689 116.642
38.695 116.321
38.801 116.163
38.892 116.315
38.899 116.630
38.917 116.365
38.940 116.277
38.950 116.231
38.956 116.480
39.154 116.369
39.190 116.306
39.192 116.530
39.209 116.180
39.212 116.116
39.260 116.130
39.352 116.273
39.373 116.427
39.419 116.643
39.421 116.441
39.474 116.253
39.474 116.349
39.495 116.353
39.502 116.693
39.552 116.284
39.574 116.361
39.596 116.417
39.596 116.343
39.642 116.338
39.663 116.380
39.683 116.255
39.697 116.470
39.719 116.562
39.750 116.367
39.777 116.410
39.843 116.286
39.860 116.755
39.863 116.581
39.878 116.256
39.957 116.342
39.982 116.257
40.048 116.413
40.083 116.586
40.092 116.476
40.098 116.519
40.176 116.616
40.196 116.301
40.210 116.496
40.210 116.636
40.255 116.475
40.333 116.631
40.410 116.163
40.426 116.323
40.428 116.259
40.488 116.240
40.488 116.213
40.558 116.113
40.617 116.513
40.621 116.375
40.624 116.690
40.627 116.602
40.668 116.412
40.673 116.144
40.736 116.498
40.738 116.057
40.767 116.470
40.852 116.504
40.883 116.496
40.942 116.333
41.003 116.380
41.013 116.274
41.018 116.335
41.059 116.102
41.061 116.289
41.062 116.766
41.073 116.713
41.108 116.643
41.131 116.619
41.232 116.491
41.245 116.754
41.279 116.432
41.422 116.562
41.434 116.541
41.458 116.450
41.477 116.273
41.550 116.696
41.635 116.466
41.650 116.351
41.657 116.369
41.673 116.349
41.715 116.318
41.787 116.481
41.810 116.467
41.837 116.476
41.885 116.361
41.894 116.662
41.897 116.787
41.926 116.392
41.941 116.336
42.029 116.400
42.122 116.438
42.254 116.572
42.284 116.685
42.388 116.519
42.510 116.377
42.523 116.484
42.531 116.418
42.563 116.393
42.599 116.516
42.654 116.697
42.666 116.650
42.669 116.419
42.676 116.638
42.694 116.572
42.697 116.527
42.781 116.130
42.839 116.661
42.864 116.429
42.947 116.405
42.952 116.512
42.990 116.520
43.035 116.575
43.048 116.468
43.058 116.582
43.059 116.428
43.297 116.500
43.323 116.362
43.373 116.498
43.399 116.680
43.429 116.263
43.811 116.486
43.876 116.186
43.890 116.237
44.001 116.388
44.006 116.653
44.030 116.370
44.047 116.358
44.257 116.343
44.340 116.369
44.422 116.240
44.462 116.487
44.464 116.668
44.529 116.664
44.615 116.467
44.822 116.351
44.852 116.674
44.913 116.691
44.955 116.320
45.006 116.348
45.050 116.499
45.215 116.556
45.294 116.549
45.305 116.438
45.412 116.624
45.448 116.623
45.487 116.368
45.558 116.343
45.730 116.250
45.834 116.249
45.875 116.418
46.094 116.545
46.140 116.378
46.298 116.269
46.471 116.414
46.534 116.605
46.631 116.535
46.721 116.238
46.914 116.334
46.934 116.577
46.945 116.240
46.946 116.479
47.089 116.269
47.194 116.519
47.239 116.410
47.437 116.393
47.551 116.423
47.689 116.343
47.760 116.558
47.924 116.456
48.012 116.282
48.101 116.485
48.115 116.415
48.137 116.539
48.139 116.363
48.195 116.328
48.240 116.597
48.623 116.524
48.753 116.356
48.855 116.695
48.859 116.411
48.863 116.264
48.900 116.724
49.099 116.522
49.128 116.582
49.265 116.212
49.291 116.275
49.622 116.602
49.709 116.565
49.969 116.641
50.003 116.400
50.531 116.829
50.593 116.130
50.639 116.605
50.653 116.153
50.678 116.739
50.860 116.643
51.021 116.591
51.048 116.262
51.179 116.729
51.216 116.572
51.218 116.370
51.280 116.400
51.486 116.607
51.995 116.605
52.017 116.549
52.124 116.663
52.470 116.386
52.576 116.343
52.619 116.311
52.714 116.576
52.896 116.526
52.956 116.464
53.385 116.346
53.604 116.482
53.812 116.301
53.964 116.552
54.130 116.798
54.544 116.315
55.150 116.450
55.331 116.508
55.383 116.236
55.460 116.585
55.503 116.343
55.864 116.702
55.910 116.387
55.967 116.394
56.454 116.492
56.785 116.536
57.254 116.596
57.417 116.450
58.738 116.576
59.421 116.643
59.423 116.333
60.175 117.132
60.257 116.564
63.552 116.587
64.171 116.458
65.635 116.463
66.308 116.999
66.673 116.801
66.847 116.783
67.067 116.644
68.090 116.788
68.429 116.861
73.386 116.714
73.473 116.893
74.275 116.491
75.183 116.747
76.949 116.580
77.092 116.758
92.990 117.153
109.024 117.098
122.190 116.714
354.520 117.253
493.929 117.214
